,zipcode,lat,long,state,state_code,community_name,community_code,coor,AKB Kitzingen,AKB Dortmund,AKB Zörbig,AKB Schöneck,AKB Buch,Mosolf Etzin,Mosolf Kippenheim,BLG Kelheim,BLG Duisburg,BLG Neuss,Carservice Erkens,ARS Altmann Wolnzach,CAT Zülpich,Autohaus Siebrecht,Neu: FleetParQ Essen ,Neu: FleetParQ Kassel
4674,67278,49.6067,8.1849,Rheinland-Pfalz,RP,Landkreis Bad Dürkheim,7332.0,"(49.6067, 8.1849)",212425.9,306734.0,491298.0,118599.3,287858.6,618754.0,196349.5,373676.1,285792.5,258036.5,296145.7,364315.1,218728.0,326357.2,294497.4,272404.5
4675,67280,49.576350000000005,8.1175,Rheinland-Pfalz,RP,Landkreis Bad Dürkheim,7332.0,"(49.576350000000005, 8.1175)",224986.3,321948.2,506512.2,126166.9,289025.9,633968.1,197516.8,374843.4,288904.6,261148.6,299257.8,365482.4,221840.1,341571.3,297609.5,287618.6
4676,67281,49.5365,8.192499999999999,Rheinland-Pfalz,RP,Landkreis Bad Dürkheim,7332.0,"(49.5365, 8.192499999999999)",222254.2,316562.3,501126.3,128427.6,283640.0,628582.2,172397.7,369457.5,299998.2,272242.2,310351.4,360096.6,232933.8,336185.4,327355.9,282232.7
4677,67283,49.5442,8.2044,Rheinland-Pfalz,RP,Landkreis Bad Dürkheim,7332.0,"(49.5442, 8.2044)",223164.4,317472.5,502036.5,129337.8,284550.2,629492.4,193041.1,370367.7,300908.4,273152.4,311261.6,361006.8,233844.0,337095.6,328266.1,283142.9
4678,67292,49.6625,8.0151,Rheinland-Pfalz,RP,Donnersbergkreis,7333.0,"(49.6625, 8.0151)",206351.4,305505.0,485720.7,107532.0,306431.5,613176.6,214922.3,392248.9,270269.6,242513.6,280622.8,382888.0,203205.2,320779.8,278974.5,266827.1
4679,67294,49.6854,8.040977777777776,Rheinland-Pfalz,RP,Donnersbergkreis,7333.0,"(49.6854, 8.040977777777776)",204459.4,303613.1,483828.8,105640.0,307569.1,611284.7,216060.0,393386.6,268377.7,240621.7,278730.9,384025.6,201313.3,318887.9,277082.6,264935.2
4680,67295,49.6392,8.0119,Rheinland-Pfalz,RP,Donnersbergkreis,7333.0,"(49.6392, 8.0119)",208973.9,308127.5,488343.2,110154.5,302952.8,615799.1,211443.6,388770.2,272892.1,245136.2,283245.4,379409.3,205827.7,323402.4,281597.1,269449.6
4681,67297,49.6328,8.04,Rheinland-Pfalz,RP,Donnersbergkreis,7333.0,"(49.6328, 8.04)",210098.2,309251.8,489467.5,111278.8,300701.4,616923.4,209192.2,386518.8,274016.5,246260.5,284369.7,377157.9,206952.0,324526.7,282721.4,270573.9
4682,67304,49.56945,8.043,Rheinland-Pfalz,RP,Donnersbergkreis,7333.0,"(49.56945, 8.043)",220041.1,319194.7,499410.5,121221.7,294535.4,626866.4,203026.3,380352.9,283959.4,256203.4,294312.6,370991.9,216894.9,334469.6,292664.3,280516.9
4683,67305,49.5369,8.0133,Rheinland-Pfalz,RP,Donnersbergkreis,7333.0,"(49.5369, 8.0133)",225568.2,329155.9,513719.9,126748.8,296233.6,641175.8,204724.5,382051.1,289486.4,261730.4,299839.6,372690.2,222422.0,348779.1,298191.3,294826.3
4684,67307,49.595,8.0508,Rheinland-Pfalz,RP,Donnersbergkreis,7333.0,"(49.595, 8.0508)",217778.2,316931.8,497147.5,118958.8,295627.6,624603.4,204118.5,381445.1,281696.4,253940.5,292049.7,372084.1,214632.0,332206.7,290401.4,278253.9
4685,67308,49.63040909090909,8.115427272727272,Rheinland-Pfalz,RP,Donnersbergkreis,7333.0,"(49.63040909090909, 8.115427272727272)",214836.1,313989.7,494205.4,116016.7,295321.8,621661.3,203812.7,381139.3,278754.3,250998.3,289107.5,371778.4,211689.9,329264.5,287459.2,275311.8
4686,67310,49.5356,8.0736,Rheinland-Pfalz,RP,Landkreis Bad Dürkheim,7332.0,"(49.5356, 8.0736)",230470.2,324778.3,509342.3,136643.6,291856.0,636798.2,200346.9,377673.5,290576.6,262820.6,300929.8,368312.6,223512.2,344401.4,299281.5,290448.7
4687,67311,49.5386,8.1039,Rheinland-Pfalz,RP,Landkreis Bad Dürkheim,7332.0,"(49.5386, 8.1039)",232918.4,327226.5,511790.5,139091.8,294304.2,639246.4,202795.1,380121.7,291747.7,263991.7,302100.9,370760.7,224683.3,346849.6,300452.6,292896.9
4688,67316,49.5039,8.0417,Rheinland-Pfalz,RP,Landkreis Bad Dürkheim,7332.0,"(49.5039, 8.0417)",235123.4,329431.5,513995.5,141296.8,296509.3,641451.5,205000.1,382326.7,298234.6,270478.6,308587.8,372965.8,231170.2,349054.7,306939.5,295102.0
4689,67317,49.5075,8.0733,Rheinland-Pfalz,RP,Landkreis Bad Dürkheim,7332.0,"(49.5075, 8.0733)",234769.4,329077.5,513641.5,140942.8,296155.2,641097.4,180726.2,381972.7,297880.6,270124.6,308233.8,372611.8,230816.2,348700.6,306585.5,294747.9
4690,67319,49.5217,8.0617,Rheinland-Pfalz,RP,Landkreis Bad Dürkheim,7332.0,"(49.5217, 8.0617)",230352.4,324660.5,509224.5,136525.8,291738.2,636680.4,200229.1,377555.7,293463.6,265707.6,303816.8,368194.7,226399.1,344283.6,302168.5,290330.9
4691,67346,49.3208,8.4311,Rheinland-Pfalz,RP,"Speyer, kreisfreie Stadt",7318.0,"(49.3208, 8.4311)",182680.1,320813.2,505377.2,132678.5,244819.8,632833.1,145349.8,330637.3,320792.0,293036.0,331145.2,321276.4,253727.5,340436.3,331606.8,286483.6
4692,67354,49.2954,8.407,Rheinland-Pfalz,RP,Rhein-Pfalz-Kreis,7338.0,"(49.2954, 8.407)",184479.1,322612.2,507176.2,134477.5,241398.4,634632.1,142205.1,332436.3,322303.9,294547.9,332657.1,323075.4,255239.4,342235.3,333405.8,288282.6
4693,67360,49.2539,8.3386,Rheinland-Pfalz,RP,Landkreis Germersheim,7334.0,"(49.2539, 8.3386)",193055.4,331188.5,515752.5,143053.8,236583.8,643208.4,137390.4,341012.6,329363.9,301607.9,339717.1,331651.7,262299.5,350811.6,341982.1,296858.9
4694,67361,49.2717,8.2719,Rheinland-Pfalz,RP,Landkreis Germersheim,7334.0,"(49.2717, 8.2719)",196550.3,334683.3,519247.3,146548.6,241020.7,646703.2,141827.4,344507.4,330307.3,302551.3,340660.5,335146.5,263242.8,354306.5,345476.9,300353.7
4695,67363,49.2448,8.2741,Rheinland-Pfalz,RP,Landkreis Germersheim,7334.0,"(49.2448, 8.2741)",197458.2,335591.3,520155.3,147456.6,237358.5,647611.2,138165.2,345415.4,333766.7,306010.7,344119.9,336054.4,266702.3,355214.4,346384.8,301261.7
4696,67365,49.27,8.3286,Rheinland-Pfalz,RP,Landkreis Germersheim,7334.0,"(49.27, 8.3286)",191107.9,329241.0,513805.0,141106.3,236040.5,641260.9,136847.1,339065.1,327416.4,299660.4,337769.6,329704.2,260352.0,348864.1,340034.6,294911.4
4697,67366,49.2595,8.2862,Rheinland-Pfalz,RP,Landkreis Germersheim,7334.0,"(49.2595, 8.2862)",194723.6,332856.7,517420.7,144722.0,239194.1,644876.6,140000.7,342680.8,331032.1,303276.1,341385.3,333319.9,263967.7,352479.8,343650.2,298527.1
4698,67368,49.2464,8.3236,Rheinland-Pfalz,RP,Landkreis Germersheim,7334.0,"(49.2464, 8.3236)",195157.9,333291.0,517855.0,145156.3,233870.1,645310.9,134676.8,343115.1,331466.4,303710.4,341819.6,333754.2,264402.0,352914.1,344084.6,298961.4
4699,67373,49.3186,8.3886,Rheinland-Pfalz,RP,Rhein-Pfalz-Kreis,7338.0,"(49.3186, 8.3886)",188584.7,328884.0,513448.0,140749.3,245411.0,640903.9,146217.6,336541.9,320780.5,293024.5,331133.7,327181.0,253716.0,348507.1,339677.6,294554.4
4700,67374,49.3167,8.3408,Rheinland-Pfalz,RP,Rhein-Pfalz-Kreis,7338.0,"(49.3167, 8.3408)",193050.5,333349.8,517913.8,145215.1,241396.0,645369.7,142202.6,341007.7,321349.9,293593.9,331703.1,331646.8,254285.4,352973.0,344143.4,299020.2
4701,67376,49.2942,8.345,Rheinland-Pfalz,RP,Rhein-Pfalz-Kreis,7338.0,"(49.2942, 8.345)",190054.9,328188.0,512752.0,140053.3,238412.9,640207.9,139219.6,338012.1,329188.8,301432.8,339542.0,328651.2,262124.4,347811.1,338981.6,293858.4
4702,67377,49.2911,8.2658,Rheinland-Pfalz,RP,Landkreis Südliche Weinstraße,7337.0,"(49.2911, 8.2658)",199387.6,344454.1,529018.1,156319.5,243810.6,656474.1,144617.3,347344.8,327694.0,299938.0,338047.2,337983.9,260629.6,364077.3,355247.7,310124.6
4703,67378,49.2328,8.2472,Rheinland-Pfalz,RP,Landkreis Germersheim,7334.0,"(49.2328, 8.2472)",199931.2,338064.3,522628.3,149929.6,231159.2,650084.2,131094.7,347888.4,331388.7,303632.8,341742.0,338527.4,264324.3,357687.4,348857.8,303734.7
4704,67433,49.3465,8.1491,Rheinland-Pfalz,RP,"Neustadt an der Weinstraße, kreisfreie Stadt",7316.0,"(49.3465, 8.1491)",215675.1,336051.8,520615.8,147917.1,249152.7,648071.7,149088.1,363632.3,319291.6,291535.6,329644.8,354271.4,252227.2,355674.9,346845.4,301722.2
4705,67434,49.3505,8.1363,Rheinland-Pfalz,RP,"Neustadt an der Weinstraße, kreisfreie Stadt",7316.0,"(49.3505, 8.1363)",216017.0,336393.6,520957.6,148258.9,250262.1,648413.6,150197.6,363974.2,319633.5,291877.5,329986.7,354613.2,252569.1,356016.8,347187.2,302064.1
4706,67435,49.3567,8.1378,Rheinland-Pfalz,RP,"Neustadt an der Weinstraße, kreisfreie Stadt",7316.0,"(49.3567, 8.1378)",215307.3,335684.0,520248.0,147549.3,253612.5,647703.9,153548.0,363264.5,318923.8,291167.8,329277.0,353903.6,251859.4,355307.1,346477.5,301354.4
4707,67454,49.3628,8.2581,Rheinland-Pfalz,RP,Landkreis Bad Dürkheim,7332.0,"(49.3628, 8.2581)",199945.3,330216.5,514780.5,142081.8,257390.8,642236.4,157326.2,347902.5,313456.4,285700.4,323809.6,338541.6,246391.9,349839.6,341010.1,295886.9
4708,67459,49.3806,8.3039,Rheinland-Pfalz,RP,Rhein-Pfalz-Kreis,7338.0,"(49.3806, 8.3039)",196184.7,328665.0,513229.0,140530.3,258324.5,640684.9,157068.5,344141.9,311904.8,284148.9,322258.1,334781.0,244840.4,348288.1,339458.6,294335.4
4709,67466,49.3705,8.0726,Rheinland-Pfalz,RP,Landkreis Bad Dürkheim,7332.0,"(49.3705, 8.0726)",222364.8,342741.4,527305.4,154606.7,257002.8,654761.3,156938.3,370322.0,325981.3,298225.3,336334.5,360961.0,258916.8,362364.5,353535.0,308411.8
4710,67468,49.4018,8.024133333333333,Rheinland-Pfalz,RP,Landkreis Bad Dürkheim,7332.0,"(49.4018, 8.024133333333333)",229899.6,350276.3,534840.3,162141.6,264537.7,662296.2,164473.2,377856.8,314838.2,287082.3,325191.5,368495.9,247773.8,369899.4,323543.2,315946.7
4711,67471,49.3667,7.9333,Rheinland-Pfalz,RP,Landkreis Bad Dürkheim,7332.0,"(49.3667, 7.9333)",238898.3,358597.8,543161.8,170463.2,273536.4,670617.8,173471.8,386855.5,319439.9,291683.9,329793.1,377494.6,252375.4,378221.0,328144.8,324268.3
4712,67472,49.3833,7.9833,Rheinland-Pfalz,RP,Landkreis Bad Dürkheim,7332.0,"(49.3833, 7.9833)",230431.2,350807.9,535371.9,162673.2,265069.3,662827.8,165004.7,378388.4,334047.7,306291.7,344400.9,369027.5,266983.3,370431.0,361601.5,316478.3
4713,67473,49.3803,8.0986,Rheinland-Pfalz,RP,Landkreis Bad Dürkheim,7332.0,"(49.3803, 8.0986)",221732.9,342109.6,526673.6,153974.9,256371.0,654129.5,156306.5,369690.1,325349.5,297593.5,335702.7,360329.2,258285.0,361732.7,352903.2,307780.0
4714,67475,49.4167,8.0,Rheinland-Pfalz,RP,Landkreis Bad Dürkheim,7332.0,"(49.4167, 8.0)",230961.7,350929.1,535493.1,162794.4,265599.8,662949.0,165535.2,378918.9,311771.1,284015.1,322124.4,369557.9,244706.7,370552.3,320476.1,316599.5
4715,67480,49.2839,8.1271,Rheinland-Pfalz,RP,Landkreis Südliche Weinstraße,7337.0,"(49.2839, 8.1271)",222141.1,342517.8,527081.8,154383.1,242651.6,654537.7,142587.0,370098.3,325757.6,298001.6,336110.8,360737.4,258693.2,362140.9,353311.3,308188.2
4716,67482,49.280825,8.2125,Rheinland-Pfalz,RP,Landkreis Südliche Weinstraße,7337.0,"(49.280825, 8.2125)",203475.2,341271.9,525835.9,153137.2,244320.5,653291.8,144255.9,351432.4,324511.8,296755.8,334865.0,342071.5,257447.3,360895.0,352065.5,306942.3
4717,67483,49.265166666666666,8.1661,Rheinland-Pfalz,RP,Landkreis Südliche Weinstraße,7337.0,"(49.265166666666666, 8.1661)",204766.7,344353.0,528917.0,156218.3,239544.1,656373.0,139479.5,352723.9,327592.9,299836.9,337946.1,343363.0,260528.5,363976.2,355146.6,310023.5
4718,67487,49.302800000000005,8.118500000000001,Rheinland-Pfalz,RP,Landkreis Südliche Weinstraße,7337.0,"(49.302800000000005, 8.118500000000001)",223350.8,343727.5,528291.5,155592.8,243861.3,655747.4,143796.7,371308.0,326967.3,299211.3,337320.5,361947.1,259902.9,363350.6,354521.0,309397.9
4719,67489,49.3019,8.1656,Rheinland-Pfalz,RP,Landkreis Südliche Weinstraße,7337.0,"(49.3019, 8.1656)",207566.5,341545.0,526109.0,153410.3,243229.5,653564.9,143164.9,355523.7,324784.8,297028.9,335138.1,346162.8,257720.4,361168.1,352338.6,307215.4
4720,67547,49.6326,8.3619,Rheinland-Pfalz,RP,"Worms, kreisfreie Stadt",7319.0,"(49.6326, 8.3619)",196017.5,290325.6,474889.6,102190.9,282286.0,602345.5,190776.9,368103.5,286170.5,258414.5,296523.7,358742.5,219106.1,309948.7,301119.2,255996.0
4721,67549,49.6356,8.3338,Rheinland-Pfalz,RP,"Worms, kreisfreie Stadt",7319.0,"(49.6356, 8.3338)",197795.7,292103.8,476667.8,103969.1,283574.7,604123.7,192065.5,369392.1,282769.3,255013.4,293122.6,360031.2,215704.9,311726.9,302897.4,257774.2
4722,67550,49.6356,8.3597,Rheinland-Pfalz,RP,"Worms, kreisfreie Stadt",7319.0,"(49.6356, 8.3597)",196238.6,290546.7,475110.7,102412.0,282507.1,602566.6,190998.0,368324.6,286402.5,258646.5,296755.7,358963.6,219338.1,310169.8,301340.3,256217.1
4723,67551,49.6163,8.2753,Rheinland-Pfalz,RP,"Worms, kreisfreie Stadt",7319.0,"(49.6163, 8.2753)",204014.8,298322.9,482886.9,110188.2,286871.0,610342.8,195361.9,372688.5,283837.8,256081.8,294191.0,363327.6,216773.4,317946.0,292542.8,263993.3
4724,67574,49.7038,8.3242,Rheinland-Pfalz,RP,Landkreis Alzey-Worms,7331.0,"(49.7038, 8.3242)",194701.7,283063.3,467627.3,95882.3,291686.6,595083.2,200177.4,377504.0,277568.1,249812.1,287921.3,368143.1,210503.7,302686.4,284182.9,248733.7
4725,67575,49.75,8.3989,Rheinland-Pfalz,RP,Landkreis Alzey-Worms,7331.0,"(49.75, 8.3989)",179645.5,273953.6,458517.6,85818.9,300343.4,585973.6,208834.3,386160.9,272022.1,252033.1,290142.3,376800.0,212724.7,293576.8,278551.4,239624.1
4726,67577,49.7681,8.3403,Rheinland-Pfalz,RP,Landkreis Alzey-Worms,7331.0,"(49.7681, 8.3403)",187086.8,281892.2,466456.1,88267.4,299534.3,593912.1,208025.2,385351.8,272839.9,245083.9,283193.1,375990.9,205775.5,301515.3,276568.0,247562.6
4727,67578,49.7778,8.375,Rheinland-Pfalz,RP,Landkreis Alzey-Worms,7331.0,"(49.7778, 8.375)",185518.6,280323.9,464887.9,86699.2,302436.7,592343.9,210927.6,388254.2,268470.5,248809.3,286918.5,378893.3,209500.9,299947.1,274999.8,245994.4
4728,67580,49.7323,8.4327,Rheinland-Pfalz,RP,Landkreis Alzey-Worms,7331.0,"(49.7323, 8.4327)",178652.6,272960.7,457524.7,84826.0,290303.0,584980.6,198793.9,376120.5,277224.9,263059.1,301168.3,366759.5,223750.6,292583.8,283754.3,238631.1
4729,67582,49.74,8.3258,Rheinland-Pfalz,RP,Landkreis Alzey-Worms,7331.0,"(49.74, 8.3258)",190356.4,285161.7,469725.7,91537.0,296085.9,597181.6,204576.8,381903.4,281134.2,253378.2,291487.4,372542.4,214069.7,304784.8,279837.6,250832.1
4730,67583,49.7975,8.3456,Rheinland-Pfalz,RP,Landkreis Mainz-Bingen,7339.0,"(49.7975, 8.3456)",183643.2,278448.6,463012.6,84823.9,303652.0,590468.5,212142.9,389469.5,266595.1,248326.2,286435.4,380108.5,209017.7,298071.7,273124.4,244119.0
4731,67585,49.7686,8.2697,Rheinland-Pfalz,RP,Landkreis Mainz-Bingen,7339.0,"(49.7686, 8.2697)",189753.1,284558.4,469122.4,90933.7,302794.3,596578.3,211285.2,388611.8,267526.1,239770.1,277879.3,379250.9,200461.6,304181.5,279234.3,250228.8
4732,67586,49.7764,8.2561,Rheinland-Pfalz,RP,Landkreis Mainz-Bingen,7339.0,"(49.7764, 8.2561)",188340.9,283146.2,467710.2,89521.5,302861.2,595166.2,211352.1,388678.7,267592.9,239836.9,277946.1,379317.7,200528.5,302769.4,277822.1,248816.7
4733,67587,49.7786,8.2803,Rheinland-Pfalz,RP,Landkreis Mainz-Bingen,7339.0,"(49.7786, 8.2803)",188341.2,283146.5,467710.5,89521.8,304288.9,595166.5,212779.8,390106.4,269020.7,241264.7,279373.9,380745.5,201956.2,302769.7,277822.4,248817.0
4734,67590,49.6372,8.2119,Rheinland-Pfalz,RP,Landkreis Alzey-Worms,7331.0,"(49.6372, 8.2119)",216429.6,303727.3,488291.3,115592.6,286857.5,615747.2,195348.4,372675.0,280423.3,252667.3,290776.5,363314.1,213358.9,323350.5,289128.2,269397.7
4735,67591,49.6283,8.2232,Rheinland-Pfalz,RP,Landkreis Alzey-Worms,7331.0,"(49.6283, 8.2232)",207402.3,301710.4,486274.4,113575.7,284840.6,613730.3,193331.4,370658.0,284686.8,256930.8,295040.0,361297.1,217622.4,321333.5,293391.7,267380.8
4736,67592,49.6755,8.2089,Rheinland-Pfalz,RP,Landkreis Alzey-Worms,7331.0,"(49.6755, 8.2089)",208815.5,308044.6,488184.9,109996.2,293226.3,615640.8,201717.1,379043.7,272809.2,245053.2,283162.4,369682.8,205744.8,323244.0,281514.1,269291.3
4737,67593,49.69315,8.23585,Rheinland-Pfalz,RP,Landkreis Alzey-Worms,7331.0,"(49.69315, 8.23585)",209304.2,308533.2,488673.5,110484.8,294724.2,616129.4,203215.1,380541.7,273297.8,245541.8,283651.0,371180.7,206233.4,323732.6,282002.7,269779.9
4738,67595,49.7278,8.2922,Rheinland-Pfalz,RP,Landkreis Alzey-Worms,7331.0,"(49.7278, 8.2922)",194680.1,283041.7,467605.7,95860.7,295430.4,595061.6,203921.3,381247.9,277647.2,249891.2,288000.4,371886.9,210582.7,302664.8,284161.3,248712.1
4739,67596,49.7518,8.2408,Rheinland-Pfalz,RP,Landkreis Alzey-Worms,7331.0,"(49.7518, 8.2408)",198514.3,293319.6,477883.6,99694.9,301654.7,605339.5,210145.6,387472.2,266824.3,239068.3,277177.5,378111.3,199759.8,312942.7,287995.5,258990.0
4740,67598,49.6961,8.2025,Rheinland-Pfalz,RP,Landkreis Alzey-Worms,7331.0,"(49.6961, 8.2025)",205409.0,304638.0,484778.3,106589.6,291497.4,612234.2,199988.3,377314.9,269402.6,241646.6,279755.8,367953.9,202338.2,319837.4,278107.5,265884.7
4741,67599,49.6758,8.2378,Rheinland-Pfalz,RP,Landkreis Alzey-Worms,7331.0,"(49.6758, 8.2378)",210844.7,310073.7,490214.0,112025.3,288906.1,617669.9,197397.0,374723.6,274838.3,247082.3,285191.5,365362.7,207773.9,325273.1,283543.2,271320.4
4742,67655,49.4425,7.7659,Rheinland-Pfalz,RP,"Kaiserslautern, kreisfreie Stadt",7312.0,"(49.4425, 7.7659)",241168.3,340322.0,520537.7,142349.0,316773.8,647993.6,225264.7,402591.3,305086.6,277330.6,315439.8,393230.4,238022.2,355596.8,313791.5,301644.1
4743,67657,49.4495,7.7948,Rheinland-Pfalz,RP,"Kaiserslautern, kreisfreie Stadt",7312.0,"(49.4495, 7.7948)",239064.5,338218.1,518433.8,140245.1,314670.0,645889.7,223160.8,400487.4,302982.7,275226.8,313336.0,391126.5,235918.3,353493.0,311687.7,299540.2
4744,67659,49.4467,7.7609,Rheinland-Pfalz,RP,"Kaiserslautern, kreisfreie Stadt",7312.0,"(49.4467, 7.7609)",240921.0,340074.7,520290.4,142101.7,316526.5,647746.3,225017.4,402344.0,304839.3,277083.3,315192.5,392983.1,237774.9,355349.5,313544.2,301396.8
4745,67661,49.4126,7.7107,Rheinland-Pfalz,RP,Landkreis Kaiserslautern,7335.0,"(49.4126, 7.7107)",252063.7,351217.4,531433.1,153244.3,327357.5,658889.0,235848.4,413175.0,315982.0,288226.0,326335.2,403814.1,248917.6,366492.2,324686.9,312539.5
4746,67663,49.436,7.7503,Rheinland-Pfalz,RP,"Kaiserslautern, kreisfreie Stadt",7312.0,"(49.436, 7.7503)",242298.2,341451.8,521667.5,143478.8,317903.7,649123.4,226394.5,403721.1,306216.5,278460.5,316569.7,394360.2,239152.0,356726.7,314921.4,302774.0
4747,67677,49.4833,7.9,Rheinland-Pfalz,RP,Landkreis Kaiserslautern,7335.0,"(49.4833, 7.9)",233760.4,339094.5,523658.5,134941.0,306172.3,651114.5,214663.1,391989.7,297678.7,269922.7,308031.9,382628.8,230614.3,358717.7,306383.6,304765.0
4748,67678,49.4914,7.8547,Rheinland-Pfalz,RP,Landkreis Kaiserslautern,7335.0,"(49.4914, 7.8547)",233901.6,333055.3,513271.0,135082.2,310106.9,640726.9,218597.7,395924.3,297819.9,270063.9,308173.1,386563.4,230755.5,348330.1,306524.8,294377.4
4749,67680,49.5167,7.9167,Rheinland-Pfalz,RP,Landkreis Kaiserslautern,7335.0,"(49.5167, 7.9167)",235614.7,334768.3,514984.0,136795.3,311038.5,642439.9,219529.4,396856.0,299532.9,271777.0,309886.2,387495.0,232468.5,350043.2,308237.9,296090.4
4750,67681,49.5197,7.8596,Rheinland-Pfalz,RP,Landkreis Kaiserslautern,7335.0,"(49.5197, 7.8596)",232690.7,331844.3,512060.0,133871.3,313967.0,639516.0,222457.8,399784.4,296609.0,268853.0,306962.2,390423.5,229544.5,347119.2,305313.9,293166.5
4751,67685,49.494725,7.61925,Rheinland-Pfalz,RP,Landkreis Kaiserslautern,7335.0,"(49.494725, 7.61925)",255356.4,354510.1,534725.8,156537.0,330650.3,662181.7,239141.1,416467.7,319274.7,291518.7,329627.9,407106.8,226663.7,369784.9,327979.6,315832.2
4752,67686,49.4667,7.5833,Rheinland-Pfalz,RP,Landkreis Kaiserslautern,7335.0,"(49.4667, 7.5833)",255519.0,354672.7,534888.4,156699.7,330812.9,662344.3,239303.7,416630.3,319437.3,291681.3,329790.5,407269.4,221518.1,369947.5,328142.2,315994.8
4753,67688,49.4728,7.6579,Rheinland-Pfalz,RP,Landkreis Kaiserslautern,7335.0,"(49.4728, 7.6579)",250904.9,350058.5,530274.2,152085.5,326198.7,657730.1,234689.6,412016.2,314823.1,287067.1,325176.3,402655.2,247758.7,365333.3,323528.0,311380.6
4754,67691,49.4421,7.895,Rheinland-Pfalz,RP,Landkreis Kaiserslautern,7335.0,"(49.4421, 7.895)",248975.9,343284.0,527848.0,155149.3,310361.7,655303.9,176162.1,396179.2,304126.0,276370.0,314479.2,386818.2,237061.5,362907.1,312830.9,308954.4
4755,67693,49.425,7.9,Rheinland-Pfalz,RP,Landkreis Kaiserslautern,7335.0,"(49.425, 7.9)",252513.3,346821.4,531385.3,158686.7,313899.1,658841.3,179699.5,399716.6,307663.4,279907.4,318016.6,390355.6,240598.9,366444.5,316368.3,312491.8
