,zipcode,lat,long,state,state_code,community_name,community_code,coor,AKB Kitzingen,AKB Dortmund,AKB Zörbig,AKB Schöneck,AKB Buch,Mosolf Etzin,Mosolf Kippenheim,BLG Kelheim,BLG Duisburg,BLG Neuss,Carservice Erkens,ARS Altmann Wolnzach,CAT Zülpich,Autohaus Siebrecht,Neu: FleetParQ Essen ,Neu: FleetParQ Kassel
4182,59889,51.2673,8.2351,Nordrhein-Westfalen,NW,Hochsauerlandkreis,5958.0,"(51.2673, 8.2351)",313005.6,81731.1,372116.7,188679.9,507936.2,491862.5,414269.5,547582.4,160812.2,149684.2,187786.3,555275.3,171835.4,149191.9,118382.9,139396.8
4183,59909,51.3608,8.4008,Nordrhein-Westfalen,NW,Hochsauerlandkreis,5958.0,"(51.3608, 8.4008)",323322.9,81488.7,353617.2,178032.5,518253.5,453632.3,403622.1,529082.9,160569.8,149441.8,187543.9,536775.8,196030.3,130692.4,118140.5,120897.3
4184,59929,51.3946,8.5715,Nordrhein-Westfalen,NW,Hochsauerlandkreis,5958.0,"(51.3946, 8.5715)",291981.5,96636.4,322275.8,181706.4,486912.1,441980.2,407296.0,497741.5,175717.5,164589.4,202691.6,505434.4,211178.0,99351.1,133288.1,89555.9
4185,59939,51.3561,8.489,Nordrhein-Westfalen,NW,Hochsauerlandkreis,5958.0,"(51.3561, 8.489)",302031.0,89474.7,332325.2,171291.8,496961.6,450443.4,396881.4,507791.0,168555.8,157427.7,195529.9,515483.8,204016.3,109400.5,126126.5,99605.4
4186,59955,51.1925,8.5347,Nordrhein-Westfalen,NW,Hochsauerlandkreis,5958.0,"(51.1925, 8.5347)",275414.9,109048.7,324834.4,151089.1,470345.5,473314.0,376678.7,478252.1,188129.8,177001.7,215103.8,485945.0,186560.5,114518.7,145700.4,92114.5
4187,59964,51.1971,8.7063,Nordrhein-Westfalen,NW,Hochsauerlandkreis,5958.0,"(51.1971, 8.7063)",274495.0,117261.7,309050.7,150169.2,469425.6,427208.3,375758.8,484516.4,196342.8,185214.7,223316.9,492209.2,231803.3,98735.0,153913.5,76330.8
4188,59969,51.10235,8.62325,Hessen,HE,Landkreis Waldeck-Frankenberg,6635.0,"(51.10235, 8.62325)",259389.5,124332.3,325019.3,135063.8,454320.1,443177.0,360653.4,462226.8,203413.4,192285.3,230387.5,469919.6,193975.5,115860.0,160984.1,91984.0
4189,60306,50.1159,8.6702,Hessen,HE,"Frankfurt am Main, Stadt",6412.0,"(50.1159, 8.6702)",133813.0,228458.4,413022.4,21892.9,328743.6,540478.3,235697.2,336650.2,250259.7,231362.4,283400.3,344343.1,220044.7,248081.5,256789.1,194128.8
4190,60308,50.1125,8.6529,Hessen,HE,"Frankfurt am Main, Stadt",6412.0,"(50.1125, 8.6529)",145501.1,226717.9,411281.9,23674.5,340431.7,538737.8,233956.7,348338.4,248519.2,229621.9,281659.8,356031.2,218304.2,246341.0,255048.5,192388.3
4191,60310,50.1107,8.673,Hessen,HE,"Frankfurt am Main, Stadt",6412.0,"(50.1107, 8.673)",133073.1,228823.0,413387.0,22103.4,328003.7,540842.9,236061.8,335910.4,250624.3,231727.0,283764.9,343603.2,220409.3,248446.1,257153.6,194493.4
4192,60311,50.1112,8.6831,Hessen,HE,"Frankfurt am Main, Stadt",6412.0,"(50.1112, 8.6831)",133005.6,226162.7,410726.7,21294.9,327936.1,538182.6,233823.8,335842.8,251526.5,232629.1,284667.0,343535.7,221311.4,245785.8,258055.8,191833.1
4193,60312,,,,,,,"(nan, nan)",0.0,0.0,0.0,0.0,0.0,0.0,0.0,0.0,0.0,0.0,0.0,0.0,0.0,0.0,0.0,0.0
4194,60313,50.1153,8.6823,Hessen,HE,"Frankfurt am Main, Stadt",6412.0,"(50.1153, 8.6823)",133560.3,224005.2,408569.2,20923.7,328490.9,536025.1,236646.9,336397.6,251536.5,232639.1,284677.0,344090.5,221321.4,243628.3,258065.8,189675.6
4195,60314,50.1137,8.7119,Hessen,HE,"Frankfurt am Main, Stadt",6412.0,"(50.1137, 8.7119)",133529.6,227284.5,411848.5,22416.7,328460.2,539304.4,240300.2,336366.8,259067.7,240170.4,292208.3,344059.7,228852.7,246907.6,265597.0,192954.9
4196,60316,50.1209,8.6966,Hessen,HE,"Frankfurt am Main, Stadt",6412.0,"(50.1209, 8.6966)",134981.6,225125.7,409689.7,20257.9,329912.2,537145.6,241752.2,337818.8,252326.8,233429.4,285467.3,345511.7,222111.8,244748.8,258856.1,190796.1
4197,60318,50.1252,8.6865,Hessen,HE,"Frankfurt am Main, Stadt",6412.0,"(50.1252, 8.6865)",133797.6,222643.0,407206.9,19827.1,328728.2,534662.9,240445.1,336634.9,251354.6,232457.2,284495.1,344327.7,221139.5,242266.1,257883.9,188313.4
4198,60320,50.139,8.6725,Hessen,HE,"Frankfurt am Main, Stadt",6412.0,"(50.139, 8.6725)",138690.8,221262.1,405826.1,20063.0,333621.4,533282.0,239385.7,341528.1,250295.1,231397.8,283435.7,349220.9,220080.1,240885.2,256824.5,186932.5
4199,60322,50.125,8.6762,Hessen,HE,"Frankfurt am Main, Stadt",6412.0,"(50.125, 8.6762)",134610.6,227490.5,412054.5,21871.3,329541.2,539510.4,239377.4,337447.9,250286.8,231389.5,283427.4,345140.7,220071.8,247113.6,256816.1,193160.9
4200,60323,50.1219,8.6655,Hessen,HE,"Frankfurt am Main, Stadt",6412.0,"(50.1219, 8.6655)",135060.7,223360.4,407924.4,22015.3,329991.3,535380.3,235858.5,337898.0,250614.7,231717.4,283755.3,345590.9,220399.7,242983.5,257144.1,189030.8
4201,60325,50.1155,8.6596,Hessen,HE,"Frankfurt am Main, Stadt",6412.0,"(50.1155, 8.6596)",139128.3,227730.8,412294.8,23716.1,334058.8,539750.7,234969.6,341965.5,249532.2,230634.8,282672.7,349658.4,219317.1,247353.9,256061.5,193401.2
4202,60326,50.1025,8.6299,Hessen,HE,"Frankfurt am Main, Stadt",6412.0,"(50.1025, 8.6299)",144955.7,226172.5,410736.5,25317.6,339886.3,538192.4,233411.3,347793.0,245371.2,226473.8,278511.7,355485.9,215156.1,245795.6,251900.5,191842.9
4203,60327,50.1038,8.6522,Hessen,HE,"Frankfurt am Main, Stadt",6412.0,"(50.1038, 8.6522)",139395.3,227799.8,412363.8,24163.3,334325.9,539819.7,235038.6,342232.5,246521.8,227624.5,279662.4,349925.4,216306.8,247422.9,253051.2,193470.2
4204,60329,50.1074,8.6663,Hessen,HE,"Frankfurt am Main, Stadt",6412.0,"(50.1074, 8.6663)",133875.5,228309.5,412873.5,22763.7,328806.1,540329.4,235548.3,336712.7,250110.9,231213.5,283251.4,344405.6,219895.8,247932.7,256640.2,193979.9
4205,60385,50.1253,8.7108,Hessen,HE,"Frankfurt am Main, Stadt",6412.0,"(50.1253, 8.7108)",133696.9,226432.9,410996.9,21565.1,328627.5,538452.8,240467.5,336534.1,252500.9,233603.6,285641.5,344227.0,222285.9,246056.0,259030.3,192103.3
4206,60386,50.1268,8.7554,Hessen,HE,"Frankfurt am Main, Stadt",6412.0,"(50.1268, 8.7554)",134139.9,228159.3,412723.3,14945.6,329070.4,540179.2,240910.5,336977.1,259678.0,240780.6,292818.5,344670.0,229463.0,247782.5,266207.3,193829.7
4207,60388,50.1506,8.7537,Hessen,HE,"Frankfurt am Main, Stadt",6412.0,"(50.1506, 8.7537)",140668.4,228189.6,412753.6,12675.9,335599.0,540209.5,244539.0,343505.6,263306.5,244409.2,296447.1,351198.5,233091.5,247812.7,269835.9,193860.0
4208,60389,50.1383,8.7116,Hessen,HE,"Frankfurt am Main, Stadt",6412.0,"(50.1383, 8.7116)",135380.6,225071.4,409635.4,16018.2,330311.2,537091.3,242151.2,338217.9,253722.5,234825.1,286863.0,345910.7,223507.4,244694.5,260251.8,190741.8
4209,60431,50.1457,8.6549,Hessen,HE,"Frankfurt am Main, Stadt",6412.0,"(50.1457, 8.6549)",142317.5,221086.4,405650.4,19887.3,337248.1,533106.3,239441.0,345154.8,250350.4,231453.1,283491.0,352847.6,220135.4,240709.5,256879.8,186756.8
4210,60433,50.1605,8.6684,Hessen,HE,"Frankfurt am Main, Stadt",6412.0,"(50.1605, 8.6684)",142326.3,222027.6,406591.6,19896.1,337256.9,534047.5,251031.7,345163.5,253402.4,234505.0,286542.9,352856.4,223187.3,241650.7,259931.7,187698.0
4211,60435,50.1544,8.6912,Hessen,HE,"Frankfurt am Main, Stadt",6412.0,"(50.1544, 8.6912)",140677.4,220378.7,404942.7,18247.2,335608.0,532398.6,249382.8,343514.6,253171.8,234274.5,286312.4,351207.5,222956.8,240001.8,259701.2,186049.1
4212,60437,50.1924,8.6753,Hessen,HE,"Frankfurt am Main, Stadt",6412.0,"(50.1924, 8.6753)",147810.3,216552.4,401116.4,15775.2,342740.9,528572.3,245556.5,350647.6,256735.3,237838.0,289875.9,358340.4,226520.3,236175.5,263264.7,182222.8
4213,60438,50.1787,8.632,Hessen,HE,"Frankfurt am Main, Stadt",6412.0,"(50.1787, 8.632)",144318.2,216910.6,401474.6,21888.0,339248.8,528930.5,245914.7,347155.5,257093.5,238196.2,290234.0,354848.3,226878.5,236533.7,263622.8,182581.0
4214,60439,50.1605,8.6337,Hessen,HE,"Frankfurt am Main, Stadt",6412.0,"(50.1605, 8.6337)",145383.3,217975.6,402539.6,22953.1,340313.9,529995.6,246979.7,348220.6,258158.6,239261.2,291299.1,355913.4,227943.6,237598.8,264687.9,183646.1
4215,60486,50.1162,8.6365,Hessen,HE,"Frankfurt am Main, Stadt",6412.0,"(50.1162, 8.6365)",144453.3,225670.1,410234.1,24151.5,339383.9,537690.0,232908.9,347290.6,247471.4,228574.1,280611.9,354983.4,217256.4,245293.2,254000.7,191340.5
4216,60487,50.1257,8.6414,Hessen,HE,"Frankfurt am Main, Stadt",6412.0,"(50.1257, 8.6414)",148481.9,225050.6,409614.6,22839.4,343412.5,537070.5,236937.5,351319.2,247846.9,228949.6,280987.4,359012.0,217631.9,244673.7,254376.2,190721.0
4217,60488,50.1416,8.6155,Hessen,HE,"Frankfurt am Main, Stadt",6412.0,"(50.1416, 8.6155)",148245.0,224813.6,409377.6,26130.0,343175.5,536833.5,236700.5,351082.2,247609.9,228712.6,280750.5,358775.1,217394.9,244436.7,254139.3,190484.0
4218,60489,50.1252,8.6088,Hessen,HE,"Frankfurt am Main, Stadt",6412.0,"(50.1252, 8.6088)",146074.6,223957.0,408521.0,26598.5,341005.1,535976.9,234530.1,348911.8,246753.4,227856.0,279893.9,356604.7,216538.3,243580.2,253282.7,189627.4
4219,60528,50.0837,8.644,Hessen,HE,"Frankfurt am Main, Stadt",6412.0,"(50.0837, 8.644)",136010.4,230270.4,414834.4,25859.4,330941.0,542290.3,229447.6,338847.6,245950.7,227053.3,279091.2,346540.5,215735.6,249893.5,252480.0,195940.8
4220,60529,50.0841,8.5916,Hessen,HE,"Frankfurt am Main, Stadt",6412.0,"(50.0841, 8.5916)",140967.5,232277.1,416841.1,42148.1,335898.1,544297.0,229423.1,343804.8,242026.6,223129.2,275167.1,351497.6,211811.5,251900.2,248555.9,197947.5
4221,60549,50.0413,8.5702,Hessen,HE,"Frankfurt am Main, Stadt",6412.0,"(50.0413, 8.5702)",141570.2,235489.2,420053.2,42750.8,336500.8,547509.1,231009.7,344407.4,239700.2,220802.9,272840.8,352100.3,209485.2,255112.3,246229.6,201159.6
4222,60594,50.1039,8.6886,Hessen,HE,"Frankfurt am Main, Stadt",6412.0,"(50.1039, 8.6886)",131590.5,226806.6,411370.6,21938.8,326521.0,538826.6,233262.3,334427.7,251248.6,232351.2,284389.1,342120.6,221033.5,246429.8,257777.9,192477.1
4223,60596,50.0974,8.6735,Hessen,HE,"Frankfurt am Main, Stadt",6412.0,"(50.0974, 8.6735)",132387.1,229463.3,414027.3,23151.6,327317.7,541483.2,231938.9,335224.3,249925.2,231027.8,283065.7,342917.2,219710.2,249086.4,256454.5,195133.7
4224,60598,50.09,8.6816,Hessen,HE,"Frankfurt am Main, Stadt",6412.0,"(50.09, 8.6816)",130389.2,231188.9,415752.9,24392.0,325319.8,543208.9,232491.9,333226.5,250478.1,231580.8,283618.7,340919.3,220263.1,250812.1,257007.5,196859.4
4225,60599,50.096,8.7111,Hessen,HE,"Frankfurt am Main, Stadt",6412.0,"(50.096, 8.7111)",134830.3,231342.5,415906.5,26474.7,329760.9,543362.4,241600.9,337667.5,260368.4,241471.1,293509.0,345360.4,230153.4,250965.6,266897.7,197012.9
4226,61118,50.1787,8.7376,Hessen,HE,Wetteraukreis,6440.0,"(50.1787, 8.7376)",140440.8,226185.6,410749.6,11152.6,335371.4,538205.5,247211.4,343278.0,266368.5,247471.2,299509.1,350970.9,236153.5,245808.7,272897.9,191856.0
4227,61130,50.2381,8.867,Hessen,HE,Main-Kinzig-Kreis,6435.0,"(50.2381, 8.867)",138562.9,222125.2,406776.4,4888.9,333493.5,534232.4,262245.7,341400.1,266608.6,244895.7,299749.2,349093.0,248039.4,241835.6,244082.7,187882.9
4228,61137,50.2056,8.8333,Hessen,HE,Main-Kinzig-Kreis,6435.0,"(50.2056, 8.8333)",136830.1,226689.0,411340.3,0.0,331760.7,538796.2,258876.1,339667.4,271172.5,249459.6,304313.0,347360.3,244669.8,246399.4,248646.5,192446.7
4229,61138,50.1942,8.8,Hessen,HE,Main-Kinzig-Kreis,6435.0,"(50.1942, 8.8)",139585.9,230357.8,414921.8,5088.6,334516.5,542377.8,254532.1,342423.2,270540.8,251643.4,303681.3,350116.0,240325.8,249981.0,277070.1,196028.3
4230,61169,50.3374,8.7559,Hessen,HE,Wetteraukreis,6440.0,"(50.3374, 8.7559)",159673.4,198287.1,382851.1,21109.9,354604.0,510307.0,260265.9,362510.7,242770.6,221057.7,275911.1,370203.6,230979.3,217910.3,220244.6,163957.6
4231,61184,50.2302,8.7716,Hessen,HE,Wetteraukreis,6440.0,"(50.2302, 8.7716)",146029.7,217850.8,402414.8,7928.5,340960.2,529870.7,256250.0,348866.9,262334.2,240621.3,295474.8,356559.8,242043.7,237473.9,239808.2,183521.2
4232,61191,50.293075,8.69645,Hessen,HE,Wetteraukreis,6440.0,"(50.293075, 8.69645)",157396.4,203944.1,388508.1,20650.9,352327.0,515964.1,253406.5,360233.7,248427.6,226714.7,281568.1,367926.5,205629.8,223567.3,225901.6,169614.6
4233,61194,50.2833,8.8333,Hessen,HE,Wetteraukreis,6440.0,"(50.2833, 8.8333)",147792.7,217356.6,396257.3,14383.4,342723.2,523713.2,265880.8,350629.9,261840.0,240127.1,294980.6,358322.8,218104.0,231316.4,239314.1,177363.7
4234,61197,50.3287,8.9167,Hessen,HE,Wetteraukreis,6440.0,"(50.3287, 8.9167)",147062.1,206883.5,391534.7,20468.6,341992.7,518990.7,281953.7,349899.3,251366.9,229654.0,284507.5,357592.2,239575.6,226593.9,228841.0,172641.2
4235,61200,50.4,8.8167,Hessen,HE,Wetteraukreis,6440.0,"(50.4, 8.8167)",163690.5,195436.7,380087.9,39364.8,358621.1,507543.8,270166.9,366527.8,239920.1,218207.2,273060.6,374220.7,228128.8,215147.1,217394.1,161194.3
4236,61203,50.3564,8.8745,Hessen,HE,Wetteraukreis,6440.0,"(50.3564, 8.8745)",153448.9,204792.0,389443.3,22661.9,348379.5,516899.2,271385.8,356286.2,249275.4,227562.5,282416.0,363979.1,237484.1,224502.4,226749.5,170549.7
4237,61206,50.2833,8.7667,Hessen,HE,Wetteraukreis,6440.0,"(50.2833, 8.7667)",148124.9,210307.5,394871.5,14715.7,343055.5,522327.4,259769.9,350962.1,254791.0,233078.0,287931.5,358655.0,211993.1,229930.6,232265.0,175977.9
4238,61209,50.3889,8.8861,Hessen,HE,Wetteraukreis,6440.0,"(50.3889, 8.8861)",154785.6,199333.4,383984.7,28015.5,349716.2,511440.6,273430.9,357622.8,243816.9,222104.0,276957.4,365315.7,232025.6,219043.8,221290.9,165091.1
4239,61231,50.3646,8.7386,Hessen,HE,Wetteraukreis,6440.0,"(50.3646, 8.7386)",158329.3,195089.3,379653.3,24920.1,353259.9,507109.2,267326.0,361166.6,239572.8,217859.8,272713.3,368859.4,227781.4,214712.4,217046.8,160759.7
4240,61239,50.3735,8.6909,Hessen,HE,Wetteraukreis,6440.0,"(50.3735, 8.6909)",168589.7,191926.3,376490.3,35969.7,363520.3,503946.2,264599.8,371426.9,236409.7,214696.8,269550.3,379119.8,224618.4,211549.4,213883.7,157596.7
4241,61250,50.3355,8.5369,Hessen,HE,Hochtaunuskreis,6434.0,"(50.3355, 8.5369)",166534.6,189148.2,390266.4,44104.4,361465.2,517722.3,262914.1,369371.8,221543.1,202645.7,254683.6,377064.7,191328.0,225325.5,228072.4,171372.8
4242,61267,50.3167,8.5,Hessen,HE,Hochtaunuskreis,6434.0,"(50.3167, 8.5)",167323.6,192526.0,394697.6,44893.4,362254.2,522153.5,263703.2,370160.9,219293.7,200396.4,252434.3,377853.7,189078.7,229756.7,225823.1,175804.0
4243,61273,50.3,8.5667,Hessen,HE,Hochtaunuskreis,6434.0,"(50.3, 8.5667)",161164.4,211091.7,395655.7,32105.8,356094.9,523111.7,257543.9,364001.6,226663.5,207766.1,259804.0,371694.5,196448.4,230714.9,233192.8,176762.2
4244,61276,50.3333,8.4167,Hessen,HE,Hochtaunuskreis,6434.0,"(50.3333, 8.4167)",176900.2,190095.5,403147.0,54470.0,371830.8,530603.0,273279.7,379737.4,215958.3,197061.0,249098.8,387430.3,185743.3,238206.2,222487.6,184253.5
4245,61279,50.3902,8.4569,Hessen,HE,Hochtaunuskreis,6434.0,"(50.3902, 8.4569)",175681.9,180027.4,393384.7,53251.7,370612.5,520840.6,272061.5,378519.2,219190.7,200293.4,252331.2,386212.0,188975.7,228443.8,225720.0,174491.1
4246,61348,50.2265,8.612,Hessen,HE,Hochtaunuskreis,6434.0,"(50.2265, 8.612)",150075.8,216117.3,400681.3,27645.6,345006.4,528137.2,246455.4,352913.1,257634.2,238736.9,290774.8,360605.9,227419.2,235740.4,264163.6,181787.7
4247,61350,50.2377,8.6024,Hessen,HE,Hochtaunuskreis,6434.0,"(50.2377, 8.6024)",152265.1,209244.4,393808.3,29834.9,347195.7,521264.3,248644.7,355102.4,233300.7,214403.4,266441.3,362795.2,203085.7,228867.5,239830.1,174914.8
4248,61352,50.2167,8.6167,Hessen,HE,Hochtaunuskreis,6434.0,"(50.2167, 8.6167)",150219.6,216261.1,400825.1,27789.4,345150.2,528281.0,246599.2,353056.9,257778.0,238880.7,290918.6,360749.7,227563.0,235884.2,264307.4,181931.5
4249,61381,50.2496,8.6428,Hessen,HE,Hochtaunuskreis,6434.0,"(50.2496, 8.6428)",152294.0,208152.4,392716.4,19377.3,347224.5,520172.3,250289.0,355131.2,252635.8,230922.9,285776.4,362824.1,208193.0,227775.5,230109.8,173822.8
4250,61389,50.2667,8.45,Hessen,HE,Hochtaunuskreis,6434.0,"(50.2667, 8.45)",166828.4,221351.6,405915.6,44398.2,361759.0,533371.6,263208.0,369665.7,219907.9,201010.5,253048.4,377358.5,189692.9,240974.8,226437.2,187022.1
4251,61440,50.2073,8.5775,Hessen,HE,Hochtaunuskreis,6434.0,"(50.2073, 8.5775)",152970.5,219011.9,403575.9,30540.2,347901.0,531031.9,249350.0,355807.7,228028.2,209130.8,261168.7,363500.6,197813.1,238635.1,234557.5,184682.4
4252,61449,50.1648,8.5706,Hessen,HE,Hochtaunuskreis,6434.0,"(50.1648, 8.5706)",150013.6,224352.4,408916.4,36217.7,344944.2,536372.3,238469.2,352850.9,246179.5,227282.1,279320.0,360543.7,215964.4,243975.5,252708.8,190022.8
4253,61462,50.177025,8.466225,Hessen,HE,Hochtaunuskreis,6434.0,"(50.177025, 8.466225)",157969.7,227618.3,412182.3,39146.6,352900.3,539638.2,246425.2,360806.9,219583.9,200686.5,252724.4,368499.8,189368.9,247241.4,226113.2,193288.7
4254,61476,50.1789,8.5134,Hessen,HE,Hochtaunuskreis,6434.0,"(50.1789, 8.5134)",152348.6,225414.7,409978.6,36943.0,347279.1,537434.6,240804.1,355185.8,222965.8,204068.4,256106.3,362878.7,192750.7,245037.8,229495.1,191085.1
4255,61479,50.2167,8.4,Hessen,HE,Hochtaunuskreis,6434.0,"(50.2167, 8.4)",166246.1,202917.0,419018.4,45982.7,361176.7,546474.3,254701.6,369083.3,212182.1,193284.8,245322.7,376776.2,181967.1,254077.5,218711.4,200124.8
4256,63065,50.1054,8.762,Hessen,HE,"Offenbach am Main, Stadt",6413.0,"(50.1054, 8.762)",132260.3,228990.8,413554.8,16478.9,327190.9,541010.7,239030.9,335097.6,257798.5,238901.1,290939.0,342790.4,227583.4,248613.9,264327.8,194661.2
4257,63067,50.1069,8.7344,Hessen,HE,"Offenbach am Main, Stadt",6413.0,"(50.1069, 8.7344)",130904.2,227416.4,411980.4,22548.6,325834.7,539436.3,237674.8,333741.4,256442.3,237544.9,289582.8,341434.3,226227.3,247039.5,262971.6,193086.8
4258,63069,50.0894,8.7494,Hessen,HE,"Offenbach am Main, Stadt",6413.0,"(50.0894, 8.7494)",127912.2,229765.1,414329.1,24897.2,322842.8,541785.0,237015.3,330749.5,255782.8,236885.5,288923.4,338442.3,225567.8,249388.2,262312.2,195435.5
4259,63071,50.0993,8.7852,Hessen,HE,"Offenbach am Main, Stadt",6413.0,"(50.0993, 8.7852)",124288.6,230886.2,415450.2,15593.6,319219.2,542906.2,239905.3,327125.8,258672.8,239775.5,291813.3,334818.7,228457.8,250509.4,265202.1,196556.7
4260,63073,50.1,8.7667,Hessen,HE,"Offenbach am Main, Stadt",6413.0,"(50.1, 8.7667)",125993.3,229914.8,414478.8,16618.8,320923.8,541934.7,238431.5,328830.5,257199.0,238301.7,290339.5,336523.4,226984.0,249537.9,263728.3,195585.2
4261,63075,50.123,8.7921,Hessen,HE,"Offenbach am Main, Stadt",6413.0,"(50.123, 8.7921)",127553.7,247441.1,418811.0,12612.2,322484.3,546266.9,243234.3,330390.9,262001.8,243104.5,295142.4,338083.8,231786.8,253870.1,268531.2,199917.4
4262,63110,50.0263,8.8859,Hessen,HE,Offenbach,6438.0,"(50.0263, 8.8859)",114604.4,246474.9,417844.7,35971.1,309534.9,545300.6,247729.2,317441.6,266496.7,247599.4,299637.3,325134.5,236281.7,252903.9,273026.0,198951.1
4263,63128,50.0098,8.7778,Hessen,HE,Offenbach,6438.0,"(50.0098, 8.7778)",122810.1,241583.2,426147.2,36715.4,317740.7,553603.1,241220.7,325647.3,259988.2,241090.9,293128.7,333340.2,229773.2,261206.4,266517.5,207253.6
