,zipcode,lat,long,state,state_code,community_name,community_code,coor,AKB Kitzingen,AKB Dortmund,AKB Zörbig,AKB Schöneck,AKB Buch,Mosolf Etzin,Mosolf Kippenheim,BLG Kelheim,BLG Duisburg,BLG Neuss,Carservice Erkens,ARS Altmann Wolnzach,CAT Zülpich,Autohaus Siebrecht,Neu: FleetParQ Essen ,Neu: FleetParQ Kassel
3936,56329,50.1488,7.7072,Rheinland-Pfalz,RP,Rhein-Hunsrück-Kreis,7140.0,"(50.1488, 7.7072)",226894.2,237090.5,497558.3,128074.8,362247.2,625014.3,270738.1,429731.4,201855.1,174099.2,212208.4,438703.8,134790.7,332617.5,210560.1,278664.8
3937,56330,50.3023,7.4561,Rheinland-Pfalz,RP,Landkreis Mayen-Koblenz,7137.0,"(50.3023, 7.4561)",262828.4,202371.2,480614.0,161344.9,396607.3,608069.9,305098.2,465665.7,167135.8,139379.8,177489.0,473358.5,100071.4,315673.1,175840.7,261720.4
3938,56332,50.26249090909091,7.443727272727273,Rheinland-Pfalz,RP,Landkreis Mayen-Koblenz,7137.0,"(50.26249090909091, 7.443727272727273)",268449.0,207991.7,486234.5,166965.5,392465.2,613690.4,300956.0,471286.2,172756.3,145000.4,183109.6,478979.1,105691.9,321293.6,181461.3,267340.9
3939,56333,50.3167,7.5167,Rheinland-Pfalz,RP,Landkreis Mayen-Koblenz,7137.0,"(50.3167, 7.5167)",257488.6,203443.7,475274.2,156005.2,399886.3,602730.1,308377.2,460325.9,168208.3,140452.3,178561.5,468018.7,101143.9,310333.3,176913.2,256380.6
3940,56335,50.3836,7.7096,Rheinland-Pfalz,RP,Westerwaldkreis,7143.0,"(50.3836, 7.7096)",233153.1,197272.2,450938.7,131669.6,428083.7,578394.6,314062.7,435990.4,169708.0,150810.7,202848.5,443683.2,121886.8,285997.8,176237.3,232045.1
3941,56337,50.382375,7.720025,Rheinland-Pfalz,RP,Westerwaldkreis,7143.0,"(50.382375, 7.720025)",234766.8,198885.8,452552.3,133283.3,429697.4,580008.2,315676.4,437604.0,171321.7,152424.3,204462.2,445296.9,123500.5,287611.4,177851.0,233658.7
3942,56338,50.2736,7.6451,Rheinland-Pfalz,RP,Rhein-Lahn-Kreis,7141.0,"(50.2736, 7.6451)",252113.9,199587.7,469899.5,150630.5,394906.9,597355.4,303397.8,454951.2,185795.0,158039.0,196148.2,462644.1,118730.5,304958.6,178552.9,251005.9
3943,56340,50.24395,7.6466,Rheinland-Pfalz,RP,Rhein-Lahn-Kreis,7141.0,"(50.24395, 7.6466)",255647.7,203121.5,473433.2,154164.2,391381.1,600889.1,299872.0,458484.9,189328.7,161572.7,199681.9,466177.8,122264.3,308492.4,182086.6,254539.6
3944,56341,50.2315,7.60425,Rheinland-Pfalz,RP,Rhein-Lahn-Kreis,7141.0,"(50.2315, 7.60425)",252126.5,225830.3,483583.0,153307.2,385098.5,611039.0,293589.3,470915.9,190594.9,162838.9,200948.1,461555.0,123530.5,318642.2,199299.8,264689.5
3945,56346,50.18056666666666,7.6879,Rheinland-Pfalz,RP,Rhein-Lahn-Kreis,7141.0,"(50.18056666666666, 7.6879)",224496.9,225503.7,473797.4,122752.9,371440.2,601253.3,279931.1,427334.2,204135.2,176379.2,214488.5,447896.8,137070.8,308856.6,204468.8,254903.8
3946,56348,50.147850000000005,7.732483333333334,Rheinland-Pfalz,RP,Rhein-Lahn-Kreis,7141.0,"(50.147850000000005, 7.732483333333334)",217436.4,240631.5,488391.1,115692.4,364031.7,615847.0,272522.5,420273.6,205396.2,177640.2,215749.4,440488.2,138331.7,323450.2,214101.1,269497.5
3947,56349,50.0883,7.7607,Rheinland-Pfalz,RP,Rhein-Lahn-Kreis,7141.0,"(50.0883, 7.7607)",212094.0,246383.8,483048.7,110350.1,351301.0,610504.7,259791.9,414931.3,211148.5,183392.5,221501.7,427757.6,144084.0,318107.9,219853.4,264155.2
3948,56355,50.2108,7.821219999999999,Rheinland-Pfalz,RP,Rhein-Lahn-Kreis,7141.0,"(50.2108, 7.821219999999999)",207434.9,218833.7,478389.6,105690.9,378742.0,605845.5,287232.9,410272.1,204951.6,177195.6,215304.8,417965.0,137887.2,313448.7,197798.9,259496.0
3949,56357,50.202769696969696,7.804657575757576,Rheinland-Pfalz,RP,Rhein-Lahn-Kreis,7141.0,"(50.202769696969696, 7.804657575757576)",208430.9,224023.0,479385.6,106686.9,379738.1,606841.5,288228.9,411268.1,203247.2,175491.2,213600.4,418961.0,136182.8,314444.7,202988.1,260492.0
3950,56368,50.26767142857143,7.945371428571428,Rheinland-Pfalz,RP,Rhein-Lahn-Kreis,7141.0,"(50.26767142857143, 7.945371428571428)",207216.7,219039.3,439598.2,105733.2,402147.3,567054.2,288126.3,410054.0,191475.1,172577.8,224615.7,417746.8,161260.1,274657.4,198004.4,220704.7
3951,56370,50.27251875,7.96281875,Rheinland-Pfalz,RP,Rhein-Lahn-Kreis,7141.0,"(50.27251875, 7.96281875)",205614.9,218210.1,437996.4,104131.4,400545.5,565452.3,286524.5,408452.1,190646.0,171748.6,223786.5,416145.0,160430.9,273055.6,197175.3,219102.8
3952,56377,50.30535,7.7966,Rheinland-Pfalz,RP,Rhein-Lahn-Kreis,7141.0,"(50.30535, 7.7966)",211088.3,204794.2,453087.9,109344.3,382395.5,580543.9,290886.3,413925.5,177230.0,158332.7,210370.5,421618.4,133056.3,288147.1,183759.3,234194.4
3953,56379,50.33055294117647,7.852135294117647,Rheinland-Pfalz,RP,Rhein-Lahn-Kreis,7141.0,"(50.33055294117647, 7.852135294117647)",224263.4,203761.1,442049.0,122780.0,419194.0,569504.9,305173.0,427100.7,176196.9,157299.5,209337.4,434793.5,145981.9,277108.1,182726.2,223155.4
3954,56410,50.4359,7.8232,Rheinland-Pfalz,RP,Westerwaldkreis,7143.0,"(50.4359, 7.8232)",222427.7,186151.0,440213.2,120944.2,417358.2,567669.1,303337.2,425264.9,158586.8,139689.5,191727.4,432957.8,128371.8,275272.3,165116.1,221319.6
3955,56412,50.40653,7.868689999999999,Rheinland-Pfalz,RP,Westerwaldkreis,7143.0,"(50.40653, 7.868689999999999)",217960.7,192754.5,435746.2,116477.2,412891.3,563202.1,298870.3,420797.9,165190.3,146293.0,198330.9,428490.8,134975.3,270805.4,171719.6,216852.6
3956,56414,50.47852666666667,7.93598,Rheinland-Pfalz,RP,Westerwaldkreis,7143.0,"(50.47852666666667, 7.93598)",217670.6,161892.2,427658.3,116187.2,412601.2,555114.3,298580.2,420507.9,167912.6,149015.2,201053.1,428200.7,137697.5,262717.5,174441.9,208764.8
3957,56422,50.4719,7.7984,Rheinland-Pfalz,RP,Westerwaldkreis,7143.0,"(50.4719, 7.7984)",224926.8,181086.7,442712.3,123443.3,419857.4,570168.3,305836.4,427764.1,153522.6,134625.2,186663.1,435456.9,129021.7,277771.5,160051.9,223818.8
3958,56424,50.4735,7.82572,Rheinland-Pfalz,RP,Westerwaldkreis,7143.0,"(50.4735, 7.82572)",224428.2,183075.4,442213.7,122944.7,419358.8,569669.7,305337.8,427265.4,155511.2,136613.9,188651.8,434958.3,132513.2,277272.9,162040.6,223320.2
3959,56427,50.4864,7.7797,Rheinland-Pfalz,RP,Westerwaldkreis,7143.0,"(50.4864, 7.7797)",228060.4,178852.2,445845.9,126576.9,422991.0,573301.8,308970.0,430897.6,151288.0,132390.6,184428.5,438590.5,126787.2,280905.0,157817.3,226952.3
3960,56428,50.4667,7.7833,Rheinland-Pfalz,RP,Westerwaldkreis,7143.0,"(50.4667, 7.7833)",226234.5,180166.6,444020.1,124751.1,421165.1,571476.0,307144.1,429071.8,152602.4,133705.1,185743.0,436764.7,129216.1,279079.2,159131.8,225126.5
3961,56457,50.577666666666666,7.9714,Rheinland-Pfalz,RP,Westerwaldkreis,7143.0,"(50.577666666666666, 7.9714)",231871.7,149314.4,425054.8,118376.0,426802.3,552510.8,312781.3,434708.9,178462.1,159564.7,211602.6,442401.8,148247.0,260114.0,184991.4,206161.3
3962,56459,50.560447619047615,7.945109523809523,Rheinland-Pfalz,RP,Westerwaldkreis,7143.0,"(50.560447619047615, 7.945109523809523)",225989.4,153955.1,429695.6,124505.9,420920.0,557151.5,306899.0,428826.7,177177.7,158280.4,210318.3,436519.5,146962.7,264754.7,183707.0,210802.0
3963,56462,50.6167,7.9833,Rheinland-Pfalz,RP,Westerwaldkreis,7143.0,"(50.6167, 7.9833)",239885.4,146498.1,422238.6,115559.7,434816.0,549694.5,312935.8,442722.7,181565.4,162668.1,214705.9,450415.6,151350.4,257297.7,188094.7,203345.0
3964,56470,50.6495,7.9496,Rheinland-Pfalz,RP,Westerwaldkreis,7143.0,"(50.6495, 7.9496)",242144.8,144422.7,424497.9,117819.1,437075.4,551953.8,326984.5,444982.0,171066.8,167193.2,204207.4,452674.9,154160.0,259557.1,166380.1,205604.3
3965,56472,50.64981,7.96961,Rheinland-Pfalz,RP,Westerwaldkreis,7143.0,"(50.64981, 7.96961)",241847.5,144125.4,424200.7,117521.8,436778.1,551656.6,327670.0,444684.8,188608.9,166895.9,221749.4,452377.7,154845.4,259259.8,166082.9,205307.1
3966,56477,50.6417,8.073825,Rheinland-Pfalz,RP,Westerwaldkreis,7143.0,"(50.6417, 8.073825)",233216.5,137466.5,415569.6,108890.7,428147.0,543025.5,311683.7,436053.7,181950.0,160237.1,215090.5,443746.6,170158.7,250628.7,159424.0,196676.0
3967,56479,50.61869444444444,8.075666666666667,Rheinland-Pfalz,RP,Westerwaldkreis,7143.0,"(50.61869444444444, 8.075666666666667)",234214.1,140910.7,416567.2,109888.4,429144.7,544023.2,307949.0,437051.4,185394.1,163681.2,218534.7,444744.2,158852.2,251626.4,162868.1,197673.7
3968,56564,50.4326,7.463,Rheinland-Pfalz,RP,Landkreis Neuwied,7138.0,"(50.4326, 7.463)",251882.3,174808.7,469667.8,150398.8,446812.8,597123.7,332791.8,454719.5,147244.5,135431.1,173540.3,462412.4,96122.6,304726.9,153773.8,250774.2
3969,56566,50.4369,7.5452,Rheinland-Pfalz,RP,Landkreis Neuwied,7138.0,"(50.4369, 7.5452)",245535.0,178085.8,463320.5,144051.5,440465.6,590776.4,326444.6,448372.2,150521.6,142610.5,180719.7,456065.1,103302.1,298379.6,157050.9,244426.9
3970,56567,50.4565,7.4693,Rheinland-Pfalz,RP,Landkreis Neuwied,7138.0,"(50.4565, 7.4693)",253046.1,171519.6,470831.6,151562.6,447976.7,598287.5,333955.6,455883.3,143955.4,125058.1,177096.0,463576.2,98948.6,305890.7,150484.8,251938.0
3971,56575,50.4172,7.4507,Rheinland-Pfalz,RP,Landkreis Mayen-Koblenz,7137.0,"(50.4172, 7.4507)",252684.5,179156.1,470470.1,151201.1,447615.1,597926.0,333594.1,455521.8,160690.8,132934.8,171044.0,463214.7,93626.3,305529.2,158121.2,251576.5
3972,56579,50.51353333333333,7.502,Rheinland-Pfalz,RP,Landkreis Neuwied,7138.0,"(50.51353333333333, 7.502)",255559.9,163304.4,473345.4,154076.4,450490.5,611971.9,336469.5,458397.1,135740.2,116842.8,168880.7,466090.0,108212.9,308404.6,142269.5,254451.9
3973,56581,50.51036666666666,7.472166666666666,Rheinland-Pfalz,RP,Landkreis Neuwied,7138.0,"(50.51036666666666, 7.472166666666666)",257513.3,165257.8,475298.9,156029.9,452443.9,613925.4,338422.9,460350.6,137693.6,118796.3,170834.2,468043.5,110352.0,310358.0,144223.0,256405.3
3974,56584,50.508325,7.566675,Rheinland-Pfalz,RP,Landkreis Neuwied,7138.0,"(50.508325, 7.566675)",246614.3,167291.8,464399.9,145130.8,441544.9,591855.8,327523.9,449451.6,139727.6,120830.3,172868.2,457144.4,113722.2,299459.0,146257.0,245506.3
3975,56587,50.5464,7.524133333333334,Rheinland-Pfalz,RP,Landkreis Neuwied,7138.0,"(50.5464, 7.524133333333334)",250309.2,158053.6,468094.7,148825.7,445239.7,606721.2,331218.7,453146.4,130489.4,111592.1,163630.0,460839.3,104484.0,303153.8,137018.8,249201.1
3976,56588,50.55,7.4167,Rheinland-Pfalz,RP,Landkreis Neuwied,7138.0,"(50.55, 7.4167)",263589.0,161806.0,481374.5,162105.5,458519.6,610473.6,344498.6,466426.2,134241.8,115344.5,167382.4,474119.1,83400.3,316433.6,140771.2,262480.9
3977,56589,50.5236,7.41885,Rheinland-Pfalz,RP,Landkreis Neuwied,7138.0,"(50.5236, 7.41885)",261735.5,161102.3,479521.0,160252.0,456666.1,609769.9,342645.1,464572.7,133538.1,114640.8,166678.7,472265.6,84770.4,314580.2,140067.4,260627.4
3978,56593,50.59308571428572,7.515385714285714,Rheinland-Pfalz,RP,Landkreis Altenkirchen,7132.0,"(50.59308571428572, 7.515385714285714)",252540.3,160980.3,470325.8,151056.8,447470.9,609647.8,333449.9,455377.5,133416.1,114518.7,166556.6,463070.4,107410.6,305385.0,139945.4,251432.3
3979,56594,50.5691,7.5275,Rheinland-Pfalz,RP,Landkreis Altenkirchen,7132.0,"(50.5691, 7.5275)",248604.4,157044.4,466389.9,147120.9,443535.0,605711.9,329514.0,451441.7,129480.2,110582.9,162620.7,459134.5,103474.7,301449.1,136009.5,247496.4
3980,56598,50.49165,7.34165,Rheinland-Pfalz,RP,Landkreis Neuwied,7138.0,"(50.49165, 7.34165)",264270.4,154965.2,482055.9,162786.9,459201.0,603632.8,345180.0,467107.7,127401.0,114711.2,152820.4,474800.5,75402.8,317115.1,133930.4,263162.4
3981,56599,50.45,7.3833,Rheinland-Pfalz,RP,Landkreis Neuwied,7138.0,"(50.45, 7.3833)",257714.0,159370.2,475499.5,156230.5,452644.5,602955.4,338623.5,460551.2,131806.0,115564.3,159533.2,468244.1,82115.6,310558.6,138335.3,256605.9
3982,56626,50.4311,7.4042,Rheinland-Pfalz,RP,Landkreis Mayen-Koblenz,7137.0,"(50.4311, 7.4042)",256775.9,182896.3,474561.4,155292.4,451706.5,602017.3,337685.5,459613.1,159156.6,131400.6,169509.9,467306.0,92092.2,309620.5,161861.5,255667.8
3983,56630,50.3957,7.3625,Rheinland-Pfalz,RP,Landkreis Mayen-Koblenz,7137.0,"(50.3957, 7.3625)",263238.6,187964.6,481024.2,161755.1,409431.8,608480.1,317922.7,466075.9,152729.3,124973.3,163082.5,473768.7,85664.8,316083.3,161434.2,262130.6
3984,56637,50.3926,7.3925,Rheinland-Pfalz,RP,Landkreis Mayen-Koblenz,7137.0,"(50.3926, 7.3925)",258589.9,190052.8,476375.4,157106.4,406500.4,603831.4,314991.3,461427.1,154817.5,127061.5,165170.7,469120.0,87753.1,311434.6,163522.4,257481.9
3985,56642,50.3833,7.3333,Rheinland-Pfalz,RP,Landkreis Mayen-Koblenz,7137.0,"(50.3833, 7.3333)",263588.3,187387.7,481373.9,162104.9,409781.5,608829.8,318272.4,466425.6,152152.3,124396.3,162505.5,474118.5,85087.9,316433.0,160857.2,262480.3
3986,56645,50.4142,7.3273,Rheinland-Pfalz,RP,Landkreis Mayen-Koblenz,7137.0,"(50.4142, 7.3273)",261947.8,189110.7,479733.4,160464.4,412353.8,607189.3,320844.7,464785.1,153875.4,126119.4,164228.6,472478.0,86810.9,314792.5,162580.3,260839.8
3987,56648,50.3833,7.4167,Rheinland-Pfalz,RP,Landkreis Mayen-Koblenz,7137.0,"(50.3833, 7.4167)",261695.2,193129.0,479480.7,160211.7,407888.4,606936.6,316379.2,464532.4,157893.6,130137.6,168246.9,472225.3,90829.2,314539.9,166598.6,260587.1
3988,56651,50.44868333333333,7.1919,Rheinland-Pfalz,RP,Landkreis Ahrweiler,7131.0,"(50.44868333333333, 7.1919)",282562.3,173404.0,500347.9,181078.9,428755.5,622071.5,337246.4,485399.6,138168.6,110412.6,148521.8,493092.4,71104.2,330611.9,146873.5,281454.3
3989,56653,50.42776666666666,7.25,Rheinland-Pfalz,RP,Landkreis Ahrweiler,7131.0,"(50.42776666666666, 7.25)",274999.0,181251.0,492784.5,173515.5,421192.2,629918.6,329683.0,477836.2,146015.7,118259.7,156368.9,485529.1,78951.2,327843.6,154720.6,273890.9
3990,56656,50.483,7.3291,Rheinland-Pfalz,RP,Landkreis Ahrweiler,7131.0,"(50.483, 7.3291)",265383.4,156254.6,483169.0,163899.9,460314.0,610624.9,346293.0,468220.7,145175.9,117419.9,155529.1,475913.5,78111.5,318228.1,135219.7,264275.4
3991,56659,50.4546,7.2772,Rheinland-Pfalz,RP,Landkreis Ahrweiler,7131.0,"(50.4546, 7.2772)",272048.3,174352.9,489833.8,170564.8,424552.7,623020.5,333043.6,474885.5,139117.5,111361.5,149470.7,482578.4,72053.1,324893.0,147822.5,270940.3
3992,56727,50.33156666666667,7.190933333333334,Rheinland-Pfalz,RP,Landkreis Mayen-Koblenz,7137.0,"(50.33156666666667, 7.190933333333334)",278762.1,192450.8,496547.7,177278.7,425179.3,624003.6,333670.2,481599.4,157215.4,129459.4,167568.7,489292.2,90151.0,331606.8,165920.4,277654.1
3993,56729,50.3365375,7.087162500000001,Rheinland-Pfalz,RP,Landkreis Mayen-Koblenz,7137.0,"(50.3365375, 7.087162500000001)",288652.3,203108.7,506437.8,187168.8,435069.5,633893.7,343560.3,491489.5,167873.3,140117.3,178226.5,499182.4,79800.5,341496.9,176578.2,287544.2
3994,56736,50.35,7.25,Rheinland-Pfalz,RP,Landkreis Mayen-Koblenz,7137.0,"(50.35, 7.25)",274146.7,186627.8,491932.2,172663.2,420339.9,635295.4,328830.7,476983.9,151392.4,123636.4,161745.6,484676.8,84328.0,326991.3,160097.4,273038.6
3995,56743,50.3618,7.2801,Rheinland-Pfalz,RP,Landkreis Mayen-Koblenz,7137.0,"(50.3618, 7.2801)",272032.0,184513.1,489817.5,170548.5,418225.2,633180.7,326716.1,474869.2,149277.8,121521.8,159631.0,482562.1,82213.3,324876.7,157982.7,270924.0
3996,56745,50.39828,7.166,Rheinland-Pfalz,RP,Landkreis Mayen-Koblenz,7137.0,"(50.39828, 7.166)",280801.7,185089.4,498587.2,179318.2,426994.9,633756.9,335485.7,483638.9,149854.0,122098.0,160207.2,491331.8,82789.6,333646.3,158558.9,279693.6
3997,56746,50.42556666666667,7.098033333333333,Rheinland-Pfalz,RP,Landkreis Ahrweiler,7131.0,"(50.42556666666667, 7.098033333333333)",283907.1,188194.8,501692.6,182423.6,430100.3,636862.4,338591.2,486744.4,152959.5,125203.5,163312.7,494437.2,85895.0,336751.8,161664.4,282799.1
3998,56751,50.28325,7.286625,Rheinland-Pfalz,RP,Landkreis Mayen-Koblenz,7137.0,"(50.28325, 7.286625)",271137.8,195919.6,488923.4,169654.3,417555.0,616379.3,326045.9,473975.1,160684.2,132928.2,171037.4,481667.9,93619.8,323982.5,169389.1,270029.8
3999,56753,50.28174,7.31062,Rheinland-Pfalz,RP,Landkreis Mayen-Koblenz,7137.0,"(50.28174, 7.31062)",270194.4,196834.4,487979.9,168710.9,416611.6,615435.8,325102.4,473031.6,161599.0,133843.0,171952.3,480724.5,94534.6,323039.0,170304.0,269086.3
4000,56754,50.2205,7.261083333333333,Rheinland-Pfalz,RP,Landkreis Cochem-Zell,7135.0,"(50.2205, 7.261083333333333)",284422.2,206541.2,502207.8,182938.8,410263.1,629663.7,318754.0,487259.5,171305.9,143549.9,181659.1,494952.4,104241.4,337266.9,180010.8,283314.2
4001,56759,50.23954,7.08904,Rheinland-Pfalz,RP,Landkreis Cochem-Zell,7135.0,"(50.23954, 7.08904)",288732.7,210851.7,506518.2,187249.2,435149.9,633974.2,343640.8,491569.9,175616.3,147860.3,185969.5,499262.8,108551.9,341577.4,184321.2,287624.7
4002,56761,50.23870909090909,7.162790909090909,Rheinland-Pfalz,RP,Landkreis Cochem-Zell,7135.0,"(50.23870909090909, 7.162790909090909)",284826.2,206945.2,502611.7,183342.7,431243.4,630067.7,339734.3,487663.4,171709.8,143953.8,182063.0,495356.3,104645.4,337670.9,180414.7,283718.2
4003,56766,50.20854,6.97254,Rheinland-Pfalz,RP,Landkreis Cochem-Zell,7135.0,"(50.20854, 6.97254)",297349.6,219468.6,515135.1,195866.1,443766.8,642591.1,307733.7,500186.9,184233.2,156477.2,194586.4,507879.7,85223.0,350194.3,192938.1,296241.6
4004,56767,50.25563636363636,6.992063636363636,Rheinland-Pfalz,RP,Vulkaneifel,7233.0,"(50.25563636363636, 6.992063636363636)",298240.5,220359.5,516026.1,196757.0,444657.7,643482.0,353148.6,501077.8,185124.1,157368.1,195477.3,508770.6,83045.2,351085.2,193829.0,297132.5
4005,56769,50.27915,7.004175,Rheinland-Pfalz,RP,Vulkaneifel,7233.0,"(50.27915, 7.004175)",298226.6,202671.5,516012.2,196743.2,444643.8,643468.1,353134.7,501063.9,167436.1,139680.1,177789.3,508756.8,78255.8,351071.3,181943.3,297118.6
4006,56812,50.141466666666666,7.1673333333333344,Rheinland-Pfalz,RP,Landkreis Cochem-Zell,7135.0,"(50.141466666666666, 7.1673333333333344)",297275.9,219394.9,515061.5,195792.5,416162.1,642517.4,324653.0,500113.2,184159.6,156403.6,194512.8,507806.1,117095.1,350120.6,192864.5,296167.9
4007,56814,50.15384,7.17731,Rheinland-Pfalz,RP,Landkreis Cochem-Zell,7135.0,"(50.15384, 7.17731)",297964.6,220083.6,515750.2,196481.1,416850.8,643206.1,325341.7,500801.9,184848.2,157092.2,195201.4,508494.7,117783.8,350809.3,193553.1,296856.6
4008,56818,50.1667,7.2,Rheinland-Pfalz,RP,Landkreis Cochem-Zell,7135.0,"(50.1667, 7.2)",292347.7,214466.7,510133.3,190864.3,412326.2,637589.2,320817.1,495185.0,179231.4,151475.4,189584.6,502877.9,112166.9,345192.4,187936.3,291239.7
4009,56820,50.09165,7.202075000000001,Rheinland-Pfalz,RP,Landkreis Cochem-Zell,7135.0,"(50.09165, 7.202075000000001)",271136.1,233239.6,528906.2,172316.8,404108.1,656362.1,312598.9,489925.5,198004.3,170248.3,208357.5,480564.6,112747.8,363965.3,206709.2,310012.6
4010,56821,50.1,7.2333,Rheinland-Pfalz,RP,Landkreis Cochem-Zell,7135.0,"(50.1, 7.2333)",266547.8,224151.5,519818.0,167728.4,399519.7,647273.9,308010.5,485337.1,188916.1,161160.1,199269.3,475976.2,121851.7,354877.2,197621.0,300924.4
4011,56823,50.1729,7.0832,Rheinland-Pfalz,RP,Landkreis Cochem-Zell,7135.0,"(50.1729, 7.0832)",293916.3,216035.3,511701.8,192432.8,440333.5,639157.7,348824.3,496753.5,180799.9,153043.9,191153.1,504446.4,95543.4,346760.9,189504.8,292808.2
4012,56825,50.13647142857143,7.057414285714286,Rheinland-Pfalz,RP,Landkreis Cochem-Zell,7135.0,"(50.13647142857143, 7.057414285714286)",303017.8,225136.7,520803.3,201534.3,420080.4,648259.2,301593.3,505855.0,189901.4,162145.4,200254.6,513547.9,98792.0,355862.4,198606.3,301909.7
4013,56826,50.1423,6.991333333333333,Rheinland-Pfalz,RP,Landkreis Cochem-Zell,7135.0,"(50.1423, 6.991333333333333)",307914.6,230033.6,525700.2,206431.2,424612.4,653156.1,300602.6,510751.9,194798.3,167042.3,205151.5,518444.8,93350.1,360759.3,203503.2,306806.6
4014,56828,50.1768,7.0395,Rheinland-Pfalz,RP,Landkreis Cochem-Zell,7135.0,"(50.1768, 7.0395)",295047.5,217166.4,512833.0,193564.0,441464.6,640288.9,349955.5,497884.7,181931.1,154175.1,192284.3,505577.6,91856.9,347892.1,190636.0,293939.4
4015,56829,50.17776666666666,7.2611,Rheinland-Pfalz,RP,Landkreis Cochem-Zell,7135.0,"(50.17776666666666, 7.2611)",294263.9,216382.9,512049.4,192780.4,409925.2,639505.4,318416.0,497101.1,181147.5,153391.5,191500.7,504794.0,114083.1,347108.6,189852.4,293155.9
4016,56841,49.9508,7.1156,Rheinland-Pfalz,RP,Landkreis Bernkastel-Wittlich,7231.0,"(49.9508, 7.1156)",266366.1,247927.0,537030.3,167546.7,399338.0,664486.2,307828.9,485155.5,212691.7,184935.7,223044.9,475794.5,123511.3,372089.4,227198.9,318136.7
4017,56843,49.960225,7.16385,Rheinland-Pfalz,RP,Landkreis Bernkastel-Wittlich,7231.0,"(49.960225, 7.16385)",261907.5,272053.4,532571.7,163088.1,394879.4,660027.6,303370.3,480696.9,236818.0,209062.0,247171.2,471336.0,125716.1,367630.8,245522.9,313678.1
