,zipcode,lat,long,state,state_code,community_name,community_code,coor,AKB Kitzingen,AKB Dortmund,AKB Zörbig,AKB Schöneck,AKB Buch,Mosolf Etzin,Mosolf Kippenheim,BLG Kelheim,BLG Duisburg,BLG Neuss,Carservice Erkens,ARS Altmann Wolnzach,CAT Zülpich,Autohaus Siebrecht,Neu: FleetParQ Essen ,Neu: FleetParQ Kassel
4428,64823,49.869,8.9321,Hessen,HE,Darmstadt-Dieburg,6432.0,"(49.869, 8.9321)",121150.7,271104.9,442474.7,60601.2,316081.3,569930.7,224060.7,323987.9,291126.7,272229.4,324267.3,331680.8,260911.7,277533.9,297656.1,223581.2
4429,64832,49.9652,8.9513,Hessen,HE,Darmstadt-Dieburg,6432.0,"(49.9652, 8.9513)",114103.8,257659.1,429028.9,45493.6,309034.3,556484.8,229286.9,316941.0,276019.2,257121.9,309159.7,324633.9,245804.2,264088.0,282548.5,210135.3
4430,64839,49.9228,8.8678,Hessen,HE,Darmstadt-Dieburg,6432.0,"(49.9228, 8.8678)",118935.5,261587.3,432957.1,51083.5,313866.1,560413.0,223106.5,321772.7,281609.1,262711.8,314749.6,329465.6,251394.1,268016.2,288138.4,214063.5
4431,64846,49.8758,8.8344,Hessen,HE,Darmstadt-Dieburg,6432.0,"(49.8758, 8.8344)",134308.2,268328.0,439697.8,57824.3,329238.8,567153.8,217143.3,337145.4,275872.3,256974.9,309012.8,344838.3,245657.2,274757.0,282401.6,220804.3
4432,64850,49.9242,9.0094,Hessen,HE,Darmstadt-Dieburg,6432.0,"(49.9242, 9.0094)",112605.6,264035.9,435405.7,53743.7,307536.2,562861.6,230964.7,315442.9,289803.1,270905.8,322943.7,323135.7,259588.1,270464.8,296332.5,216512.1
4433,64853,49.8261,8.9225,Hessen,HE,Darmstadt-Dieburg,6432.0,"(49.8261, 8.9225)",127427.3,276162.6,447532.4,65658.9,322357.9,574988.4,220442.7,330264.5,296184.4,277287.1,329325.0,337957.4,265969.4,282591.6,302713.8,228638.9
4434,64859,49.9506,8.8539,Hessen,HE,Darmstadt-Dieburg,6432.0,"(49.9506, 8.8539)",123396.2,257416.0,428785.8,46912.2,318326.7,556241.7,225988.2,326233.4,277437.8,258540.5,310578.4,333926.3,247222.8,263845.0,283967.1,209892.3
4435,65183,50.0817,8.2389,Hessen,HE,"Wiesbaden, Landeshauptstadt",6414.0,"(50.0817, 8.2389)",164915.9,216478.7,435870.6,63171.9,334115.6,563326.5,242606.4,367753.2,225743.8,206846.4,258884.3,375446.0,195528.8,270929.8,232273.1,216977.0
4436,65185,50.0773,8.2424,Hessen,HE,"Wiesbaden, Landeshauptstadt",6414.0,"(50.0773, 8.2424)",164442.7,216271.1,435397.4,62698.7,333642.3,562853.3,242133.2,367279.9,225536.2,206638.9,258676.7,374972.8,195321.2,270456.5,232065.5,216503.8
4437,65187,50.0691,8.2254,Hessen,HE,"Wiesbaden, Landeshauptstadt",6414.0,"(50.0691, 8.2254)",166384.3,218802.2,437339.0,64640.3,334681.6,564794.9,243172.5,369221.5,228067.3,209170.0,261207.9,376914.4,195136.3,272398.2,234596.7,218445.4
4438,65189,50.071,8.2565,Hessen,HE,"Wiesbaden, Landeshauptstadt",6414.0,"(50.071, 8.2565)",163958.1,216546.2,434912.8,62214.1,333178.2,562368.7,241669.0,366795.3,225811.3,206914.0,258951.9,374488.2,195596.3,269971.9,232340.6,216019.2
4439,65191,50.0876,8.2797,Hessen,HE,"Wiesbaden, Landeshauptstadt",6414.0,"(50.0876, 8.2797)",164939.0,213209.5,435893.7,63195.0,334138.6,563349.6,242629.5,367776.2,222474.7,203577.3,255615.2,375469.1,192259.7,270952.8,229004.0,217000.1
4440,65193,50.0896,8.2428,Hessen,HE,"Wiesbaden, Landeshauptstadt",6414.0,"(50.0896, 8.2428)",165393.4,213480.7,436348.1,63649.4,334593.0,563804.0,243083.9,368230.6,222745.8,203848.5,255886.3,375923.5,192530.8,271407.2,229275.1,217454.5
4441,65195,50.1095,8.1967,Hessen,HE,"Wiesbaden, Landeshauptstadt",6414.0,"(50.1095, 8.1967)",169633.8,209866.4,440588.5,67889.8,339537.2,568044.4,248028.0,372471.0,219131.6,200234.2,252272.1,380163.9,188916.5,275647.6,225660.9,221694.9
4442,65197,50.0794,8.2157,Hessen,HE,"Wiesbaden, Landeshauptstadt",6414.0,"(50.0794, 8.2157)",166616.4,214458.0,437571.1,64872.4,336011.3,565027.0,244502.2,369453.6,223723.1,204825.7,256863.6,377146.5,193508.1,272630.2,230252.4,218677.5
4443,65199,50.0734,8.196,Hessen,HE,"Wiesbaden, Landeshauptstadt",6414.0,"(50.0734, 8.196)",167883.1,215197.1,438837.8,66139.2,336260.7,566293.8,244751.6,370720.4,224462.2,205564.9,257602.8,378413.2,196843.0,273897.0,230991.6,219944.3
4444,65201,50.0441,8.2036,Hessen,HE,"Wiesbaden, Landeshauptstadt",6414.0,"(50.0441, 8.2036)",166999.5,229416.3,437954.2,65255.5,333926.3,565410.1,242417.1,369836.7,238681.4,219784.1,271822.0,377529.6,193335.9,273013.3,245210.7,219060.6
4445,65203,50.045,8.2453,Hessen,HE,"Wiesbaden, Landeshauptstadt",6414.0,"(50.045, 8.2453)",164001.4,226418.2,434956.1,62257.4,330928.2,562412.0,239419.0,366838.6,235683.3,216786.0,268823.9,374531.5,205468.3,270015.2,242212.6,216062.5
4446,65205,50.0613,8.3442,Hessen,HE,"Wiesbaden, Landeshauptstadt",6414.0,"(50.0613, 8.3442)",156392.8,218809.6,427347.5,54648.8,351323.4,554803.4,237302.4,359230.1,228074.7,209177.4,261215.3,366922.9,197859.7,262406.7,234604.1,208454.0
4447,65207,50.123,8.3018,Hessen,HE,"Wiesbaden, Landeshauptstadt",6414.0,"(50.123, 8.3018)",168589.6,209241.6,439804.8,67106.1,363520.2,567260.7,249499.2,371426.8,218506.8,199609.4,251647.3,379119.7,188291.7,274863.9,225036.1,220911.2
4448,65232,50.1377,8.1337,Hessen,HE,Rheingau-Taunus-Kreis,6439.0,"(50.1377, 8.1337)",176410.6,208452.7,447365.3,74666.6,346314.0,574821.3,254804.9,379247.9,217717.8,198820.5,250858.4,386940.7,187502.8,282424.5,224247.1,228471.8
4449,65239,50.0144,8.3522,Hessen,HE,Main-Taunus-Kreis,6436.0,"(50.0144, 8.3522)",163312.5,222634.3,431172.2,58473.5,323388.1,558628.1,231878.9,366149.7,231899.4,213002.1,265039.9,373842.6,201684.4,266231.3,238428.7,212278.6
4450,65307,50.142,8.0696,Hessen,HE,Rheingau-Taunus-Kreis,6439.0,"(50.142, 8.0696)",181388.9,234036.1,452343.6,79644.9,353700.0,579799.5,262190.9,384226.1,206471.9,187574.6,239612.4,391919.0,158981.5,287402.7,213001.2,233450.0
4451,65321,50.1649,7.9535,Hessen,HE,Rheingau-Taunus-Kreis,6439.0,"(50.1649, 7.9535)",194031.3,226971.2,464986.0,92287.3,365338.5,592441.9,273829.3,396868.5,199407.0,180509.7,232547.5,404561.4,151916.6,300045.1,205936.3,246092.4
4452,65326,50.25,8.0667,Hessen,HE,Rheingau-Taunus-Kreis,6439.0,"(50.25, 8.0667)",194718.5,187264.2,437925.0,93235.0,389649.1,565381.0,275628.1,397555.8,197028.6,178131.3,230169.2,405248.6,166813.6,272984.2,203558.0,219031.5
4453,65329,50.2,8.0667,Hessen,HE,Rheingau-Taunus-Kreis,6439.0,"(50.2, 8.0667)",192574.6,194297.2,463789.8,91091.1,387505.2,591245.7,273484.2,395411.8,204061.7,185164.3,237202.2,403104.7,173846.6,298848.9,210591.0,244896.2
4454,65343,50.0333,8.1167,Hessen,HE,Rheingau-Taunus-Kreis,6439.0,"(50.0333, 8.1167)",176355.8,238772.6,447310.5,74611.8,342554.0,574766.4,251044.8,379193.0,248037.7,229140.4,281178.3,386885.9,202242.4,282369.6,254567.0,228416.9
4455,65344,50.0333,8.1167,Hessen,HE,Rheingau-Taunus-Kreis,6439.0,"(50.0333, 8.1167)",176355.8,238772.6,447310.5,74611.8,342554.0,574766.4,251044.8,379193.0,248037.7,229140.4,281178.3,386885.9,202242.4,282369.6,254567.0,228416.9
4456,65345,50.0333,8.1167,Hessen,HE,Rheingau-Taunus-Kreis,6439.0,"(50.0333, 8.1167)",176355.8,238772.6,447310.5,74611.8,342554.0,574766.4,251044.8,379193.0,248037.7,229140.4,281178.3,386885.9,202242.4,282369.6,254567.0,228416.9
4457,65346,50.0333,8.1167,Hessen,HE,Rheingau-Taunus-Kreis,6439.0,"(50.0333, 8.1167)",176355.8,238772.6,447310.5,74611.8,342554.0,574766.4,251044.8,379193.0,248037.7,229140.4,281178.3,386885.9,202242.4,282369.6,254567.0,228416.9
4458,65347,50.0132,8.0615,Hessen,HE,Rheingau-Taunus-Kreis,6439.0,"(50.0132, 8.0615)",181006.7,243423.5,451961.4,79262.7,347204.9,579417.4,255695.8,383844.0,252688.6,233791.3,258851.5,391536.8,181433.9,287020.6,259218.0,233067.9
4459,65366,49.9847,7.9684,Hessen,HE,Rheingau-Taunus-Kreis,6439.0,"(49.9847, 7.9684)",188773.5,251190.3,459728.2,87029.5,354971.7,587184.1,263462.5,391610.7,238852.7,211096.7,249205.9,399303.6,171788.3,294787.3,266984.7,240834.6
4460,65375,50.0,8.0,Hessen,HE,Rheingau-Taunus-Kreis,6439.0,"(50.0, 8.0)",186846.9,249263.7,457801.6,85102.9,353045.1,585257.6,261536.0,389684.2,247575.2,219819.2,257928.4,397377.0,180510.8,292860.8,265058.2,238908.1
4461,65385,49.9821,7.9296,Hessen,HE,Rheingau-Taunus-Kreis,6439.0,"(49.9821, 7.9296)",191991.0,254407.8,462945.7,90247.1,336194.3,590401.7,244685.1,394828.3,235244.9,207488.9,245598.1,402521.1,168180.5,298004.9,270202.3,244052.2
4462,65388,50.0932,8.1031,Hessen,HE,Rheingau-Taunus-Kreis,6439.0,"(50.0932, 8.1031)",179561.2,219189.3,450515.9,77817.2,345759.4,577971.8,254250.3,382398.4,228454.5,209557.1,261595.0,390091.3,166259.9,285575.1,234983.8,231622.3
4463,65391,50.06585,7.81265,Hessen,HE,Rheingau-Taunus-Kreis,6439.0,"(50.06585, 7.81265)",207006.6,238845.3,477961.4,105262.7,351289.7,605417.3,259780.6,409843.9,224966.1,197210.1,235319.3,417536.7,157901.6,313020.5,217810.5,259067.8
4464,65396,50.04,8.1554,Hessen,HE,Rheingau-Taunus-Kreis,6439.0,"(50.04, 8.1554)",173388.9,235805.7,444343.6,71644.9,339587.1,571799.5,248078.0,376226.1,245070.8,226173.5,278211.4,383919.0,199275.5,279402.8,251600.1,225450.0
4465,65399,50.0396,8.0853,Hessen,HE,Rheingau-Taunus-Kreis,6439.0,"(50.0396, 8.0853)",178202.3,240619.0,449157.0,76458.3,344400.4,576612.9,252891.3,381039.5,249884.2,230986.8,283024.7,388732.4,204088.9,284216.1,256413.5,230263.4
4466,65428,49.9896,8.4225,Hessen,HE,Groß-Gerau,6433.0,"(49.9896, 8.4225)",151825.7,246631.0,431195.0,53006.3,313748.5,558650.9,222239.4,354662.9,237798.3,218900.9,270938.8,362355.8,207583.3,266254.1,244327.6,212301.4
4467,65439,50.0131,8.4278,Hessen,HE,Main-Taunus-Kreis,6436.0,"(50.0131, 8.4278)",151833.5,246638.8,431202.8,53014.1,346764.1,558658.8,226128.4,354670.7,237806.1,218908.8,270946.7,362363.6,207591.1,266262.0,244335.5,212309.3
4468,65451,50.0613,8.5292,Hessen,HE,Groß-Gerau,6433.0,"(50.0613, 8.5292)",142456.3,236375.3,420939.3,43637.0,337386.9,548395.3,230617.8,345293.6,240790.8,221893.5,273931.4,352986.5,210575.8,255998.5,247320.1,202045.8
4469,65462,49.9711,8.3453,Hessen,HE,Groß-Gerau,6433.0,"(49.9711, 8.3453)",161488.9,256294.2,440858.2,62669.5,321564.5,568314.1,230055.3,364326.1,244440.8,225543.4,277581.3,372019.0,201177.9,275917.4,250970.1,221964.6
4470,65468,49.9264,8.4073,Hessen,HE,Groß-Gerau,6433.0,"(49.9264, 8.4073)",159052.4,253857.7,438421.7,60233.0,312369.9,565877.7,220860.8,361889.7,248233.0,229335.6,281373.5,369582.5,218017.9,273480.9,254762.3,219528.2
4471,65474,49.9939,8.3672,Hessen,HE,Groß-Gerau,6433.0,"(49.9939, 8.3672)",158808.3,253613.6,438177.6,59988.9,318883.9,565633.5,227374.7,361645.5,242342.1,223444.8,275482.7,369338.4,212127.1,273236.8,248871.5,219284.0
4472,65479,50.0132,8.4525,Hessen,HE,Groß-Gerau,6433.0,"(50.0132, 8.4525)",148603.3,243408.6,427972.6,49783.9,343533.9,555428.5,229553.2,351440.5,234575.9,215678.6,267716.4,359133.4,204360.9,263031.7,241105.2,209079.0
4473,65510,50.2255,8.22505,Hessen,HE,Rheingau-Taunus-Kreis,6439.0,"(50.2255, 8.22505)",175474.2,197165.3,446689.4,73990.7,370404.8,574145.3,256383.8,378311.4,206430.4,187533.1,239571.0,386004.3,176215.4,281748.5,212959.8,227795.8
4474,65520,50.297,8.269,Hessen,HE,Limburg-Weilburg,6533.0,"(50.297, 8.269)",185404.6,187568.9,415852.5,60621.7,380335.2,543308.5,266314.2,388241.8,196834.0,177936.7,229974.6,395934.7,166619.0,250911.7,203363.4,196959.0
4475,65527,50.1631,8.3134,Hessen,HE,Rheingau-Taunus-Kreis,6439.0,"(50.1631, 8.3134)",165773.7,207327.8,436988.9,64290.3,360704.3,564444.9,246683.3,368611.0,216592.9,197695.6,249733.5,376303.9,186377.9,272048.1,223122.2,218095.4
4476,65529,50.25,8.3333,Hessen,HE,Rheingau-Taunus-Kreis,6439.0,"(50.25, 8.3333)",182435.1,195847.0,414252.9,54940.7,377365.7,541708.8,263344.7,385272.4,205112.2,186214.8,238252.7,392965.2,174897.1,249312.0,211641.5,195359.3
4477,65549,50.383,8.0611,Hessen,HE,Limburg-Weilburg,6533.0,"(50.383, 8.0611)",200239.7,170537.2,421198.1,98756.2,395170.2,548654.0,281149.2,403076.9,181588.7,162691.4,214729.3,410769.8,151373.7,256257.2,188118.1,202304.5
4478,65550,50.3833,8.05,Hessen,HE,Limburg-Weilburg,6533.0,"(50.3833, 8.05)",200588.2,169569.1,420230.0,99104.7,395518.8,547685.9,281497.7,403425.4,179333.6,160436.3,212474.1,411118.3,149118.6,255289.2,185862.9,201336.5
4479,65551,50.3833,8.05,Hessen,HE,Limburg-Weilburg,6533.0,"(50.3833, 8.05)",200588.2,169569.1,420230.0,99104.7,395518.8,547685.9,281497.7,403425.4,179333.6,160436.3,212474.1,411118.3,149118.6,255289.2,185862.9,201336.5
4480,65552,50.3833,8.05,Hessen,HE,Limburg-Weilburg,6533.0,"(50.3833, 8.05)",200588.2,169569.1,420230.0,99104.7,395518.8,547685.9,281497.7,403425.4,179333.6,160436.3,212474.1,411118.3,149118.6,255289.2,185862.9,201336.5
4481,65553,50.3833,8.05,Hessen,HE,Limburg-Weilburg,6533.0,"(50.3833, 8.05)",200588.2,169569.1,420230.0,99104.7,395518.8,547685.9,281497.7,403425.4,179333.6,160436.3,212474.1,411118.3,149118.6,255289.2,185862.9,201336.5
4482,65554,50.3833,8.05,Hessen,HE,Limburg-Weilburg,6533.0,"(50.3833, 8.05)",200588.2,169569.1,420230.0,99104.7,395518.8,547685.9,281497.7,403425.4,179333.6,160436.3,212474.1,411118.3,149118.6,255289.2,185862.9,201336.5
4483,65555,50.3833,8.05,Hessen,HE,Limburg-Weilburg,6533.0,"(50.3833, 8.05)",200588.2,169569.1,420230.0,99104.7,395518.8,547685.9,281497.7,403425.4,179333.6,160436.3,212474.1,411118.3,149118.6,255289.2,185862.9,201336.5
4484,65556,50.3833,8.05,Hessen,HE,Limburg-Weilburg,6533.0,"(50.3833, 8.05)",200588.2,169569.1,420230.0,99104.7,395518.8,547685.9,281497.7,403425.4,179333.6,160436.3,212474.1,411118.3,149118.6,255289.2,185862.9,201336.5
4485,65558,50.35190714285714,8.001314285714285,Rheinland-Pfalz,RP,Rhein-Lahn-Kreis,7141.0,"(50.35190714285714, 8.001314285714285)",206973.0,175954.0,426614.9,105489.5,401903.6,554070.8,287882.6,409810.2,178947.8,160050.5,212088.3,417503.1,148732.8,261674.0,185477.1,207721.3
4486,65582,50.3866,7.997533333333333,Rheinland-Pfalz,RP,Rhein-Lahn-Kreis,7141.0,"(50.3866, 7.997533333333333)",206451.7,201792.4,423921.5,104968.2,401382.3,551377.5,287361.3,409289.0,174228.2,155330.8,207368.7,416981.8,144013.2,258980.7,180757.5,205028.0
4487,65589,50.4459,8.0425,Hessen,HE,Limburg-Weilburg,6533.0,"(50.4459, 8.0425)",208805.4,161195.3,418747.5,107321.9,403736.0,546203.5,289715.0,411642.6,174742.3,155845.0,207882.9,419335.5,144527.3,253806.7,181271.6,199854.0
4488,65594,50.4057,8.1546,Hessen,HE,Limburg-Weilburg,6533.0,"(50.4057, 8.1546)",204904.9,170390.9,421051.8,103421.4,399835.5,548507.7,285814.5,407742.2,187495.8,168598.5,220636.3,415435.0,157280.8,256111.0,194025.1,202158.2
4489,65597,50.3286,8.1476,Hessen,HE,Limburg-Weilburg,6533.0,"(50.3286, 8.1476)",192655.6,179929.2,430590.1,91172.1,387586.2,558046.0,273565.2,395492.8,189194.3,170297.0,222334.9,403185.7,158979.3,265649.2,195723.7,211696.5
4490,65599,50.5167,8.0167,Hessen,HE,Limburg-Weilburg,6533.0,"(50.5167, 8.0167)",216211.7,154286.8,422286.1,114728.2,411142.3,549742.0,297121.3,419049.0,178042.0,159144.7,211182.6,426741.8,147827.0,257345.2,184571.3,203392.5
4491,65604,50.4167,8.0333,Hessen,HE,Limburg-Weilburg,6533.0,"(50.4167, 8.0333)",204559.6,164837.7,420651.3,103076.1,399490.2,548107.2,285469.2,407396.8,173682.7,154785.3,206823.2,415089.7,143467.6,255710.4,180212.0,201757.7
4492,65606,50.3929,8.1931,Hessen,HE,Limburg-Weilburg,6533.0,"(50.3929, 8.1931)",206996.5,174236.5,416423.5,74740.2,401927.0,543879.4,287906.0,409833.7,189587.3,170690.0,222727.9,417526.6,159372.3,251482.7,196116.7,197530.0
4493,65611,50.3556,8.1778,Hessen,HE,Limburg-Weilburg,6533.0,"(50.3556, 8.1778)",195572.1,177732.4,419856.7,94088.6,390502.7,547312.6,276481.7,398409.3,186997.5,168100.2,220138.0,406102.2,156782.5,254915.8,193526.8,177889.8
4494,65614,50.4583,8.1458,Hessen,HE,Limburg-Weilburg,6533.0,"(50.4583, 8.1458)",210314.3,162901.2,410424.7,108830.8,405244.9,537880.6,291223.9,413151.5,188266.6,169369.3,221407.2,420844.4,158051.6,245483.8,194796.0,191531.1
4495,65618,50.35,8.2667,Hessen,HE,Limburg-Weilburg,6533.0,"(50.35, 8.2667)",194382.4,188608.5,412730.5,62144.8,389313.0,540186.4,275291.9,397219.6,196381.0,177483.7,229521.5,404912.5,166166.0,247789.6,202910.3,170763.6
4496,65620,50.5167,8.1167,Hessen,HE,Limburg-Weilburg,6533.0,"(50.5167, 8.1167)",215664.6,153882.6,410696.4,104308.3,410595.1,538152.3,296574.1,418501.8,184170.3,165272.9,217310.8,426194.7,153955.3,245755.5,190699.6,191802.8
4497,65623,50.2943,8.06375,Rheinland-Pfalz,RP,Rhein-Lahn-Kreis,7141.0,"(50.2943, 8.06375)",196457.5,181099.3,431760.2,94974.0,391388.1,559216.1,277367.1,399294.8,190863.8,171966.5,224004.3,406987.6,160648.8,266819.4,197393.1,212866.6
4498,65624,50.3667,7.9833,Rheinland-Pfalz,RP,Rhein-Lahn-Kreis,7141.0,"(50.3667, 7.9833)",206512.7,205365.7,426154.5,105029.2,401443.2,553610.4,287422.2,409349.9,177801.5,158904.2,210942.1,417042.8,147586.5,261213.6,184330.9,207260.9
4499,65626,50.3581,8.0027,Rheinland-Pfalz,RP,Rhein-Lahn-Kreis,7141.0,"(50.3581, 8.0027)",206512.0,175493.0,426153.9,105028.6,401442.6,553609.8,287421.6,409349.3,178486.8,159589.5,211627.4,417042.1,148271.8,261213.0,185016.2,207260.3
4500,65627,50.5,8.05,Hessen,HE,Limburg-Weilburg,6533.0,"(50.5, 8.05)",213637.7,154869.0,422012.0,112154.2,408568.3,549467.9,294547.3,416474.9,178665.7,159768.3,211806.2,424167.8,148450.6,257071.1,185195.0,203118.4
4501,65629,50.3333,8.05,Rheinland-Pfalz,RP,Rhein-Lahn-Kreis,7141.0,"(50.3333, 8.05)",205832.4,176497.5,427158.4,104348.9,400762.9,554614.3,286741.9,408669.6,186261.9,167364.6,219402.5,416362.5,156046.9,262217.5,192791.3,208264.8
4502,65719,50.0902,8.4493,Hessen,HE,Main-Taunus-Kreis,6436.0,"(50.0902, 8.4493)",150991.6,231710.8,416274.8,43576.1,345922.2,543730.7,239153.0,353828.8,237695.8,218798.5,270836.4,361521.7,207480.8,251333.9,244225.1,197381.2
4503,65760,50.1433,8.5711,Hessen,HE,Main-Taunus-Kreis,6436.0,"(50.1433, 8.5711)",147134.1,223241.1,407805.1,35106.4,342064.7,535261.0,235589.7,349971.4,243595.2,224697.9,276735.8,357664.2,213380.2,242864.2,250124.6,188911.5
4504,65779,50.137,8.4502,Hessen,HE,Main-Taunus-Kreis,6436.0,"(50.137, 8.4502)",155726.3,232497.1,417061.0,44362.4,350656.9,544517.0,244181.9,358563.6,224762.3,205864.9,257902.8,366256.4,194547.2,252120.2,231291.6,198167.5
4505,65795,50.0785,8.4755,Hessen,HE,Main-Taunus-Kreis,6436.0,"(50.0785, 8.4755)",148452.4,232325.2,416889.2,44190.5,343383.0,544345.1,236613.8,351289.7,232889.2,213991.9,266029.8,358982.5,202674.2,251948.4,239418.6,197995.6
4506,65812,50.1408,8.5045,Hessen,HE,Main-Taunus-Kreis,6436.0,"(50.1408, 8.5045)",151373.4,228144.2,412708.2,40009.5,346304.0,540164.1,239829.0,354210.7,242425.9,223528.6,275566.5,361903.6,212210.9,247767.3,248955.3,193814.6
4507,65817,50.1428,8.3923,Hessen,HE,Main-Taunus-Kreis,6436.0,"(50.1428, 8.3923)",169853.9,210755.9,425013.5,47937.2,364784.5,552469.4,250763.5,372691.1,220021.0,201123.7,253161.6,380384.0,189806.0,260072.7,226550.4,206120.0
4508,65824,50.15,8.5333,Hessen,HE,Main-Taunus-Kreis,6436.0,"(50.15, 8.5333)",149232.9,225183.3,409747.3,37048.6,344163.5,537203.2,237688.4,352070.2,244421.2,225523.9,277561.8,359763.0,214206.2,244806.5,250950.6,190853.8
4509,65830,50.0841,8.4698,Hessen,HE,Main-Taunus-Kreis,6436.0,"(50.0841, 8.4698)",149352.7,230649.6,415213.6,42514.9,344283.3,542669.5,237514.2,352190.0,233789.6,214892.2,266930.1,359882.8,203574.5,250272.7,240318.9,196320.0
