,zipcode,lat,long,state,state_code,community_name,community_code,coor,AKB Kitzingen,AKB Dortmund,AKB Zörbig,AKB Schöneck,AKB Buch,Mosolf Etzin,Mosolf Kippenheim,BLG Kelheim,BLG Duisburg,BLG Neuss,Carservice Erkens,ARS Altmann Wolnzach,CAT Zülpich,Autohaus Siebrecht,Neu: FleetParQ Essen ,Neu: FleetParQ Kassel
5248,73667,48.9302,9.639,Baden-Württemberg,BW,Rems-Murr-Kreis,8119.0,"(48.9302, 9.639)",151622.1,429781.4,452879.5,241646.7,137107.9,580335.4,218511.6,265406.6,433936.8,415039.5,453675.4,256045.7,376257.8,415623.1,440466.2,361670.4
5249,73669,48.75,9.4833,Baden-Württemberg,BW,Esslingen,8116.0,"(48.75, 9.4833)",177766.0,444357.2,479243.6,256222.5,119019.6,606699.5,195672.0,259660.0,448512.6,429615.3,468251.2,223311.6,390833.6,428859.4,455042.0,374906.7
5250,73728,48.7394,9.3061,Baden-Württemberg,BW,Esslingen,8116.0,"(48.7394, 9.3061)",171274.6,433540.5,506931.8,245405.8,119448.3,634387.7,182801.2,260088.7,437695.9,418798.6,457434.5,223740.2,380016.9,418042.7,444225.2,364090.0
5251,73730,48.7323,9.3255,Baden-Württemberg,BW,Esslingen,8116.0,"(48.7323, 9.3255)",172312.3,434578.2,507969.5,246443.5,118812.7,635425.4,182165.5,259453.1,438733.6,419836.2,458472.2,223104.6,381054.5,419080.4,445262.9,365127.7
5252,73732,48.769,9.3122,Baden-Württemberg,BW,Esslingen,8116.0,"(48.769, 9.3122)",170399.7,432665.7,492720.3,244531.0,123228.7,620176.2,186581.6,263869.1,436821.1,417923.7,456559.7,227520.6,379142.0,417167.9,443350.4,363215.2
5253,73733,48.75,9.3,Baden-Württemberg,BW,Esslingen,8116.0,"(48.75, 9.3)",173696.2,435962.1,497208.9,247827.4,121869.8,624664.8,185222.7,262510.2,440117.5,421220.1,459856.1,226161.8,382438.4,420464.3,446646.8,366511.6
5254,73734,48.7361,9.2977,Baden-Württemberg,BW,Esslingen,8116.0,"(48.7361, 9.2977)",169880.2,432146.1,505537.5,244011.5,118219.4,632993.4,181572.3,258859.8,436301.5,417404.2,456040.1,222511.4,378622.5,416648.4,442830.9,362695.6
5255,73760,48.727,9.2495,Baden-Württemberg,BW,Esslingen,8116.0,"(48.727, 9.2495)",172164.7,437758.4,507821.9,249623.7,116598.1,635277.8,176983.6,257238.5,441913.8,423016.5,461903.5,220890.0,384485.9,418932.8,448443.1,364980.1
5256,73765,48.6833,9.2833,Baden-Württemberg,BW,Esslingen,8116.0,"(48.6833, 9.2833)",186766.9,436224.7,522424.1,248090.0,112689.7,649880.1,175449.9,253330.1,440380.1,421482.7,460369.8,216981.6,382952.1,433535.1,446909.4,379582.3
5257,73770,48.6955,9.3167,Baden-Württemberg,BW,Esslingen,8116.0,"(48.6955, 9.3167)",189371.7,438829.4,525028.9,250694.7,110080.7,652484.8,178054.6,250721.1,442984.8,424087.5,462974.5,214372.7,385556.9,436139.8,449514.1,382187.1
5258,73773,48.7503,9.387,Baden-Württemberg,BW,Esslingen,8116.0,"(48.7503, 9.387)",172420.3,434686.2,492756.2,246551.5,121671.1,620212.1,187882.6,262311.5,438841.6,419944.3,458580.2,225963.1,381162.6,419188.4,445370.9,365235.7
5259,73776,48.7227,9.3808,Baden-Württemberg,BW,Esslingen,8116.0,"(48.7227, 9.3808)",177917.3,440183.2,491295.9,252048.5,113728.4,618751.8,184544.5,254368.8,444338.6,425441.2,464077.2,218020.4,386659.5,424685.4,450867.9,370732.7
5260,73779,48.7122,9.3861,Baden-Württemberg,BW,Esslingen,8116.0,"(48.7122, 9.3861)",177153.5,439419.4,490935.9,251284.7,113368.4,618391.8,183780.7,254008.8,443574.8,424677.5,463313.4,217660.4,385895.8,423921.6,450104.1,369968.9
5261,74072,49.1423,9.2234,Baden-Württemberg,BW,Heilbronn,8121.0,"(49.1423, 9.2234)",121619.1,372203.5,457049.2,184068.8,186389.9,584505.1,186439.6,269576.3,376358.9,357461.6,396097.5,260215.4,318679.9,368387.3,382888.3,314434.6
5262,74074,49.1286,9.2214,Baden-Württemberg,BW,Heilbronn,8121.0,"(49.1286, 9.2214)",127220.3,373275.8,462877.5,185141.1,184449.8,590333.5,187511.9,275404.7,377431.2,358533.8,397169.8,266043.7,319752.1,373988.4,383960.5,320035.7
5263,74076,49.1618,9.2193,Baden-Württemberg,BW,Heilbronn,8121.0,"(49.1618, 9.2193)",119189.0,369773.4,454619.0,181638.7,193333.8,582075.0,184009.5,267146.2,373928.8,355031.5,393667.4,257785.3,316249.8,365957.1,380458.1,312004.4
5264,74078,49.1566,9.1746,Baden-Württemberg,BW,Heilbronn,8121.0,"(49.1566, 9.1746)",124963.5,370956.7,460393.6,182822.0,199108.3,587849.5,185192.8,272920.7,375112.1,356214.8,394850.7,263559.8,317433.1,371731.6,381641.4,317778.9
5265,74080,49.1386,9.1954,Baden-Württemberg,BW,Heilbronn,8121.0,"(49.1386, 9.1954)",125045.4,371038.6,460475.5,182903.9,188468.3,587931.4,185274.7,273002.6,375194.0,356296.7,394932.6,263641.7,317515.0,371813.5,381723.3,317860.8
5266,74081,49.1236,9.197,Baden-Württemberg,BW,Heilbronn,8121.0,"(49.1236, 9.197)",126708.1,372701.3,462138.2,184566.6,186030.5,589594.1,186937.4,274665.3,376856.7,357959.4,396595.3,265304.4,319177.7,373476.2,383386.1,319523.5
5267,74172,49.1891,9.2253,Baden-Württemberg,BW,Landkreis Heilbronn,8125.0,"(49.1891, 9.2253)",119087.7,369672.1,454517.7,181537.4,193232.5,581973.7,183908.2,267044.9,373827.5,354930.1,393566.1,257683.9,316148.4,365855.8,380356.8,311903.1
5268,74177,49.2344,9.2145,Baden-Württemberg,BW,Landkreis Heilbronn,8125.0,"(49.2344, 9.2145)",111273.2,375106.6,458693.1,138855.3,197407.8,586149.0,189342.7,271220.2,379262.0,360364.7,399000.6,261859.3,321583.0,358041.3,385791.3,304088.6
5269,74182,49.1361,9.3774,Baden-Württemberg,BW,Landkreis Heilbronn,8125.0,"(49.1361, 9.3774)",119913.1,382179.0,445176.1,194044.3,188768.1,572632.0,196415.1,257703.3,386334.4,367437.1,406073.0,248342.3,328655.4,366681.2,392863.7,312728.5
5270,74189,49.1513,9.2876,Baden-Württemberg,BW,Landkreis Heilbronn,8125.0,"(49.1513, 9.2876)",116708.7,378974.6,452365.9,190839.9,185563.7,579821.8,193210.7,264893.0,383130.0,364232.6,402868.6,255532.1,325450.9,363476.8,389659.3,309524.1
5271,74193,49.1449,9.0553,Baden-Württemberg,BW,Landkreis Heilbronn,8125.0,"(49.1449, 9.0553)",139214.5,364691.8,474644.5,176557.1,193302.8,602100.4,178927.9,287171.7,368847.2,349949.9,388585.8,277810.7,311168.2,384315.0,375376.6,330362.3
5272,74196,49.235,9.3322,Baden-Württemberg,BW,Landkreis Heilbronn,8125.0,"(49.235, 9.3322)",101493.9,386230.9,442958.4,187221.6,198355.0,570414.3,200467.0,255485.6,390386.3,371489.0,410124.9,246124.6,332707.3,348262.1,396915.6,294309.4
5273,74199,49.0894,9.2752,Baden-Württemberg,BW,Landkreis Heilbronn,8125.0,"(49.0894, 9.2752)",120928.1,383194.0,456585.3,195059.3,178157.6,584041.2,197430.1,269112.5,387349.4,368452.1,407088.0,259751.5,329670.4,367696.2,393878.7,313743.5
5274,74206,49.2297,9.1565,Baden-Württemberg,BW,Landkreis Heilbronn,8125.0,"(49.2297, 9.1565)",116667.8,361821.2,462753.2,173686.5,201468.0,590209.1,176057.3,275280.4,365976.6,347079.2,385715.2,265919.4,308297.5,381444.3,372505.9,327491.6
5275,74211,49.1464,9.1169,Baden-Württemberg,BW,Landkreis Heilbronn,8125.0,"(49.1464, 9.1169)",130964.9,365316.3,466394.9,177181.6,205109.7,593850.8,179552.4,278922.1,369471.7,350574.3,389210.3,269561.1,311792.6,384939.4,376001.0,330986.7
5276,74214,49.3524,9.5088,Baden-Württemberg,BW,Hohenlohekreis,8126.0,"(49.3524, 9.5088)",86519.0,382538.7,428614.5,172246.6,201491.7,556070.5,231761.6,258622.2,406901.4,388004.0,440041.9,249261.3,376686.4,333287.1,413430.7,279334.4
5277,74219,49.3249,9.3584,Baden-Württemberg,BW,Landkreis Heilbronn,8125.0,"(49.3249, 9.3584)",101293.7,343998.4,443389.3,133706.2,208997.2,570845.2,210816.6,266127.8,400735.9,381838.6,420474.5,256766.9,343056.9,348061.8,407265.2,294109.1
5278,74223,49.1031,9.2108,Baden-Württemberg,BW,Landkreis Heilbronn,8125.0,"(49.1031, 9.2108)",126900.5,376784.7,462557.8,188650.0,184130.1,590013.7,191020.8,275084.9,380940.1,362042.8,400678.7,265724.0,323261.1,373668.7,387469.4,319716.0
5279,74226,49.1086,9.1278,Baden-Württemberg,BW,Landkreis Heilbronn,8125.0,"(49.1086, 9.1278)",132295.2,370116.9,467725.2,181982.2,186767.4,595181.2,184353.0,280252.4,374272.3,355374.9,394010.9,270891.5,316593.2,389740.0,380801.6,335787.3
5280,74229,49.2403,9.2533,Baden-Württemberg,BW,Landkreis Heilbronn,8125.0,"(49.2403, 9.2533)",107810.0,377248.7,449274.4,140154.9,204671.0,576730.4,191484.8,261801.6,381404.1,362506.8,401142.7,252440.6,323725.1,354578.1,387933.5,300625.4
5281,74232,49.0682,9.2907,Baden-Württemberg,BW,Landkreis Heilbronn,8125.0,"(49.0682, 9.2907)",121611.3,383877.2,457268.5,195742.5,174813.3,584724.5,198113.3,269795.7,388032.6,369135.3,407771.2,260434.7,330353.6,368379.4,394562.0,314426.7
5282,74235,49.1725,9.2683,Baden-Württemberg,BW,Landkreis Heilbronn,8125.0,"(49.1725, 9.2683)",120275.3,372341.8,448496.2,184207.1,189130.3,575952.1,186577.9,261023.4,376497.2,357599.8,396235.8,251662.4,318818.1,367043.4,383026.5,313090.7
5283,74238,49.3879,9.6355,Baden-Württemberg,BW,Hohenlohekreis,8126.0,"(49.3879, 9.6355)",82381.6,378401.4,424477.2,168109.2,198042.5,551933.1,239347.3,255173.1,402764.0,383866.7,435904.6,245812.1,372549.0,329149.7,409293.4,275197.0
5284,74239,49.2586,9.3894,Baden-Württemberg,BW,Landkreis Heilbronn,8125.0,"(49.2586, 9.3894)",100495.8,396515.5,443148.3,186223.4,198544.8,570604.2,205555.2,255675.4,395474.5,376577.2,415213.1,246314.5,337795.5,347263.9,402003.9,293311.2
5285,74243,49.2169,9.4049,Baden-Württemberg,BW,Landkreis Heilbronn,8125.0,"(49.2169, 9.4049)",105736.6,387821.2,437618.1,191464.2,193014.7,565074.1,202057.3,250145.3,391976.6,373079.3,411715.2,240784.3,334297.5,352504.7,398505.9,298552.0
5286,74245,49.0956,9.38,Baden-Württemberg,BW,Landkreis Heilbronn,8125.0,"(49.0956, 9.38)",124199.3,386465.2,451531.2,198330.5,185094.2,578987.1,200701.3,264058.3,390620.6,371723.2,410359.2,254697.4,332941.5,370967.4,397149.9,317014.7
5287,74246,49.1803,9.3211,Baden-Württemberg,BW,Landkreis Heilbronn,8125.0,"(49.1803, 9.3211)",111043.8,377786.5,443741.6,189651.8,199138.1,571197.5,192022.6,256268.7,381941.9,363044.6,401680.5,246907.8,324262.9,357811.9,388471.2,303859.2
5288,74248,49.1467,9.3219,Baden-Württemberg,BW,Landkreis Heilbronn,8125.0,"(49.1467, 9.3219)",115826.3,378092.3,451483.6,189957.6,184681.4,578939.5,192328.3,264010.7,382247.7,363350.3,401986.2,254649.8,324568.6,362594.5,388777.0,308641.8
5289,74249,49.3106,9.4683,Baden-Württemberg,BW,Landkreis Heilbronn,8125.0,"(49.3106, 9.4683)",93108.6,389128.3,435204.2,178836.2,195930.9,562660.1,214798.6,253061.5,404717.9,385820.6,424456.5,243700.6,347038.9,339876.7,411247.3,285924.0
5290,74251,49.1311,9.3272,Baden-Württemberg,BW,Landkreis Heilbronn,8125.0,"(49.1311, 9.3272)",115980.9,378246.9,451638.2,190112.2,184836.0,579094.1,192483.0,264165.3,382402.3,363504.9,402140.9,254804.4,324723.2,362749.1,388931.6,308796.4
5291,74252,49.1778,9.0433,Baden-Württemberg,BW,Landkreis Heilbronn,8125.0,"(49.1778, 9.0433)",134642.0,360119.3,470072.0,171984.6,208786.8,597527.9,174355.4,282599.2,364274.7,345377.4,384013.3,273238.2,306595.7,379742.4,370804.0,325789.7
5292,74254,49.2458,9.1606,Baden-Württemberg,BW,Landkreis Heilbronn,8125.0,"(49.2458, 9.1606)",115952.6,364958.8,462038.0,176824.1,200752.7,589493.9,179194.9,274565.1,369114.2,350216.8,388852.8,265204.2,311435.1,362720.7,375643.5,308768.0
5293,74255,49.3647,9.34,Baden-Württemberg,BW,Landkreis Heilbronn,8125.0,"(49.3647, 9.34)",91175.2,338259.9,433270.7,127967.8,214896.7,560726.7,216716.1,272027.3,364027.2,345129.8,397167.7,262666.4,348956.4,337943.3,370556.5,283990.6
5294,74257,49.2111,9.2019,Baden-Württemberg,BW,Landkreis Heilbronn,8125.0,"(49.2111, 9.2019)",121714.5,368191.5,457144.6,180056.8,195859.3,584600.5,182427.6,269671.7,372346.9,353449.5,392085.5,260310.8,314667.8,368482.6,378876.2,314529.9
5295,74259,49.3183,9.4221,Baden-Württemberg,BW,Landkreis Heilbronn,8125.0,"(49.3183, 9.4221)",89793.2,385813.0,431888.8,175520.8,200201.1,559344.7,212503.4,257331.7,402422.7,383525.4,422161.3,247970.7,344743.7,336561.3,408952.1,282608.6
5296,74321,48.9441,9.1175,Baden-Württemberg,BW,Ludwigsburg,8118.0,"(48.9441, 9.1175)",146465.3,408731.2,482122.5,220596.5,160440.7,609578.4,156102.2,294649.6,412886.6,393989.2,432625.2,285288.7,355207.5,393233.4,419415.9,339280.7
5297,74336,49.0779,9.066,Baden-Württemberg,BW,Landkreis Heilbronn,8125.0,"(49.0779, 9.066)",139870.3,368525.8,475527.6,180391.1,184049.7,602983.5,160697.0,288054.7,372681.2,353783.9,392419.8,278693.8,315002.2,388148.9,379210.5,334196.2
5298,74343,48.9584,9.0708,Baden-Württemberg,BW,Ludwigsburg,8118.0,"(48.9584, 9.0708)",150345.2,412611.1,486002.4,224476.4,164320.6,613458.3,151728.4,298529.5,416766.5,397869.1,436505.1,289168.6,359087.4,397113.3,423295.8,343160.6
5299,74348,49.0734,9.1457,Baden-Württemberg,BW,Landkreis Heilbronn,8125.0,"(49.0734, 9.1457)",131316.0,375337.2,466973.2,187202.5,182606.1,594429.2,189573.3,279500.4,379492.6,360595.3,399231.2,270139.4,321813.6,378084.1,386021.9,324131.4
5300,74354,48.998,9.1427,Baden-Württemberg,BW,Ludwigsburg,8118.0,"(48.998, 9.1427)",138528.0,400793.9,474185.2,212659.2,166431.4,601641.1,159393.7,286712.3,404949.3,386051.9,424687.9,277351.4,347270.2,385296.1,411478.6,331343.4
5301,74357,49.0402,9.0939,Baden-Württemberg,BW,Ludwigsburg,8118.0,"(49.0402, 9.0939)",136983.7,373964.3,472640.9,185829.7,172763.2,600096.8,155843.4,285168.0,378119.7,359222.4,397858.3,275807.1,320440.7,383751.8,384649.1,329799.1
5302,74360,49.0555,9.246,Baden-Württemberg,BW,Landkreis Heilbronn,8125.0,"(49.0555, 9.246)",124016.1,386282.0,459673.3,198147.3,174766.3,587129.2,200518.1,272200.5,390437.4,371540.1,410176.0,262839.5,332758.4,370784.2,396966.7,316831.5
5303,74363,49.0664,9.0017,Baden-Württemberg,BW,Landkreis Heilbronn,8125.0,"(49.0664, 9.0017)",144293.6,369233.9,479950.8,181099.2,179779.9,607406.7,155429.0,292477.9,373389.3,354491.9,393127.9,283117.0,315710.2,388857.0,379918.6,334904.3
5304,74366,49.045,9.1422,Baden-Württemberg,BW,Ludwigsburg,8118.0,"(49.045, 9.1422)",133316.9,383146.1,468974.1,195011.4,176480.0,596430.0,160481.6,281501.3,387301.5,368404.2,407040.1,272140.3,329622.5,380085.0,393830.8,326132.3
5305,74369,49.0036,9.1064,Baden-Württemberg,BW,Ludwigsburg,8118.0,"(49.0036, 9.1064)",140784.0,378148.8,476441.2,190014.1,166283.1,603897.1,155433.4,288968.3,382304.2,363406.9,402042.8,279607.4,324625.2,387552.1,388833.6,333599.4
5306,74372,48.9667,9.0167,Baden-Württemberg,BW,Ludwigsburg,8118.0,"(48.9667, 9.0167)",150211.4,384808.2,485868.7,196673.5,167719.6,613324.6,146208.6,298395.8,388963.6,370066.3,408953.3,272011.5,331535.7,396979.6,395492.9,343026.8
5307,74374,49.0561,8.9269,Baden-Württemberg,BW,Landkreis Heilbronn,8125.0,"(49.0561, 8.9269)",150464.2,367799.2,486121.4,179664.5,187970.9,613577.3,149425.1,298648.5,371954.6,353057.2,391693.2,289287.6,314275.5,387422.3,378483.9,333469.6
5308,74376,49.0283,9.1556,Baden-Württemberg,BW,Ludwigsburg,8118.0,"(49.0283, 9.1556)",137312.4,399578.3,472969.6,211443.6,175238.9,600425.5,161254.8,285496.8,403733.7,384836.4,423472.3,276135.8,346054.6,384080.5,410263.0,330127.8
5309,74379,48.9611,9.1761,Baden-Württemberg,BW,Ludwigsburg,8118.0,"(48.9611, 9.1761)",137457.0,399722.9,473114.2,211588.2,161018.2,600570.1,174759.3,285641.3,403878.3,384981.0,423616.9,276280.4,346199.2,384225.1,410407.6,330272.4
5310,74382,49.0469,9.19,Baden-Württemberg,BW,Landkreis Heilbronn,8125.0,"(49.0469, 9.19)",130612.7,382200.5,466269.9,194065.8,175652.9,593725.8,189394.0,278797.0,386355.9,367458.5,406094.5,269436.1,328676.8,377380.8,392885.2,323428.1
5311,74385,48.9592,9.2031,Baden-Württemberg,BW,Ludwigsburg,8118.0,"(48.9592, 9.2031)",135277.4,397543.3,470934.6,209408.6,162622.6,598390.5,176363.7,283461.7,401698.7,382801.3,421437.3,274100.8,344019.6,382045.5,408228.0,328092.8
5312,74388,49.0833,9.1931,Baden-Württemberg,BW,Landkreis Heilbronn,8125.0,"(49.0833, 9.1931)",126565.4,377700.9,462222.6,189566.2,183794.9,589678.5,191937.0,274749.8,381856.3,362959.0,401594.9,265388.8,324177.3,373333.5,388385.7,319380.8
5313,74389,49.045,9.0369,Baden-Württemberg,BW,Landkreis Heilbronn,8125.0,"(49.045, 9.0369)",141794.2,371562.0,477451.4,183427.3,174792.1,604907.4,157872.3,289978.6,375717.4,356820.1,395456.0,280617.6,318038.4,391185.1,382246.7,337232.4
5314,74391,49.0225,9.0972,Baden-Württemberg,BW,Ludwigsburg,8118.0,"(49.0225, 9.0972)",142770.4,376042.5,478427.6,187907.8,168554.2,605883.5,154798.6,290954.8,380197.9,361300.6,399936.5,281593.8,322518.8,389538.5,386727.2,335585.8
5315,74392,49.0097,9.0592,Baden-Württemberg,BW,Ludwigsburg,8118.0,"(49.0097, 9.0592)",145787.2,379971.3,481444.4,191836.6,168795.5,608900.4,150686.1,293971.6,384126.7,365229.4,403865.3,284610.7,326447.7,392555.3,390656.1,338602.6
5316,74394,48.9941,9.1863,Baden-Württemberg,BW,Ludwigsburg,8118.0,"(48.9941, 9.1863)",134875.7,397141.6,470532.9,209006.9,172802.2,597988.8,186543.3,283060.0,401297.0,382399.7,421035.6,273699.1,343617.9,381643.8,407826.3,327691.1
5317,74395,49.0008,9.2078,Baden-Württemberg,BW,Ludwigsburg,8118.0,"(49.0008, 9.2078)",131141.3,393407.2,466798.5,205272.5,169067.8,594254.5,182809.0,279325.7,397562.6,378665.3,417301.2,269964.7,339883.6,377909.4,404092.0,323956.7
5318,74397,49.0644,8.9764,Baden-Württemberg,BW,Landkreis Heilbronn,8125.0,"(49.0644, 8.9764)",146331.1,370733.8,481988.3,182599.1,181817.4,609444.2,153478.7,294515.5,374889.2,355991.9,394627.8,285154.5,317210.1,390356.9,381418.5,336404.2
5319,74399,49.0142,9.1511,Baden-Württemberg,BW,Ludwigsburg,8118.0,"(49.0142, 9.1511)",138087.7,400353.6,473744.9,212218.9,167135.2,601200.8,160301.2,286272.1,404509.0,385611.7,424247.6,276911.1,346830.0,384855.8,411038.3,330903.1
5320,74405,49.0003,9.7695,Baden-Württemberg,BW,Schwäbisch Hall,8127.0,"(49.0003, 9.7695)",134406.0,430479.1,435663.4,242344.4,135885.5,563119.3,244715.2,248190.5,434634.5,415737.2,454373.1,238829.6,376955.5,398406.9,441163.8,344454.2
5321,74417,48.9333,9.7444,Baden-Württemberg,BW,Ostalbkreis,8136.0,"(48.9333, 9.7444)",144607.6,427933.5,445865.0,239798.8,125711.7,573321.0,225151.0,258392.2,432088.9,413191.6,451827.5,177168.3,374409.9,408608.6,438618.3,354655.9
5322,74420,49.0144,9.6672,Baden-Württemberg,BW,Schwäbisch Hall,8127.0,"(49.0144, 9.6672)",133791.1,412187.6,435048.5,224052.9,139975.4,562504.4,226423.7,247575.6,416343.0,397445.7,436081.6,238214.7,358664.0,397792.1,422872.3,343839.4
5323,74423,49.0567,9.8992,Baden-Württemberg,BW,Schwäbisch Hall,8127.0,"(49.0567, 9.8992)",108124.4,429600.3,409381.8,244349.2,125025.4,536837.7,243836.4,221908.9,433755.7,414858.4,453494.3,212548.0,376076.7,372125.4,440285.0,318172.6
5324,74424,49.0417,9.9086,Baden-Württemberg,BW,Schwäbisch Hall,8127.0,"(49.0417, 9.9086)",110116.8,431898.8,411374.2,246341.6,122725.6,538830.1,246134.8,223901.3,436054.2,417156.8,455792.8,214540.4,378375.1,374117.8,442583.5,320165.1
5325,74426,49.0033,9.9206,Baden-Württemberg,BW,Schwäbisch Hall,8127.0,"(49.0033, 9.9206)",115493.7,437275.7,416751.1,251718.5,119150.3,544207.0,251511.8,229278.3,441431.1,422533.7,461169.7,165174.2,383752.0,379494.7,447960.4,325542.0
5326,74427,48.986,9.712,Baden-Württemberg,BW,Schwäbisch Hall,8127.0,"(48.986, 9.712)",139013.5,417741.4,440270.9,229606.7,134539.5,567726.8,220877.8,252798.1,421896.8,402999.5,441635.4,243437.1,364217.7,403014.5,428426.1,349061.8
5327,74429,48.9667,9.85,Baden-Württemberg,BW,Schwäbisch Hall,8127.0,"(48.9667, 9.85)",142879.5,438952.6,444136.9,250817.9,123511.3,571592.8,253188.7,256664.0,443108.0,424210.7,462846.6,170011.2,385429.0,406880.5,449637.4,352927.7
5328,74523,49.1113,9.7391,Baden-Württemberg,BW,Schwäbisch Hall,8127.0,"(49.1113, 9.7391)",115022.1,416002.3,416279.5,227867.6,139501.5,543735.5,230238.3,228806.7,420157.7,401260.3,439896.2,219445.7,362478.6,379023.1,426687.0,325070.4
5329,74532,49.1702,9.9183,Baden-Württemberg,BW,Schwäbisch Hall,8127.0,"(49.1702, 9.9183)",97536.6,422452.0,398794.0,233761.5,154190.6,526250.0,236688.0,211321.2,426607.4,407710.0,446345.9,201960.3,368928.3,361537.6,433136.7,307584.9
