,zipcode,lat,long,state,state_code,community_name,community_code,coor,AKB Kitzingen,AKB Dortmund,AKB Zörbig,AKB Schöneck,AKB Buch,Mosolf Etzin,Mosolf Kippenheim,BLG Kelheim,BLG Duisburg,BLG Neuss,Carservice Erkens,ARS Altmann Wolnzach,CAT Zülpich,Autohaus Siebrecht,Neu: FleetParQ Essen ,Neu: FleetParQ Kassel
4592,66806,49.3,6.7833,Saarland,SL,Saarlouis,10044.0,"(49.3, 6.7833)",325210.9,341153.0,604580.3,226391.5,354393.2,732036.2,193620.1,486322.2,305917.6,278161.6,316270.8,476961.3,216737.3,439639.4,320424.8,385686.7
4593,66809,49.3833,6.7833,Saarland,SL,Saarlouis,10044.0,"(49.3833, 6.7833)",328917.1,323460.0,608286.4,230097.7,358099.4,735742.4,207881.2,490028.4,288224.7,260468.7,298577.9,480667.5,199044.3,443345.6,302731.9,389392.9
4594,66822,49.4112,6.9099,Saarland,SL,Saarlouis,10044.0,"(49.4112, 6.9099)",316836.2,312744.1,596205.5,218016.8,346018.5,723661.5,202978.4,477947.5,277508.8,249752.8,287862.0,468586.6,188328.4,431264.7,292016.0,377312.0
4595,66839,49.4333,6.85,Saarland,SL,Saarlouis,10044.0,"(49.4333, 6.85)",323827.4,317280.9,603196.7,225008.0,353009.6,730652.6,216531.1,484938.7,282045.6,254289.6,292398.8,475577.7,192865.2,438255.9,296552.8,384303.2
4596,66849,49.4131,7.5702,Rheinland-Pfalz,RP,Landkreis Kaiserslautern,7335.0,"(49.4131, 7.5702)",257940.3,357094.0,537309.7,159120.9,333234.1,664765.6,241725.0,419051.6,321858.6,294102.6,332211.8,409690.7,217329.8,372368.8,330563.5,318416.1
4597,66851,49.3625,7.602075,Rheinland-Pfalz,RP,Landkreis Kaiserslautern,7335.0,"(49.3625, 7.602075)",269354.0,347875.9,548723.3,170534.6,297388.6,676179.2,176939.2,430465.2,312640.6,284884.6,322993.8,421104.3,223460.2,383782.4,327147.8,329829.7
4598,66862,49.4167,7.6167,Rheinland-Pfalz,RP,Landkreis Kaiserslautern,7335.0,"(49.4167, 7.6167)",254929.6,354083.3,534299.0,156110.3,330223.5,661754.9,238714.3,416040.9,318847.9,291091.9,329201.1,406680.0,220580.1,369358.1,327552.8,315405.4
4599,66869,49.5421,7.390750000000001,Rheinland-Pfalz,RP,Landkreis Kusel,7336.0,"(49.5421, 7.390750000000001)",278873.4,325638.1,558242.7,180054.0,354167.2,685698.6,262658.1,439984.7,290402.8,262646.8,300756.0,430623.7,201222.4,393301.8,304910.0,339349.1
4600,66871,49.53507857142857,7.354228571428571,Rheinland-Pfalz,RP,Landkreis Kusel,7336.0,"(49.53507857142857, 7.354228571428571)",278586.5,325351.2,557955.8,179767.1,353880.3,685411.7,262371.1,439697.7,290115.8,262359.8,300469.0,430336.8,200935.5,393014.9,304623.0,339062.2
4601,66877,49.4445,7.5553,Rheinland-Pfalz,RP,Landkreis Kaiserslautern,7335.0,"(49.4445, 7.5553)",259070.0,358223.6,538439.3,160250.6,334363.8,665895.2,242854.7,420181.3,322988.2,295232.3,333341.5,410820.3,215010.2,373498.5,331693.2,319545.7
4602,66879,49.49505714285714,7.527157142857143,Rheinland-Pfalz,RP,Landkreis Kusel,7336.0,"(49.49505714285714, 7.527157142857143)",263244.4,362398.0,542613.7,164425.0,338538.2,670069.6,247029.0,424355.6,327162.6,299406.6,337515.8,414994.7,220468.1,377672.8,335867.5,323720.1
4603,66882,49.4167,7.4833,Rheinland-Pfalz,RP,Landkreis Kaiserslautern,7335.0,"(49.4167, 7.4833)",263797.0,339006.9,543166.3,164977.6,339090.8,670622.2,209518.1,424908.3,303771.6,276015.6,314124.8,415547.3,214591.2,378225.4,318278.8,324272.7
4604,66885,49.55925,7.462300000000001,Rheinland-Pfalz,RP,Landkreis Kusel,7336.0,"(49.55925, 7.462300000000001)",272524.3,331338.0,551893.6,173704.9,347818.1,679349.6,256309.0,433635.6,296102.7,268346.7,306455.9,424274.7,206922.3,386952.8,310609.9,333000.1
4605,66887,49.56828,7.491573333333333,Rheinland-Pfalz,RP,Landkreis Kusel,7336.0,"(49.56828, 7.491573333333333)",278048.6,316717.4,557417.9,179229.2,353342.4,684873.8,261833.3,439159.9,281482.0,253726.0,291835.2,429798.9,212971.4,392477.0,290186.9,338524.3
4606,66892,49.3833,7.4333,Rheinland-Pfalz,RP,Landkreis Kaiserslautern,7335.0,"(49.3833, 7.4333)",268666.2,347697.8,548035.5,169846.8,343960.0,675491.5,206333.1,429777.5,312462.4,284706.4,322815.6,420416.6,223282.1,383094.7,326969.6,329142.0
4607,66894,49.351844444444446,7.455555555555555,Rheinland-Pfalz,RP,Südwestpfalz,7340.0,"(49.351844444444446, 7.455555555555555)",281976.2,358908.3,561345.5,183156.8,302092.6,688801.4,211255.0,443087.5,323673.0,295917.0,334026.2,433726.5,234492.6,396404.6,338180.2,342451.9
4608,66901,49.4074,7.3723,Rheinland-Pfalz,RP,Landkreis Kusel,7336.0,"(49.4074, 7.3723)",277038.2,336176.0,556407.5,178218.8,352332.0,683863.4,203541.1,438149.5,300940.7,273184.7,311293.9,428788.5,211760.3,391466.6,315447.9,337513.9
4609,66903,49.43878,7.34116,Rheinland-Pfalz,RP,Landkreis Kusel,7336.0,"(49.43878, 7.34116)",278720.3,331441.7,558089.6,179900.9,354014.1,685545.5,209955.0,439831.6,296206.3,268450.3,306559.5,430470.6,207026.0,393148.7,310713.5,339196.0
4610,66904,49.432500000000005,7.380000000000001,Rheinland-Pfalz,RP,Landkreis Kusel,7336.0,"(49.432500000000005, 7.380000000000001)",276741.7,333558.6,556111.0,177922.3,352035.5,683567.0,208948.3,437853.0,298323.2,270567.3,308676.5,428492.0,209142.9,391170.2,312830.4,337217.5
4611,66907,49.47895,7.44205,Rheinland-Pfalz,RP,Landkreis Kusel,7336.0,"(49.47895, 7.44205)",268143.1,331890.5,547512.4,169323.7,343436.9,674968.3,251927.8,429254.4,296655.1,268899.1,307008.3,419893.4,207474.8,382571.5,311162.3,328618.8
4612,66909,49.477,7.38909,Rheinland-Pfalz,RP,Landkreis Kusel,7336.0,"(49.477, 7.38909)",272363.9,329566.2,551733.2,173544.5,347657.7,679189.2,256148.6,433475.2,294330.8,266574.8,304684.0,424114.3,205150.5,386792.4,308838.0,332839.7
4613,66914,49.3833,7.3333,Rheinland-Pfalz,RP,Landkreis Kusel,7336.0,"(49.3833, 7.3333)",275175.3,339426.8,554544.6,176355.9,350469.1,682000.5,201678.2,436286.6,304191.4,276435.4,314544.7,426925.6,215011.1,389603.7,318698.6,335651.0
4614,66916,49.4246,7.2861,Rheinland-Pfalz,RP,Landkreis Kusel,7336.0,"(49.4246, 7.2861)",281532.9,338278.6,560902.2,182713.5,356826.7,688358.1,208035.8,442644.2,303043.3,275287.3,313396.5,433283.2,213862.9,395961.3,317550.5,342008.6
4615,66917,49.322366666666674,7.5016,Rheinland-Pfalz,RP,Südwestpfalz,7340.0,"(49.322366666666674, 7.5016)",274696.9,353218.9,554066.3,175877.6,296279.3,681522.2,175829.9,435808.2,317983.6,290227.6,328336.8,426447.3,228803.2,389125.4,332490.8,335172.7
4616,66919,49.325,7.579414285714286,Rheinland-Pfalz,RP,Südwestpfalz,7340.0,"(49.325, 7.579414285714286)",274923.7,353445.7,554293.0,176104.3,295821.4,681748.9,175372.0,436035.0,318210.3,290454.3,328563.5,426674.0,229030.0,389352.2,332717.5,335399.4
4617,66953,49.2149,7.629,Rheinland-Pfalz,RP,"Pirmasens, kreisfreie Stadt",7317.0,"(49.2149, 7.629)",253826.8,371318.9,572166.2,193977.5,277711.3,699622.2,157262.0,401784.0,336083.5,308327.5,346436.7,392423.1,246903.2,407225.4,350590.7,353272.7
4618,66954,49.2071,7.5911,Rheinland-Pfalz,RP,"Pirmasens, kreisfreie Stadt",7317.0,"(49.2071, 7.5911)",254921.3,370782.2,571629.5,193440.8,278805.8,699085.5,158356.4,402878.5,335546.8,307790.8,345900.0,393517.5,246366.5,406688.7,350054.0,352736.0
4619,66955,49.1839,7.6134,Rheinland-Pfalz,RP,"Pirmasens, kreisfreie Stadt",7317.0,"(49.1839, 7.6134)",254456.1,373984.8,574832.2,196643.4,278340.6,702288.1,153957.4,402413.3,338749.5,310993.5,349102.7,393052.3,249569.1,409891.3,353256.7,355938.6
4620,66957,49.149075,7.5648125,Rheinland-Pfalz,RP,Südwestpfalz,7340.0,"(49.149075, 7.5648125)",262295.3,379787.0,582671.4,204482.7,286179.9,710127.3,140520.4,410252.5,344551.7,316795.7,354904.9,400891.6,255371.3,417730.5,359058.9,363777.8
4621,66969,49.1731,7.6511,Rheinland-Pfalz,RP,Südwestpfalz,7340.0,"(49.1731, 7.6511)",249718.6,376825.8,575422.0,199484.4,266894.1,702878.0,147671.8,397675.8,341590.5,313834.5,351943.7,388314.9,252410.1,410481.2,356097.7,356528.5
4622,66976,49.2394,7.6396,Rheinland-Pfalz,RP,Südwestpfalz,7340.0,"(49.2394, 7.6396)",252920.0,367597.1,555872.0,177683.3,276804.5,683328.0,156355.1,400877.2,332361.7,304605.8,342715.0,391516.2,243181.4,390931.2,349125.9,336978.5
4623,66978,49.2611,7.70465,Rheinland-Pfalz,RP,Südwestpfalz,7340.0,"(49.2611, 7.70465)",273704.7,372858.3,553074.0,174885.3,279032.4,680529.9,158583.0,403105.0,337623.0,309867.0,347976.2,393744.1,243453.2,388133.2,346327.9,334180.4
4624,66981,49.2167,7.7,Rheinland-Pfalz,RP,Südwestpfalz,7340.0,"(49.2167, 7.7)",245944.2,378175.5,571647.6,185388.2,269828.7,699103.5,149379.3,393901.4,342940.1,315184.1,353293.3,384540.5,253759.8,406706.8,357447.3,352754.0
4625,66987,49.2667,7.5833,Rheinland-Pfalz,RP,Südwestpfalz,7340.0,"(49.2667, 7.5833)",282769.5,361291.5,562138.9,183950.1,284940.0,689594.8,164490.7,443880.8,326056.2,298300.2,336409.4,434519.9,236875.8,397198.0,340563.4,343245.3
4626,66989,49.24596,7.55946,Rheinland-Pfalz,RP,Südwestpfalz,7340.0,"(49.24596, 7.55946)",285731.1,364253.1,565100.4,186911.7,281722.2,692556.4,161272.8,405794.8,329017.7,301261.7,339370.9,396433.9,239837.4,400159.6,343524.9,346206.9
4627,66994,49.151,7.7784,Rheinland-Pfalz,RP,Südwestpfalz,7340.0,"(49.151, 7.7784)",247208.0,388347.5,572911.4,200212.8,254492.4,700367.4,135270.1,395165.2,353912.8,326156.8,364266.0,358784.4,264732.5,407970.6,368420.0,354017.9
4628,66996,49.09376666666666,7.753283333333333,Rheinland-Pfalz,RP,Südwestpfalz,7340.0,"(49.09376666666666, 7.753283333333333)",257336.3,398475.7,583039.7,210341.1,263146.8,710495.7,117142.0,405293.5,369590.4,341834.4,379943.6,367438.7,280410.0,418098.9,384097.6,364146.2
4629,66999,49.2,7.75,Rheinland-Pfalz,RP,Südwestpfalz,7340.0,"(49.2, 7.75)",240219.0,381358.5,565922.5,193223.8,264103.6,693378.4,142285.1,388176.2,346923.8,319167.8,357277.0,378815.3,257743.5,400981.6,361431.0,347028.9
4630,67059,49.4828,8.4376,Rheinland-Pfalz,RP,"Ludwigshafen am Rhein, kreisfreie Stadt",7314.0,"(49.4828, 8.4376)",198059.4,301308.2,485872.2,113173.5,260199.1,613328.1,168690.0,346016.6,306864.1,279108.1,317217.3,336655.6,239799.6,320931.3,312101.8,266978.6
4631,67061,49.4705,8.4454,Rheinland-Pfalz,RP,"Ludwigshafen am Rhein, kreisfreie Stadt",7314.0,"(49.4705, 8.4454)",196072.1,302477.2,487041.1,114342.5,258211.8,614497.1,166702.7,344029.3,307740.5,279984.5,318093.7,334668.4,240676.1,322100.3,313270.7,268147.6
4632,67063,49.499,8.4109,Rheinland-Pfalz,RP,"Ludwigshafen am Rhein, kreisfreie Stadt",7314.0,"(49.499, 8.4109)",211880.3,306188.4,490752.4,118053.7,259704.0,618208.3,168194.8,345521.4,301691.7,273935.7,312044.9,336160.5,234627.3,325811.5,316981.9,271858.8
4633,67065,49.4603,8.4162,Rheinland-Pfalz,RP,"Ludwigshafen am Rhein, kreisfreie Stadt",7314.0,"(49.4603, 8.4162)",195822.1,304476.1,489040.1,116341.4,257961.9,616496.0,166452.7,343779.3,307325.9,279569.9,317679.1,334418.4,240261.5,324099.2,315269.6,270146.5
4634,67067,49.4811,8.4353,Rheinland-Pfalz,RP,"Ludwigshafen am Rhein, kreisfreie Stadt",7314.0,"(49.4811, 8.4353)",197998.0,301036.9,485600.9,112902.2,260137.8,613056.8,168628.6,345955.2,306592.8,278836.8,316946.0,336594.3,239528.4,320660.1,311830.5,266707.3
4635,67069,49.5235,8.4022,Rheinland-Pfalz,RP,"Ludwigshafen am Rhein, kreisfreie Stadt",7314.0,"(49.5235, 8.4022)",209189.8,303497.9,488061.9,115363.2,275990.0,615517.8,184480.9,361807.5,299001.3,271245.3,309354.5,352446.5,231936.8,323121.0,314291.5,269168.3
4636,67071,49.489,8.3791,Rheinland-Pfalz,RP,"Ludwigshafen am Rhein, kreisfreie Stadt",7314.0,"(49.489, 8.3791)",201934.9,309023.1,493587.1,120888.4,264074.6,621043.1,172565.5,349892.1,303913.0,276157.1,314266.3,340531.2,236848.6,328646.3,319816.7,274693.6
4637,67098,49.4563,8.0814,Rheinland-Pfalz,RP,Landkreis Bad Dürkheim,7332.0,"(49.4563, 8.0814)",219871.9,332318.4,516882.4,144183.7,270774.7,644338.3,170710.2,367829.1,315558.2,287802.2,325911.4,358468.2,248493.8,351941.5,343111.9,297988.8
4638,67105,49.3842,8.3775,Rheinland-Pfalz,RP,Rhein-Pfalz-Kreis,7338.0,"(49.3842, 8.3775)",189057.7,327650.5,512214.5,139515.8,251197.5,639670.5,153110.5,337014.9,310890.4,283134.4,321243.6,327654.0,243826.0,347273.7,338444.1,293321.0
4639,67112,49.4414,8.3561,Rheinland-Pfalz,RP,Rhein-Pfalz-Kreis,7338.0,"(49.4414, 8.3561)",197803.6,314006.4,498570.4,125871.7,259943.3,626026.3,168434.2,345760.8,304196.7,276440.7,314549.9,336399.9,237132.2,333629.5,324799.9,279676.8
4640,67117,49.4244,8.3919,Rheinland-Pfalz,RP,Rhein-Pfalz-Kreis,7338.0,"(49.4244, 8.3919)",190353.3,318087.5,502651.5,129952.8,252493.0,630107.4,160983.9,338310.5,309691.1,281935.1,320044.3,328949.5,242626.7,337710.6,328881.1,283757.9
4641,67122,49.4356,8.4947,Rheinland-Pfalz,RP,Rhein-Pfalz-Kreis,7338.0,"(49.4356, 8.4947)",189299.2,304669.8,489233.8,116535.2,251438.9,616689.8,159929.8,337256.4,308934.1,290036.8,342074.6,327895.5,250333.6,324293.0,315463.4,270340.3
4642,67125,49.4403,8.3086,Rheinland-Pfalz,RP,Rhein-Pfalz-Kreis,7338.0,"(49.4403, 8.3086)",199544.3,319920.9,504484.9,131786.2,261684.0,631940.8,161834.7,347501.5,303160.8,275404.8,313514.0,338140.5,236096.3,339544.1,330714.5,285591.3
4643,67126,49.4194,8.2817,Rheinland-Pfalz,RP,Rhein-Pfalz-Kreis,7338.0,"(49.4194, 8.2817)",200931.6,321308.2,505872.2,133173.5,263071.3,633328.1,163600.1,348888.7,304548.1,276792.1,314901.3,339527.8,237483.6,340931.3,332101.8,286978.6
4644,67127,49.43,8.2614,Rheinland-Pfalz,RP,Rhein-Pfalz-Kreis,7338.0,"(49.43, 8.2614)",202691.1,323067.7,507631.7,134933.0,264830.8,635087.7,160777.5,350648.3,306307.6,278551.6,316660.8,341287.3,239243.2,342690.9,333861.3,288738.2
4645,67133,49.4881,8.2917,Rheinland-Pfalz,RP,Rhein-Pfalz-Kreis,7338.0,"(49.4881, 8.2917)",205648.6,319305.8,503869.8,131171.1,267788.3,631325.7,176279.2,353605.8,302545.6,274789.6,312898.8,344244.8,235481.2,338928.9,330099.3,284976.2
4646,67134,49.4814,8.2619,Rheinland-Pfalz,RP,Rhein-Pfalz-Kreis,7338.0,"(49.4814, 8.2619)",205404.2,317850.6,502414.6,129715.9,267543.9,629870.5,176034.7,353361.4,301090.5,273334.5,311443.7,344000.4,234026.0,337473.7,328644.2,283521.0
4647,67136,49.4611,8.2922,Rheinland-Pfalz,RP,Rhein-Pfalz-Kreis,7338.0,"(49.4611, 8.2922)",201900.9,317094.8,501658.8,128960.1,264040.6,629114.7,164191.3,349858.1,300334.6,272578.6,310687.8,340497.1,233270.2,336717.9,327888.3,282765.2
4648,67141,49.4278,8.4247,Rheinland-Pfalz,RP,Rhein-Pfalz-Kreis,7338.0,"(49.4278, 8.4247)",191409.9,318991.4,503555.4,130856.7,253549.6,631011.3,162040.5,339367.1,310595.0,282839.0,320948.2,330006.1,243530.6,338614.5,329785.0,284661.8
4649,67146,49.4078,8.1844,Rheinland-Pfalz,RP,Landkreis Bad Dürkheim,7332.0,"(49.4078, 8.1844)",214323.7,328450.1,513014.1,140315.4,257455.0,640470.0,157390.4,362280.9,311690.0,283934.0,322043.2,352920.0,244625.5,348073.3,339243.7,294120.5
4650,67147,49.4258,8.1911,Rheinland-Pfalz,RP,Landkreis Bad Dürkheim,7332.0,"(49.4258, 8.1911)",214624.0,327073.7,511637.7,138939.0,257755.2,639093.6,157690.7,362581.2,310313.5,282557.5,320666.7,353220.3,243249.1,346696.8,337867.2,292744.1
4651,67149,49.4044,8.2392,Rheinland-Pfalz,RP,Landkreis Bad Dürkheim,7332.0,"(49.4044, 8.2392)",201280.7,324957.8,509521.8,136823.1,256630.6,636977.7,156566.0,349237.9,308197.6,280441.7,318550.9,339877.0,241133.2,344580.9,335751.4,290628.2
4652,67150,49.415,8.21,Rheinland-Pfalz,RP,Landkreis Bad Dürkheim,7332.0,"(49.415, 8.21)",207078.5,325999.5,510563.5,137864.8,256294.7,638019.4,156230.1,355035.7,309239.3,281483.3,319592.5,345674.7,242174.9,345622.6,336793.1,291669.9
4653,67152,49.4003,8.1961,Rheinland-Pfalz,RP,Landkreis Bad Dürkheim,7332.0,"(49.4003, 8.1961)",211941.4,332318.1,516882.1,144183.4,255072.6,644338.0,155008.1,359898.6,315557.9,287801.9,325911.1,350537.7,248493.5,351941.2,343111.6,297988.5
4654,67157,49.448,8.1712,Rheinland-Pfalz,RP,Landkreis Bad Dürkheim,7332.0,"(49.448, 8.1712)",213627.8,326074.3,510638.3,137939.6,261850.8,638094.2,161786.2,361585.0,309314.1,281558.1,319667.3,352224.1,242249.7,345697.4,336867.9,291744.7
4655,67158,49.4617,8.2594,Rheinland-Pfalz,RP,Landkreis Bad Dürkheim,7332.0,"(49.4617, 8.2594)",204581.3,319013.1,503577.0,130878.4,266721.1,631033.0,164053.7,352538.5,302252.9,274496.9,312606.1,343177.6,235188.5,338636.2,329806.6,284683.5
4656,67159,49.4469,8.2231,Rheinland-Pfalz,RP,Landkreis Bad Dürkheim,7332.0,"(49.4469, 8.2231)",209753.2,322199.6,506763.6,134064.9,260094.6,634219.5,160030.0,357710.4,305439.5,277683.5,315792.7,348349.4,238375.0,341822.8,332993.2,287870.0
4657,67161,49.4481,8.2386,Rheinland-Pfalz,RP,Landkreis Bad Dürkheim,7332.0,"(49.4481, 8.2386)",206059.3,321891.0,506455.0,133756.3,261886.8,633911.0,161822.3,354016.5,305130.9,277374.9,315484.1,344655.5,238066.5,341514.2,332684.6,287561.5
4658,67165,49.3953,8.4403,Rheinland-Pfalz,RP,Rhein-Pfalz-Kreis,7338.0,"(49.3953, 8.4403)",187411.3,322246.4,506810.4,134111.7,249551.0,634266.3,158041.9,335368.5,313850.0,286094.0,324203.2,326007.6,246785.6,341869.5,333040.0,287916.8
4659,67166,49.3722,8.4478,Rheinland-Pfalz,RP,Rhein-Pfalz-Kreis,7338.0,"(49.3722, 8.4478)",185493.4,325792.7,510356.7,137658.0,247633.1,637812.6,156124.0,333450.6,319154.9,291398.9,329508.1,324089.7,252090.4,345415.8,336586.3,291463.1
4660,67167,49.4892,8.2247,Rheinland-Pfalz,RP,Landkreis Bad Dürkheim,7332.0,"(49.4892, 8.2247)",210529.2,322975.7,507539.7,134841.0,272669.0,634995.6,181159.8,358486.4,306215.6,278459.6,316568.8,349125.5,239151.1,342598.8,333769.3,288646.1
4661,67169,49.4908,8.1761,Rheinland-Pfalz,RP,Landkreis Bad Dürkheim,7332.0,"(49.4908, 8.1761)",212911.4,321791.9,506355.9,133657.2,275051.1,633811.8,166087.5,360868.6,305227.8,277471.8,315581.0,351507.7,238163.3,341415.0,332585.5,287462.3
4662,67227,49.5386,8.354,Rheinland-Pfalz,RP,"Frankenthal (Pfalz), kreisfreie Stadt",7311.0,"(49.5386, 8.354)",209342.5,303650.6,488214.6,115515.9,275174.0,615670.5,183664.8,360991.4,292881.1,265125.1,303234.3,351630.5,225816.7,323273.7,314444.1,269321.0
4663,67229,49.54673333333333,8.241333333333333,Rheinland-Pfalz,RP,Landkreis Bad Dürkheim,7332.0,"(49.54673333333333, 8.241333333333333)",217895.9,312204.0,496768.0,124069.3,274786.7,624223.9,183277.6,360604.2,295607.4,267851.5,305960.7,351243.2,228543.0,331827.1,322997.5,277874.4
4664,67240,49.5875,8.3578,Rheinland-Pfalz,RP,Rhein-Pfalz-Kreis,7338.0,"(49.5875, 8.3578)",200104.9,294413.0,478977.0,106278.3,277613.2,606432.9,186104.1,363430.7,295741.8,267985.8,306095.0,354069.7,228677.4,314036.1,305206.6,260083.4
4665,67245,49.5136,8.2878,Rheinland-Pfalz,RP,Rhein-Pfalz-Kreis,7338.0,"(49.5136, 8.2878)",209241.2,310432.2,494996.2,122297.5,271381.0,622452.1,179871.8,357198.4,299662.8,271906.8,310016.0,347837.5,232598.3,330055.4,321225.8,276102.6
4666,67246,49.5633,8.2447,Rheinland-Pfalz,RP,Landkreis Bad Dürkheim,7332.0,"(49.5633, 8.2447)",217072.6,311380.8,495944.7,123246.1,277146.6,623400.7,185637.4,362964.0,292418.4,264662.4,302771.6,353603.1,225354.0,331003.9,301123.3,277051.2
4667,67251,49.5065,8.2119,Rheinland-Pfalz,RP,Landkreis Bad Dürkheim,7332.0,"(49.5065, 8.2119)",213343.8,322413.1,506977.1,134278.5,275483.5,634433.1,168496.7,361301.0,305849.0,278093.0,316202.2,351940.1,238784.6,342036.3,333206.7,288083.6
4668,67256,49.5181,8.2478,Rheinland-Pfalz,RP,Landkreis Bad Dürkheim,7332.0,"(49.5181, 8.2478)",209248.4,312791.4,497355.4,124656.7,271388.1,624811.3,179879.0,357205.6,304934.7,277178.7,315287.9,347844.7,237870.3,332414.6,323585.0,278461.9
4669,67258,49.5458,8.3078,Rheinland-Pfalz,RP,Rhein-Pfalz-Kreis,7338.0,"(49.5458, 8.3078)",212435.0,306743.1,491307.1,118608.4,278266.5,618763.0,186757.3,364083.9,295973.6,268217.6,306326.8,354723.0,228909.2,326366.2,317536.6,272413.5
4670,67259,49.571475,8.311150000000001,Rheinland-Pfalz,RP,Rhein-Pfalz-Kreis,7338.0,"(49.571475, 8.311150000000001)",204214.1,298522.2,483086.2,110387.5,279192.0,610542.1,187682.8,365009.4,289884.5,262128.6,300237.8,355648.5,222820.1,318145.3,309315.8,264192.6
4671,67269,49.563,8.1628,Rheinland-Pfalz,RP,Landkreis Bad Dürkheim,7332.0,"(49.563, 8.1628)",221989.9,316298.0,500861.9,128163.3,283375.7,628317.9,191866.5,369193.1,299733.8,271977.8,310087.1,359832.2,232669.4,335921.1,327091.5,281968.4
4672,67271,49.56051666666667,8.15645,Rheinland-Pfalz,RP,Landkreis Bad Dürkheim,7332.0,"(49.56051666666667, 8.15645)",221920.1,316228.2,500792.2,128093.5,283305.9,628248.1,191796.8,369123.4,299664.1,271908.1,310017.3,359762.4,232599.6,335851.3,327021.8,281898.6
4673,67273,49.5169,8.16785,Rheinland-Pfalz,RP,Landkreis Bad Dürkheim,7332.0,"(49.5169, 8.16785)",225814.4,320122.5,504686.5,131987.8,279620.7,632142.4,170657.0,365438.1,303558.4,275802.4,313911.6,356077.2,236494.0,339745.7,330916.1,285793.0
