,zipcode,lat,long,state,state_code,community_name,community_code,coor,AKB Kitzingen,AKB Dortmund,AKB Zörbig,AKB Schöneck,AKB Buch,Mosolf Etzin,Mosolf Kippenheim,BLG Kelheim,BLG Duisburg,BLG Neuss,Carservice Erkens,ARS Altmann Wolnzach,CAT Zülpich,Autohaus Siebrecht,Neu: FleetParQ Essen ,Neu: FleetParQ Kassel
5576,77784,48.3736,8.1254,Baden-Württemberg,BW,Ortenaukreis,8317.0,"(48.3736, 8.1254)",302926.0,457738.9,638356.0,269604.2,238512.1,765811.9,30797.9,379152.5,461894.3,442996.9,481884.0,342804.0,404466.4,477362.0,468423.6,423409.3
5577,77787,48.4,8.0833,Baden-Württemberg,BW,Ortenaukreis,8317.0,"(48.4, 8.0833)",304261.1,459074.0,639691.1,270939.3,289986.3,767147.0,30395.2,452218.3,463229.4,444332.1,483219.1,394278.2,405801.5,478697.1,469758.7,424744.4
5578,77790,48.3,8.05,Baden-Württemberg,BW,Ortenaukreis,8317.0,"(48.3, 8.05)",299480.9,454293.8,634910.9,266159.1,248357.6,762366.9,26092.0,447438.1,458449.2,439551.9,478439.0,352649.6,401021.3,473917.0,464978.6,419964.3
5579,77791,48.406,7.9867,Baden-Württemberg,BW,Ortenaukreis,8317.0,"(48.406, 7.9867)",284258.3,439071.2,619688.4,250936.6,269983.5,747144.3,35890.2,432215.5,443226.6,424329.3,463216.4,374275.4,385798.7,458694.4,449756.0,404741.7
5580,77793,48.2484,8.2129,Baden-Württemberg,BW,Ortenaukreis,8317.0,"(48.2484, 8.2129)",283331.5,469683.8,618988.7,281549.2,243133.0,746444.6,41482.0,383773.4,473839.2,454941.9,493829.0,347425.0,416411.3,489307.0,480368.6,435354.3
5581,77794,48.5207,8.1151,Baden-Württemberg,BW,Ortenaukreis,8317.0,"(48.5207, 8.1151)",281379.9,436192.9,616810.0,248058.2,267105.1,744265.9,48107.6,429337.1,440348.3,421450.9,460338.0,371397.1,382920.3,455816.0,446877.6,401863.3
5582,77796,48.25,8.1167,Baden-Württemberg,BW,Ortenaukreis,8317.0,"(48.25, 8.1167)",307269.1,462082.0,642699.1,273947.3,248465.7,770155.1,33880.2,389106.1,466237.4,447340.1,486227.2,352757.6,408809.5,481705.2,472766.8,427752.5
5583,77797,48.4322,7.9938,Baden-Württemberg,BW,Ortenaukreis,8317.0,"(48.4322, 7.9938)",286067.2,440880.2,621497.3,252745.5,271792.4,748953.2,37699.1,434024.4,445035.6,426138.2,465025.3,376084.4,387607.6,460503.3,451564.9,406550.6
5584,77799,48.4516,7.9718,Baden-Württemberg,BW,Ortenaukreis,8317.0,"(48.4516, 7.9718)",279479.8,434292.7,614909.8,246158.0,265205.0,742365.7,31111.6,427437.0,438448.1,419550.8,458437.8,369496.9,381020.2,453915.8,444977.4,399963.1
5585,77815,48.6968,8.1352,Baden-Württemberg,BW,Rastatt,8216.0,"(48.6968, 8.1352)",246142.5,400955.4,581572.5,212820.7,231867.7,709028.4,62887.5,394099.6,405110.8,386213.4,425100.5,336159.6,347682.9,420578.5,411640.1,366625.8
5586,77830,48.6857,8.1888,Baden-Württemberg,BW,Rastatt,8216.0,"(48.6857, 8.1888)",250155.8,404968.8,585585.9,216834.1,235881.1,713041.8,66900.9,398113.0,409124.2,390226.8,429113.9,340173.0,351696.3,424591.9,415653.5,370639.2
5587,77833,48.6702,8.1132,Baden-Württemberg,BW,Rastatt,8216.0,"(48.6702, 8.1132)",250136.0,404948.9,585566.0,216814.2,235861.2,713021.9,56385.5,398093.2,409104.3,390207.0,429094.0,340153.1,351676.4,424572.0,415633.6,370619.3
5588,77836,48.7583,8.05,Baden-Württemberg,BW,Rastatt,8216.0,"(48.7583, 8.05)",243917.9,398730.9,579348.0,210596.2,229643.1,706803.9,66730.0,391875.1,402886.3,364588.1,402697.3,333935.1,325279.7,418354.0,409415.6,364401.3
5589,77839,48.7261,8.0049,Baden-Württemberg,BW,Rastatt,8216.0,"(48.7261, 8.0049)",249802.2,404615.2,585232.3,216480.5,235527.4,712688.2,59898.9,397759.4,408770.6,389873.2,407898.8,339819.4,330481.2,424238.3,415299.9,370285.6
5590,77855,48.6312,8.0761,Baden-Württemberg,BW,Ortenaukreis,8317.0,"(48.6312, 8.0761)",256372.1,411185.0,591802.2,223050.4,242097.3,719258.1,51511.0,404329.3,415340.4,396443.1,435330.2,346389.2,357912.5,430808.2,421869.8,376855.5
5591,77866,48.666,7.9366,Baden-Württemberg,BW,Ortenaukreis,8317.0,"(48.666, 7.9366)",259071.1,413884.0,594501.1,225749.3,244796.3,721957.0,54916.8,407028.3,418039.4,377411.1,415520.3,349088.2,338102.6,433507.1,424568.7,379554.4
5592,77871,48.5885,8.0132,Baden-Württemberg,BW,Ortenaukreis,8317.0,"(48.5885, 8.0132)",259665.1,414478.0,595095.1,226343.3,245390.3,722551.0,43386.2,407622.2,418633.4,399736.1,438623.1,349682.2,361205.5,434101.1,425162.7,380148.4
5593,77876,48.5918,8.1169,Baden-Württemberg,BW,Ortenaukreis,8317.0,"(48.5918, 8.1169)",260563.1,415376.0,595993.1,227241.3,246288.3,723449.0,55702.0,408520.3,419531.4,400634.1,439521.1,350580.2,362103.5,434999.1,426060.7,381046.4
5594,77880,48.6397,8.0937,Baden-Württemberg,BW,Ortenaukreis,8317.0,"(48.6397, 8.0937)",254083.8,408896.7,589513.8,220762.0,239809.0,716969.7,54167.2,402041.0,413052.1,394154.8,433041.8,344100.9,355624.2,428519.8,419581.4,374567.1
5595,77883,48.5667,8.15,Baden-Württemberg,BW,Ortenaukreis,8317.0,"(48.5667, 8.15)",264737.1,419550.1,600167.2,231415.4,250462.3,727623.1,59876.0,412694.3,423705.5,404808.1,443695.2,354754.3,366277.5,439173.2,430234.8,385220.5
5596,77886,48.65,8.1333,Baden-Württemberg,BW,Ortenaukreis,8317.0,"(48.65, 8.1333)",253391.9,408204.9,588822.0,220070.2,239117.1,716277.9,57463.2,401349.1,412360.3,393462.9,432350.0,343409.1,354932.3,427828.0,418889.6,373875.3
5597,77887,48.6167,8.1333,Baden-Württemberg,BW,Ortenaukreis,8317.0,"(48.6167, 8.1333)",261246.5,416059.4,596676.5,227924.7,246971.7,724132.4,56385.4,409203.7,420214.8,401317.5,440204.5,351263.6,362786.9,435682.5,426744.1,381729.8
5598,77889,48.5762,8.1705,Baden-Württemberg,BW,Ortenaukreis,8317.0,"(48.5762, 8.1705)",266585.2,421398.1,602015.2,233263.4,252310.4,729471.2,61724.1,414542.4,425553.5,406656.2,445543.2,356602.3,368125.6,441021.3,432082.9,387068.5
5599,77933,48.3372,7.8704,Baden-Württemberg,BW,Ortenaukreis,8317.0,"(48.3372, 7.8704)",295799.2,450612.1,631229.2,262477.4,281524.4,758685.1,6794.0,443756.3,454767.5,435870.2,474757.2,385816.3,397339.6,470235.2,461296.8,416282.5
5600,77948,48.3667,7.8833,Baden-Württemberg,BW,Ortenaukreis,8317.0,"(48.3667, 7.8833)",288988.1,443801.1,624418.2,255666.4,274713.3,751874.1,11008.1,436945.3,447956.5,429059.1,467946.2,379005.3,390528.5,463424.2,454485.8,409471.5
5601,77955,48.257,7.8125,Baden-Württemberg,BW,Ortenaukreis,8317.0,"(48.257, 7.8125)",301353.3,456166.3,636783.4,268031.6,287078.5,764239.3,5266.6,449310.5,460321.7,441424.3,480311.4,391370.5,402893.7,475789.4,466851.0,421836.7
5602,77960,48.3106,7.9407,Baden-Württemberg,BW,Ortenaukreis,8317.0,"(48.3106, 7.9407)",302359.4,457172.3,637789.5,269037.7,288084.6,765245.4,14000.0,450316.6,461327.7,442430.4,481317.5,392376.6,403899.8,476795.5,467857.1,422842.8
5603,77963,48.3667,7.7624,Baden-Württemberg,BW,Ortenaukreis,8317.0,"(48.3667, 7.7624)",293592.8,448405.7,629022.8,260271.0,279318.0,756478.7,11033.3,441550.0,452561.1,433663.8,472550.8,383609.9,395133.2,468028.8,459090.4,414076.1
5604,77966,48.2838,7.766,Baden-Württemberg,BW,Ortenaukreis,8317.0,"(48.2838, 7.766)",298913.8,453726.7,634343.8,265592.0,284639.0,761799.8,7940.5,446871.0,457882.1,438984.8,477871.9,388930.9,400454.2,473349.9,464411.5,419397.2
5605,77971,48.2956,7.8251,Baden-Württemberg,BW,Ortenaukreis,8317.0,"(48.2956, 7.8251)",298095.7,452908.7,633525.8,264774.0,283820.9,760981.7,0.0,446052.9,457064.1,438166.7,477053.8,388112.9,399636.1,472531.8,463593.4,418579.1
5606,77972,48.2864,7.8141,Baden-Württemberg,BW,Ortenaukreis,8317.0,"(48.2864, 7.8141)",302167.4,456980.3,637597.5,268845.7,287892.6,765053.4,1664.9,450124.6,461135.7,442238.4,481125.5,392184.5,403707.8,476603.5,467665.1,422650.8
5607,77974,48.4103,7.7727,Baden-Württemberg,BW,Ortenaukreis,8317.0,"(48.4103, 7.7727)",296427.1,451240.1,631857.2,263105.4,282152.3,759313.1,17759.5,444384.3,455395.5,436498.1,475385.2,386444.3,397967.5,470863.2,461924.8,416910.5
5608,77975,48.2477,7.7782,Baden-Württemberg,BW,Ortenaukreis,8317.0,"(48.2477, 7.7782)",302643.2,457456.1,638073.2,269321.4,288368.4,765529.2,7183.0,450600.4,461611.5,442714.2,481601.2,392660.3,404183.6,477079.3,468140.9,423126.5
5609,77977,48.2667,7.7333,Baden-Württemberg,BW,Ortenaukreis,8317.0,"(48.2667, 7.7333)",304027.6,458840.5,639457.6,270705.8,289752.8,766913.5,11449.9,451984.8,462995.9,444098.6,482985.6,394044.7,405568.0,478463.6,469525.2,424510.9
5610,77978,48.2667,7.95,Baden-Württemberg,BW,Ortenaukreis,8317.0,"(48.2667, 7.95)",308118.8,462931.8,643548.9,274797.1,293844.0,771004.8,19759.4,456076.0,467087.2,448189.8,487076.9,398136.0,409659.2,482554.9,473616.5,428602.2
5611,78048,48.0667,8.45,Baden-Württemberg,BW,Schwarzwald-Baar-Kreis,8326.0,"(48.0667, 8.45)",269856.4,514014.9,605513.6,325880.2,229657.9,732969.5,77681.5,370298.3,518170.3,499273.0,538160.0,333949.9,460742.4,516624.5,524699.6,462671.8
5612,78050,48.0667,8.45,Baden-Württemberg,BW,Schwarzwald-Baar-Kreis,8326.0,"(48.0667, 8.45)",269856.4,514014.9,605513.6,325880.2,229657.9,732969.5,77681.5,370298.3,518170.3,499273.0,538160.0,333949.9,460742.4,516624.5,524699.6,462671.8
5613,78052,48.0667,8.45,Baden-Württemberg,BW,Schwarzwald-Baar-Kreis,8326.0,"(48.0667, 8.45)",269856.4,514014.9,605513.6,325880.2,229657.9,732969.5,77681.5,370298.3,518170.3,499273.0,538160.0,333949.9,460742.4,516624.5,524699.6,462671.8
5614,78054,48.0667,8.45,Baden-Württemberg,BW,Schwarzwald-Baar-Kreis,8326.0,"(48.0667, 8.45)",269856.4,514014.9,605513.6,325880.2,229657.9,732969.5,77681.5,370298.3,518170.3,499273.0,538160.0,333949.9,460742.4,516624.5,524699.6,462671.8
5615,78056,48.0667,8.45,Baden-Württemberg,BW,Schwarzwald-Baar-Kreis,8326.0,"(48.0667, 8.45)",269856.4,514014.9,605513.6,325880.2,229657.9,732969.5,77681.5,370298.3,518170.3,499273.0,538160.0,333949.9,460742.4,516624.5,524699.6,462671.8
5616,78073,48.0209,8.5306,Baden-Württemberg,BW,Schwarzwald-Baar-Kreis,8326.0,"(48.0209, 8.5306)",266869.1,511027.6,602526.3,322892.9,213770.7,729982.2,85540.3,367311.0,515183.0,496285.7,535172.7,330962.6,457755.1,513637.2,521712.3,459684.5
5617,78078,48.1333,8.5333,Baden-Württemberg,BW,Schwarzwald-Baar-Kreis,8326.0,"(48.1333, 8.5333)",256848.7,501007.2,592505.9,312872.5,216650.3,719961.8,78581.6,357290.7,505162.6,486265.3,525152.3,320942.2,447734.7,503616.8,511692.0,449664.1
5618,78083,48.0899,8.5501,Baden-Württemberg,BW,Schwarzwald-Baar-Kreis,8326.0,"(48.0899, 8.5501)",262808.7,506967.2,598465.9,318832.5,222610.3,725921.8,93321.6,363250.7,511122.6,492225.3,531112.4,326902.2,453694.7,509576.8,517652.0,455624.1
5619,78086,48.0167,8.4667,Baden-Württemberg,BW,Schwarzwald-Baar-Kreis,8326.0,"(48.0167, 8.4667)",271537.7,515696.2,607194.9,327561.6,231339.3,734650.9,101944.4,371979.7,519851.6,500954.3,539841.4,335631.2,462423.7,518305.8,526381.0,464353.1
5620,78087,48.1004,8.4222,Baden-Württemberg,BW,Schwarzwald-Baar-Kreis,8326.0,"(48.1004, 8.4222)",273444.6,517603.2,609101.9,329468.5,233246.2,736557.8,73013.2,373886.6,521758.6,502861.2,541748.3,337538.1,464330.6,520212.8,528287.9,466260.0
5621,78089,48.0795,8.3657,Baden-Württemberg,BW,Schwarzwald-Baar-Kreis,8326.0,"(48.0795, 8.3657)",277896.1,522054.7,613553.3,333920.0,237697.7,741009.3,71153.7,378338.1,526210.1,507312.7,546199.8,341989.6,468782.1,524664.2,532739.4,470711.5
5622,78098,48.1363,8.2365,Baden-Württemberg,BW,Schwarzwald-Baar-Kreis,8326.0,"(48.1363, 8.2365)",280466.2,483451.6,616123.4,295316.9,240267.8,743579.4,55249.7,380908.2,487607.0,468709.6,507596.7,344559.7,430179.0,503074.7,494136.3,449122.0
5623,78112,48.1272,8.3351,Baden-Württemberg,BW,Schwarzwald-Baar-Kreis,8326.0,"(48.1272, 8.3351)",270629.5,492879.1,606286.7,304744.4,230431.1,733742.7,64677.2,371071.5,497034.4,478137.1,517024.2,334723.0,439606.5,512502.2,503563.8,458549.5
5624,78120,48.0516,8.2071,Baden-Württemberg,BW,Schwarzwald-Baar-Kreis,8326.0,"(48.0516, 8.2071)",293950.4,521703.7,629607.7,333569.0,253752.0,757063.6,74548.3,394392.4,525859.1,506961.8,545848.8,358044.0,468431.2,541326.8,532388.4,487374.1
5625,78126,48.1381,8.4197,Baden-Württemberg,BW,Schwarzwald-Baar-Kreis,8326.0,"(48.1381, 8.4197)",262439.9,506598.5,598097.1,318463.8,222241.5,725553.1,72915.1,362881.9,510753.9,491856.5,530743.6,326533.4,453325.9,509208.0,517283.2,455255.3
5626,78132,48.2107,8.2327,Baden-Württemberg,BW,Ortenaukreis,8317.0,"(48.2107, 8.2327)",278978.9,474305.8,614636.2,286171.1,238780.5,742092.1,46104.0,379420.9,478461.2,459563.9,498450.9,343072.4,421033.3,493929.0,484990.6,439976.2
5627,78136,48.1423,8.2029,Baden-Württemberg,BW,Schwarzwald-Baar-Kreis,8326.0,"(48.1423, 8.2029)",284322.8,487308.1,619980.0,299173.4,244124.4,747435.9,60009.1,384764.8,491463.5,472566.2,511453.3,348416.3,434035.6,506931.3,497992.9,452978.6
5628,78141,48.1055,8.2039,Baden-Württemberg,BW,Schwarzwald-Baar-Kreis,8326.0,"(48.1055, 8.2039)",282939.6,490104.3,618596.8,301969.6,242741.2,746052.7,61902.4,383381.6,494259.7,475362.3,514249.4,347033.1,436831.7,509727.4,500789.0,455774.7
5629,78144,48.1904,8.3518,Baden-Württemberg,BW,Rottweil,8325.0,"(48.1904, 8.3518)",273596.5,496629.4,609253.7,308494.7,233398.1,736709.6,68427.6,374038.5,500784.8,481887.5,520774.5,337690.0,443356.9,516252.5,507314.1,462299.8
5630,78147,48.05,8.3,Baden-Württemberg,BW,Schwarzwald-Baar-Kreis,8326.0,"(48.05, 8.3)",285750.1,501527.8,621407.3,313393.2,245551.7,748863.2,82312.5,386192.1,505683.2,486785.9,525673.0,349843.6,448255.3,532518.2,512212.6,478565.5
5631,78148,48.05,8.15,Baden-Württemberg,BW,Schwarzwald-Baar-Kreis,8326.0,"(48.05, 8.15)",300826.3,515670.7,636483.5,327536.0,260627.9,763939.5,68515.2,401268.3,519826.1,500928.7,539815.8,364919.8,462398.1,535293.8,526355.4,481341.1
5632,78166,47.9551,8.4971,Baden-Württemberg,BW,Schwarzwald-Baar-Kreis,8326.0,"(47.9551, 8.4971)",278806.6,522965.1,614463.8,334830.4,215595.0,741919.7,105140.0,379248.5,527120.5,508223.2,547110.2,342900.1,469692.6,525574.7,533649.8,471622.0
5633,78176,47.8406,8.5333,Baden-Württemberg,BW,Schwarzwald-Baar-Kreis,8326.0,"(47.8406, 8.5333)",294587.0,538745.5,630244.2,350610.8,211582.2,757700.1,113656.5,392677.8,542900.9,524003.6,562890.6,346593.2,485473.0,541355.1,549430.3,487402.4
5634,78183,47.9254,8.4883,Baden-Württemberg,BW,Schwarzwald-Baar-Kreis,8326.0,"(47.9254, 8.4883)",283564.3,527722.8,619221.5,339588.1,210032.9,746677.4,100968.6,384006.3,531878.2,512980.9,551868.0,347657.8,474450.3,530332.4,538407.6,476379.7
5635,78187,47.925,8.65,Baden-Württemberg,BW,Landkreis Tuttlingen,8327.0,"(47.925, 8.65)",281593.8,525752.4,617251.1,337617.7,196343.4,744707.0,114053.4,377439.1,529907.8,511010.4,549897.5,331354.4,472479.8,528362.0,536437.1,474409.2
5636,78194,47.9333,8.7333,Baden-Württemberg,BW,Landkreis Tuttlingen,8327.0,"(47.9333, 8.7333)",286252.6,530411.2,621909.9,342276.5,135688.4,749365.8,121402.0,374290.4,534566.6,515669.2,554556.3,328205.8,477138.7,533020.8,541095.9,479068.1
5637,78199,47.9296,8.4481,Baden-Württemberg,BW,Schwarzwald-Baar-Kreis,8326.0,"(47.9296, 8.4481)",284510.1,528668.7,620167.3,340534.0,212911.9,747623.3,99985.2,384952.1,532824.1,513926.7,552813.8,348603.6,475396.1,531278.2,539353.4,477325.5
5638,78224,47.7593,8.8403,Baden-Württemberg,BW,Konstanz,8335.0,"(47.7593, 8.8403)",307215.5,551374.0,642872.7,363239.3,181069.1,770328.6,142783.4,362164.8,555529.4,536632.1,575519.1,316080.1,498101.5,553983.6,562058.8,500030.9
5639,78234,47.8553,8.7734,Baden-Württemberg,BW,Konstanz,8335.0,"(47.8553, 8.7734)",295028.2,539186.7,630685.4,351052.0,182435.8,758141.3,130596.1,363531.4,543342.1,524444.8,563331.8,317446.8,485914.2,541796.3,549871.4,487843.6
5640,78239,47.7346,8.8401,Baden-Württemberg,BW,Konstanz,8335.0,"(47.7346, 8.8401)",309570.7,553729.3,645227.9,365594.6,183424.4,772683.9,145138.6,364520.0,557884.7,538987.3,577874.4,318435.4,500456.7,556338.8,564414.0,502386.1
5641,78244,47.7351,8.7769,Baden-Württemberg,BW,Konstanz,8335.0,"(47.7351, 8.7769)",310873.2,555031.7,646530.4,366897.0,184726.8,773986.3,146441.1,365822.5,559187.1,540289.8,579176.8,319737.8,501759.2,557641.3,565716.5,503688.6
5642,78247,47.7667,8.7833,Baden-Württemberg,BW,Konstanz,8335.0,"(47.7667, 8.7833)",307740.7,551899.2,643397.9,363764.5,181594.3,770853.8,143308.6,362690.0,556054.6,537157.3,576044.3,316605.3,498626.7,554508.8,562584.0,500556.1
5643,78250,47.8213,8.6612,Baden-Württemberg,BW,Konstanz,8335.0,"(47.8213, 8.6612)",295801.9,539960.4,631459.1,351825.8,191986.6,758915.1,123298.4,373082.2,544115.8,525218.5,564105.6,326997.6,486687.9,542570.0,550645.2,488617.3
5644,78253,47.858,8.8978,Baden-Württemberg,BW,Konstanz,8335.0,"(47.858, 8.8978)",301946.9,546105.5,637604.1,357970.8,172134.6,765060.1,137514.8,353230.3,550260.9,531363.5,570250.6,307145.7,492832.9,548715.0,556790.2,494762.3
5645,78256,47.8,8.9333,Baden-Württemberg,BW,Konstanz,8335.0,"(47.8, 8.9333)",310201.2,554359.7,645858.4,366225.1,171091.2,773314.4,145769.1,352186.8,558515.1,539617.8,578504.9,306102.2,501087.2,556969.3,565044.5,503016.6
5646,78259,47.811,8.8122,Baden-Württemberg,BW,Konstanz,8335.0,"(47.811, 8.8122)",304752.9,548911.4,640410.1,360776.7,178606.5,767866.0,140320.8,359702.2,553066.8,534169.5,573056.6,313617.6,495638.9,551521.0,559596.2,497568.3
5647,78262,47.7,8.75,Baden-Württemberg,BW,Konstanz,8335.0,"(47.7, 8.75)",318168.8,562327.4,653826.1,374192.7,192022.5,781282.0,153736.7,373118.1,566482.8,547585.4,586472.5,327033.5,509054.8,564937.0,573012.1,510984.2
5648,78266,47.7,8.6833,Baden-Württemberg,BW,Konstanz,8335.0,"(47.7, 8.6833)",320910.4,565068.9,656567.6,376934.2,194764.0,784023.5,137817.7,375859.6,569224.3,550327.0,589214.0,329775.0,511796.4,567678.5,575753.6,513725.8
5649,78267,47.8424,8.8538,Baden-Württemberg,BW,Konstanz,8335.0,"(47.8424, 8.8538)",298013.4,542171.9,633670.6,354037.2,176306.0,761126.5,133581.3,357401.6,546327.3,527430.0,566317.0,311317.0,488899.4,544781.5,552856.7,490828.8
5650,78269,47.8167,8.8667,Baden-Württemberg,BW,Konstanz,8335.0,"(47.8167, 8.8667)",301520.1,545678.6,637177.3,357543.9,180819.3,764633.2,137088.0,361914.9,549834.0,530936.7,569823.7,315830.3,492406.1,548288.2,556363.3,494335.5
5651,78315,47.7419,8.971,Baden-Württemberg,BW,Konstanz,8335.0,"(47.7419, 8.971)",313637.0,557795.5,649294.2,369660.8,176767.8,776750.1,149204.9,357863.5,561950.9,543053.6,581940.7,311778.8,504523.0,560405.1,568480.3,506452.4
5652,78333,47.8511,9.0091,Baden-Württemberg,BW,Konstanz,8335.0,"(47.8511, 9.0091)",312498.2,556656.7,648155.4,368522.0,118366.7,775611.3,148066.1,342851.1,560812.1,541914.8,580801.8,296766.5,503384.2,559266.3,567341.4,505313.6
5653,78337,47.6619,8.8867,Baden-Württemberg,BW,Konstanz,8335.0,"(47.6619, 8.8867)",322893.5,567052.0,658550.7,378917.3,197093.1,786006.6,158461.4,378188.8,571207.4,552310.1,591197.1,332104.2,513779.5,569661.6,577736.7,515708.9
5654,78343,47.6833,8.9833,Baden-Württemberg,BW,Konstanz,8335.0,"(47.6833, 8.9833)",320735.8,564894.3,656393.0,376759.6,194935.4,783848.9,156303.7,376031.0,569049.7,550152.4,589039.4,329946.4,511621.8,567503.9,575579.0,513551.2
5655,78345,47.7244,8.9348,Baden-Württemberg,BW,Konstanz,8335.0,"(47.7244, 8.9348)",313878.6,558037.1,649535.8,369902.4,188078.3,776991.7,149446.5,369173.9,562192.5,543295.2,582182.2,323089.3,504764.6,560646.7,568721.9,506694.0
5656,78351,47.8182,9.0554,Baden-Württemberg,BW,Konstanz,8335.0,"(47.8182, 9.0554)",316790.6,560949.2,652447.8,372814.5,157176.9,779903.8,152358.5,338272.5,565104.6,546207.2,585094.3,292187.9,507676.6,563558.7,571633.9,509606.0
5657,78354,47.7968,9.0974,Baden-Württemberg,BW,Bodenseekreis,8435.0,"(47.7968, 9.0974)",320711.6,564870.1,600074.5,376735.4,153062.4,727530.4,156279.5,334158.0,569025.5,550128.2,589015.2,288073.4,511597.6,567479.7,575554.8,513527.0
