,zipcode,lat,long,state,state_code,community_name,community_code,coor,AKB Kitzingen,AKB Dortmund,AKB Zörbig,AKB Schöneck,AKB Buch,Mosolf Etzin,Mosolf Kippenheim,BLG Kelheim,BLG Duisburg,BLG Neuss,Carservice Erkens,ARS Altmann Wolnzach,CAT Zülpich,Autohaus Siebrecht,Neu: FleetParQ Essen ,Neu: FleetParQ Kassel
6716,87677,47.8833,10.7167,Bayern,BY,Landkreis Ostallgäu,9777.0,"(47.8833, 10.7167)",287354.5,652490.9,532732.4,423579.3,98390.8,660188.4,372131.4,188806.3,658234.2,639336.8,691374.7,142721.7,579633.7,551355.5,664763.5,497402.8
6717,87679,47.9333,10.7167,Bayern,BY,Landkreis Ostallgäu,9777.0,"(47.9333, 10.7167)",278664.2,643800.6,524042.1,414889.0,89700.4,651498.0,363441.1,180116.0,649543.8,630646.5,682684.4,134031.4,570943.4,542665.2,656073.2,488712.5
6718,87700,47.9837,10.1853,Bayern,BY,Memmingen,9764.0,"(47.9837, 10.1853)",228526.5,593662.8,530004.0,364751.3,39562.7,657459.9,313303.4,211608.5,599406.1,580508.7,632546.6,165523.9,520805.6,492527.4,605935.4,438574.7
6719,87719,48.0458,10.4922,Bayern,BY,Landkreis Unterallgäu,9778.0,"(48.0458, 10.4922)",250887.4,616023.8,530954.8,387112.3,61923.7,658410.7,335664.3,187028.6,621767.1,602869.7,654907.6,140944.0,543166.6,514888.4,628296.4,460935.7
6720,87724,47.9413,10.2997,Bayern,BY,Landkreis Unterallgäu,9778.0,"(47.9413, 10.2997)",238439.6,603576.0,539917.2,374664.5,49475.9,667373.1,323216.6,210728.1,609319.3,590421.9,642459.8,164643.5,530718.8,502440.6,615848.6,448487.9
6721,87727,48.145,10.2533,Bayern,BY,Landkreis Unterallgäu,9778.0,"(48.145, 10.2533)",212791.7,577928.0,514269.2,349016.5,15056.4,641725.1,297568.6,218993.5,583671.3,564773.9,616811.8,172908.9,505070.8,476792.6,590200.6,422839.9
6722,87730,47.8771,10.2221,Bayern,BY,Landkreis Unterallgäu,9778.0,"(47.8771, 10.2221)",238090.0,603226.4,539567.6,374314.8,49126.3,667023.5,322866.9,230406.0,608969.7,590072.3,642110.2,184321.4,530369.2,502091.0,615499.0,448138.3
6723,87733,47.9473,10.3961,Bayern,BY,Landkreis Unterallgäu,9778.0,"(47.9473, 10.3961)",247541.9,612678.3,545214.9,383766.7,58578.2,672670.9,332318.8,201288.8,618421.6,599524.2,651562.1,155204.2,539821.1,511542.9,624950.9,457590.2
6724,87734,47.9667,10.2167,Bayern,BY,Landkreis Unterallgäu,9778.0,"(47.9667, 10.2167)",230425.5,595561.9,531903.1,366650.3,41461.8,659359.0,315202.4,214222.9,601305.2,582407.8,634445.7,168138.3,522704.7,494426.5,607834.5,440473.8
6725,87736,47.8833,10.3,Bayern,BY,Landkreis Unterallgäu,9778.0,"(47.8833, 10.3)",241950.5,607086.9,543428.1,378175.4,52986.8,670884.0,326727.4,219032.5,612830.2,593932.8,645970.7,172947.9,534229.7,505951.5,619359.5,451998.8
6726,87737,48.0752,10.1952,Bayern,BY,Landkreis Unterallgäu,9778.0,"(48.0752, 10.1952)",224442.6,589579.0,525920.2,360667.4,35478.9,653376.1,309219.5,215528.9,595322.2,576424.9,628462.8,169444.3,516721.8,488443.6,601851.6,434490.9
6727,87739,48.1333,10.4,Bayern,BY,Landkreis Unterallgäu,9778.0,"(48.1333, 10.4)",222494.7,587631.1,523972.2,358719.5,24759.4,651428.1,307271.6,204009.7,593374.3,574477.0,626514.8,157925.1,514773.8,486495.7,599903.6,432542.9
6728,87740,48.0,10.1333,Bayern,BY,Landkreis Unterallgäu,9778.0,"(48.0, 10.1333)",222045.6,587182.0,523523.1,358270.4,33081.8,650979.0,306822.5,215569.3,592925.2,574027.9,626065.8,169484.7,514324.7,486046.6,599454.6,432093.9
6729,87742,48.0093,10.50155,Bayern,BY,Landkreis Unterallgäu,9778.0,"(48.0093, 10.50155)",254882.6,620019.0,533804.9,391107.4,65918.8,661260.8,339659.5,189878.8,625762.2,606864.9,658902.8,143794.2,547161.8,518883.6,632291.6,464930.9
6730,87743,48.0871,10.2849,Bayern,BY,Landkreis Unterallgäu,9778.0,"(48.0871, 10.2849)",220831.2,585967.6,522308.8,357056.0,23095.9,649764.7,305608.1,211138.3,591710.9,572813.5,624851.4,165053.6,513110.4,484832.2,598240.2,430879.5
6731,87745,48.1667,10.5167,Bayern,BY,Landkreis Unterallgäu,9778.0,"(48.1667, 10.5167)",228999.8,594136.2,484733.0,365224.7,33236.8,612188.9,313536.6,198060.3,599879.5,580982.1,633020.0,151975.7,521038.9,493000.8,606408.8,439048.1
6732,87746,48.0373,10.3357,Bayern,BY,Landkreis Unterallgäu,9778.0,"(48.0373, 10.3357)",237880.8,603017.2,539358.3,374105.6,48917.0,666814.2,322657.7,201154.1,608760.4,589863.1,641901.0,155069.5,530159.9,501881.8,615289.7,447929.1
6733,87748,48.0728,10.1522,Bayern,BY,Landkreis Unterallgäu,9778.0,"(48.0728, 10.1522)",214785.7,579922.1,516263.3,351010.6,25822.0,643719.2,299562.6,221575.3,585665.4,566768.0,618805.9,175490.7,507064.9,478786.7,592194.7,424834.0
6734,87749,47.9667,10.2667,Bayern,BY,Landkreis Unterallgäu,9778.0,"(47.9667, 10.2667)",236374.1,601510.5,537851.7,372598.9,47410.4,665307.6,321151.0,209841.4,607253.8,588356.4,640394.3,163756.8,528653.3,500375.1,613783.1,446422.4
6735,87751,48.0333,10.15,Bayern,BY,Landkreis Unterallgäu,9778.0,"(48.0333, 10.15)",218062.6,583199.0,519540.2,354287.4,29098.9,646996.1,302839.5,216893.0,588942.2,570044.9,622082.8,170808.4,510341.8,482063.6,595471.6,428110.9
6736,87752,48.025,10.259,Bayern,BY,Landkreis Unterallgäu,9778.0,"(48.025, 10.259)",233772.5,598908.9,535250.1,369997.3,44808.8,662706.0,318549.4,205370.6,604652.1,585754.8,637792.7,159286.0,526051.7,497773.5,611181.5,443820.8
6737,87754,48.05,10.4167,Bayern,BY,Landkreis Unterallgäu,9778.0,"(48.05, 10.4167)",244317.9,609454.3,537445.8,380542.7,55354.1,664901.8,329094.8,193519.7,615197.5,596300.2,648338.1,147435.1,536597.1,508318.9,621726.9,454366.2
6738,87755,48.1504,10.3102,Bayern,BY,Landkreis Unterallgäu,9778.0,"(48.1504, 10.3102)",214235.1,579371.5,515712.7,350460.0,16499.8,643168.6,299012.0,211609.4,585114.8,566217.4,618255.3,165524.8,506514.3,478236.1,591644.1,424283.4
6739,87757,48.187,10.4661,Bayern,BY,Landkreis Unterallgäu,9778.0,"(48.187, 10.4661)",224863.6,589999.9,480561.9,361088.4,30777.4,608017.9,309400.4,199592.1,595743.2,576845.9,628883.7,153507.5,516902.6,488864.5,602272.5,434911.8
6740,87758,47.9043,10.1572,Bayern,BY,Landkreis Unterallgäu,9778.0,"(47.9043, 10.1572)",236229.1,601365.5,537706.7,372454.0,47265.4,665162.6,321006.0,228545.1,607108.8,588211.4,640249.3,182460.5,528508.3,500230.1,613638.1,446277.4
6741,87760,47.9459,10.2394,Bayern,BY,Landkreis Unterallgäu,9778.0,"(47.9459, 10.2394)",234119.6,599256.0,535597.2,370344.5,45155.9,663053.1,318896.5,212839.9,604999.3,586101.9,638139.8,166755.2,526398.8,498120.6,611528.6,444167.9
6742,87761,48.0593,10.2901,Bayern,BY,Landkreis Unterallgäu,9778.0,"(48.0593, 10.2901)",236693.4,601829.7,538170.9,372918.2,26180.7,665626.8,321470.3,207869.5,607573.0,588675.7,640713.5,161784.9,528972.5,500694.4,614102.3,446741.6
6743,87763,47.8982,10.1178,Bayern,BY,Landkreis Unterallgäu,9778.0,"(47.8982, 10.1178)",234682.7,599819.1,536160.2,370907.5,45718.9,663616.2,319459.6,226814.6,605562.3,586665.0,638702.9,180730.0,526961.9,498683.7,612091.7,444731.0
6744,87764,47.8563,10.1298,Bayern,BY,Landkreis Unterallgäu,9778.0,"(47.8563, 10.1298)",239428.0,604564.4,540905.5,375652.8,50464.2,668361.5,324204.9,231559.9,610307.6,591410.3,643448.2,185475.2,531707.2,503429.0,616837.0,449476.3
6745,87766,47.988,10.2229,Bayern,BY,Landkreis Unterallgäu,9778.0,"(47.988, 10.2229)",228020.1,593156.5,529497.6,364244.9,39056.3,656953.5,312797.0,212268.6,598899.7,580002.4,632040.3,166183.9,520299.2,492021.1,605429.0,438068.3
6746,87767,48.0576,10.1832,Bayern,BY,Landkreis Unterallgäu,9778.0,"(48.0576, 10.1832)",222300.4,587436.8,523777.9,358525.2,33336.6,651233.9,307077.3,212989.3,593180.0,574282.7,626320.6,166904.7,514579.6,486301.4,599709.4,432348.7
6747,87769,48.0889,10.4261,Bayern,BY,Landkreis Unterallgäu,9778.0,"(48.0889, 10.4261)",248889.2,614025.6,542017.1,385114.0,36308.9,669473.1,333666.1,198091.0,619768.8,600871.5,652909.4,152006.4,541168.4,512890.2,626298.2,458937.5
6748,87770,48.1085,10.2985,Bayern,BY,Landkreis Unterallgäu,9778.0,"(48.1085, 10.2985)",218030.6,583166.9,519508.1,354255.4,20295.3,646964.0,302807.5,211457.4,588910.2,570012.8,622050.7,165372.8,510309.7,482031.5,595439.5,428078.8
6749,87772,48.1188,10.455,Bayern,BY,Landkreis Unterallgäu,9778.0,"(48.1188, 10.455)",231222.6,596359.0,542268.5,367447.4,32501.7,669724.4,306942.5,198342.4,602102.2,583204.9,635242.8,152257.7,514444.7,495223.6,608631.6,441270.9
6750,87773,48.1,10.15,Bayern,BY,Landkreis Unterallgäu,9778.0,"(48.1, 10.15)",210037.1,575173.5,511514.7,346261.9,21073.4,638970.6,294814.0,224930.8,580916.7,562019.4,614057.3,178846.2,502316.3,474038.1,587446.1,420085.4
6751,87775,48.1307,10.4789,Bayern,BY,Landkreis Unterallgäu,9778.0,"(48.1307, 10.4789)",231393.7,596530.1,542246.3,367618.5,36297.4,669702.2,315930.5,198320.2,602273.3,583376.0,635413.9,152235.6,523432.8,495394.7,608802.7,441442.0
6752,87776,48.007,10.3546,Bayern,BY,Landkreis Unterallgäu,9778.0,"(48.007, 10.3546)",239636.4,604772.8,541114.0,375861.2,50672.7,668569.9,324413.3,203436.0,610516.0,591618.7,643656.6,157351.4,531915.6,503637.4,617045.4,449684.7
6753,87778,48.0238,10.4447,Bayern,BY,Landkreis Unterallgäu,9778.0,"(48.0238, 10.4447)",245499.7,610636.1,535299.5,381724.5,56535.9,662755.4,330276.6,191373.4,616379.3,597482.0,649519.9,145288.8,537778.9,509500.7,622908.7,455548.0
6754,87779,48.0,10.2167,Bayern,BY,Landkreis Unterallgäu,9778.0,"(48.0, 10.2167)",226537.5,591673.9,528015.1,362762.3,37573.8,655471.0,311314.4,210435.9,597417.2,578519.8,630557.7,164351.3,518816.7,490538.5,603946.5,436585.8
6755,87781,48.0057,10.2667,Bayern,BY,Landkreis Unterallgäu,9778.0,"(48.0057, 10.2667)",233627.0,598763.3,535104.5,369851.8,44663.2,662560.4,318403.9,205225.1,604506.6,585609.3,637647.1,159140.5,525906.1,497627.9,611035.9,443675.2
6756,87782,47.9667,10.4667,Bayern,BY,Landkreis Unterallgäu,9778.0,"(47.9667, 10.4667)",259507.7,624644.1,538430.1,395732.6,70544.0,665886.0,344284.6,194503.9,630387.4,611490.0,663527.9,148419.3,551786.9,523508.7,636916.7,469556.0
6757,87784,48.0167,10.3,Bayern,BY,Landkreis Unterallgäu,9778.0,"(48.0167, 10.3)",234690.9,599827.2,536168.4,370915.7,45727.1,663624.3,319467.8,204168.6,605570.5,586673.1,638711.0,158084.0,526970.0,498691.8,612099.8,444739.1
6758,87785,48.1212,10.2258,Bayern,BY,Landkreis Unterallgäu,9778.0,"(48.1212, 10.2258)",215050.0,580186.3,516527.5,351274.8,20232.2,643983.4,299826.9,218064.2,585929.6,567032.3,619070.1,171979.6,507329.1,479050.9,592458.9,425098.2
6759,87787,47.8935,10.2672,Bayern,BY,Landkreis Unterallgäu,9778.0,"(47.8935, 10.2672)",239338.3,604474.7,540815.9,375563.1,50374.6,668271.8,324115.2,218056.2,610218.0,591320.6,643358.5,171971.6,531617.5,503339.3,616747.3,449386.6
6760,87789,47.9167,10.2,Bayern,BY,Landkreis Unterallgäu,9778.0,"(47.9167, 10.2)",232178.5,597314.9,533656.0,368403.3,43214.7,661111.9,316955.4,224494.4,603058.1,584160.8,636198.7,178409.8,524457.6,496179.5,609587.4,442226.7
6761,88045,47.6544,9.4726,Baden-Württemberg,BW,Bodenseekreis,8435.0,"(47.6544, 9.4726)",303723.1,602854.5,605200.6,439947.9,114759.3,732656.5,194263.8,295854.9,607009.9,588112.5,626999.6,249770.3,549581.9,567724.1,613539.2,513771.3
6762,88046,47.6578,9.4852,Baden-Württemberg,BW,Bodenseekreis,8435.0,"(47.6578, 9.4852)",303389.5,602935.9,604867.0,439614.3,114425.7,732323.0,194345.3,295521.4,607091.3,588194.0,627081.1,249436.8,549663.4,567390.5,613620.7,513437.8
6763,88048,47.6727,9.4299,Baden-Württemberg,BW,Bodenseekreis,8435.0,"(47.6727, 9.4299)",309168.8,599845.9,610646.3,445393.6,120205.0,738102.2,191255.3,301300.6,604001.3,585104.0,623991.0,255216.0,546573.4,573169.7,610530.6,519217.0
6764,88069,47.6686,9.5913,Baden-Württemberg,BW,Bodenseekreis,8435.0,"(47.6686, 9.5913)",285797.5,650933.9,587275.0,422022.3,96833.7,714731.0,203392.7,277929.4,656677.1,637779.8,689817.7,231844.7,558710.8,549798.5,663206.5,495845.8
6765,88074,47.7,9.5667,Baden-Württemberg,BW,Bodenseekreis,8435.0,"(47.7, 9.5667)",290914.7,656051.1,592392.2,427139.5,101950.9,719848.2,202731.8,283046.6,606712.0,587814.7,626701.7,236961.9,549284.1,554915.7,613241.3,500963.0
6766,88079,47.5976,9.5971,Baden-Württemberg,BW,Bodenseekreis,8435.0,"(47.5976, 9.5971)",294977.6,660113.9,596455.1,431202.4,106013.8,723911.0,205708.9,287109.4,618454.9,599557.6,638444.7,241024.8,561027.0,558978.5,624984.3,505025.8
6767,88085,47.5986,9.5416,Baden-Württemberg,BW,Bodenseekreis,8435.0,"(47.5986, 9.5416)",298204.5,663340.9,599682.1,434429.3,109240.8,727138.0,203730.9,290336.4,616477.0,597579.6,636466.7,244251.8,559049.0,562205.5,623006.3,508252.8
6768,88090,47.6653,9.359,Baden-Württemberg,BW,Bodenseekreis,8435.0,"(47.6653, 9.359)",314891.8,591153.1,616369.4,403018.5,125928.1,743825.3,182562.5,307023.7,595308.5,576411.2,615298.3,260939.1,537880.6,578892.8,601837.9,524940.1
6769,88094,47.7241,9.4698,Baden-Württemberg,BW,Bodenseekreis,8435.0,"(47.7241, 9.4698)",276520.4,602061.0,577997.9,412745.2,110353.4,705453.8,193470.3,291449.0,606216.4,587319.0,626206.1,245364.4,548788.4,540521.3,612745.7,486568.6
6770,88097,47.6248,9.542,Baden-Württemberg,BW,Bodenseekreis,8435.0,"(47.6248, 9.542)",297860.6,662996.9,599338.1,434085.4,108896.8,726794.0,200707.2,289992.4,613453.2,594555.9,633443.0,243907.8,556025.3,561861.5,619982.6,507908.8
6771,88099,47.6574,9.7033,Baden-Württemberg,BW,Bodenseekreis,8435.0,"(47.6574, 9.7033)",276295.7,641432.1,577773.3,412520.6,87332.0,705229.2,213831.7,268427.6,647175.4,628278.0,680315.9,222343.0,568574.9,540296.7,653704.7,486344.0
6772,88131,47.5584,9.6876,Bayern,BY,Landkreis Lindau,9776.0,"(47.5584, 9.6876)",286209.0,651345.3,587686.5,422433.8,97245.2,715142.4,214694.1,278340.8,657088.6,638191.3,690229.1,232256.2,578488.1,550209.9,663617.9,496257.2
6773,88138,47.59376666666666,9.758633333333334,Bayern,BY,Landkreis Lindau,9776.0,"(47.59376666666666, 9.758633333333334)",283215.0,648351.3,584692.5,419439.8,94251.2,712148.4,219153.8,275346.8,654094.6,635197.2,687235.1,229262.2,575494.1,547215.9,660623.9,493263.2
6774,88142,47.5667,9.6333,Bayern,BY,Landkreis Lindau,9776.0,"(47.5667, 9.6333)",291128.1,656264.5,592605.7,427353.0,102164.4,720061.6,211004.8,283260.0,662007.8,643110.4,695148.3,237175.4,566322.9,555129.1,668537.1,501176.4
6775,88145,47.64165,9.8333,Bayern,BY,Landkreis Lindau,9776.0,"(47.64165, 9.8333)",270641.0,635777.3,572118.5,406865.8,81677.2,699574.4,228627.5,262772.8,641520.6,622623.3,674661.1,216688.2,562920.1,534641.9,648049.9,480689.2
6776,88147,47.6333,9.7167,Baden-Württemberg,BW,Landkreis Ravensburg,8436.0,"(47.6333, 9.7167)",286113.6,651250.0,587591.2,422338.4,97149.9,715047.1,225452.4,278245.5,656993.3,638095.9,690133.8,232160.9,578392.8,550114.6,663522.6,496161.9
6777,88149,47.5739,9.6104,Bayern,BY,Landkreis Lindau,9776.0,"(47.5739, 9.6104)",291409.5,656545.8,592887.0,427634.3,102445.7,720342.9,208878.3,283541.3,621624.3,602727.0,641614.1,237456.7,564196.4,555410.4,628153.7,501457.7
6778,88161,47.6028,9.8855,Bayern,BY,Landkreis Lindau,9776.0,"(47.6028, 9.8855)",278199.2,643335.6,579676.8,414424.1,89235.5,707132.7,232146.3,270331.1,649078.9,630181.5,682219.4,224246.5,570478.4,542200.2,655608.2,488247.5
6779,88167,47.6277,10.00574,Bayern,BY,Landkreis Lindau,9776.0,"(47.6277, 10.00574)",274042.4,639178.8,575519.9,410267.2,85078.6,702975.9,246340.8,266174.3,644922.0,626024.7,678062.6,220089.7,566321.6,538043.4,651451.4,484090.7
6780,88171,47.5826,9.9135,Bayern,BY,Landkreis Lindau,9776.0,"(47.5826, 9.9135)",281533.2,646669.6,583010.7,417758.0,92569.4,710466.7,234475.2,273665.1,652412.8,633515.5,685553.4,227580.4,573812.4,545534.2,658942.2,491581.5
6781,88175,47.5814,9.8483,Bayern,BY,Landkreis Lindau,9776.0,"(47.5814, 9.8483)",293790.7,658927.1,595268.2,430015.5,104826.9,722724.2,229729.5,285922.6,664670.3,645773.0,697810.9,239837.9,586069.9,557791.7,671199.7,503839.0
6782,88178,47.6296,9.903,Bayern,BY,Landkreis Lindau,9776.0,"(47.6296, 9.903)",274119.9,639256.2,575597.4,410344.7,85156.1,703053.3,232349.3,266251.7,644999.5,626102.2,678140.0,220167.1,566399.0,538120.9,651528.8,484168.1
6783,88179,47.563,9.9445,Bayern,BY,Landkreis Lindau,9776.0,"(47.563, 9.9445)",284345.4,649481.8,585822.9,420570.2,95381.6,713278.8,242947.5,276477.3,655225.0,636327.7,688365.6,230392.6,576624.5,548346.4,661754.3,494393.7
6784,88212,47.7815,9.6183,Baden-Württemberg,BW,Landkreis Ravensburg,8436.0,"(47.7815, 9.6183)",284604.4,649740.8,586082.0,420829.3,95640.7,713537.9,202898.6,276736.3,596758.3,577860.9,616748.0,230651.7,539330.3,548605.4,603287.6,494652.7
6785,88213,47.7715,9.5575,Baden-Württemberg,BW,Landkreis Ravensburg,8436.0,"(47.7715, 9.5575)",267398.3,632534.7,568875.9,403623.2,105256.3,696331.8,197620.8,286351.9,600012.3,581114.9,620002.0,240267.3,542584.3,531399.3,606541.6,477446.6
6786,88214,47.7814,9.6118,Baden-Württemberg,BW,Landkreis Ravensburg,8436.0,"(47.7814, 9.6118)",264155.3,629291.6,565632.8,400380.1,97321.3,693088.7,201798.0,278416.9,596769.2,577871.8,616758.9,232332.3,539341.2,528156.2,603298.5,474203.5
6787,88239,47.6895,9.8325,Baden-Württemberg,BW,Landkreis Ravensburg,8436.0,"(47.6895, 9.8325)",265289.9,630426.3,566767.5,401514.8,76326.2,694223.4,236412.0,257421.8,636169.6,617272.2,669310.1,211337.2,557569.1,529290.9,642698.9,475338.2
6788,88250,47.8101,9.6386,Baden-Württemberg,BW,Landkreis Ravensburg,8436.0,"(47.8101, 9.6386)",260743.8,625880.2,562221.3,396968.6,88872.6,689677.2,207687.0,269968.2,593357.7,574460.4,613347.4,223883.6,535929.8,524744.8,599887.0,470792.1
6789,88255,47.8393,9.65915,Baden-Württemberg,BW,Landkreis Ravensburg,8436.0,"(47.8393, 9.65915)",257018.8,622155.2,558496.3,393243.6,86525.8,685952.3,212944.3,267621.5,589632.7,570735.4,609622.4,221536.8,532204.8,521019.8,596162.1,467067.1
6790,88260,47.6667,9.9333,Baden-Württemberg,BW,Landkreis Ravensburg,8436.0,"(47.6667, 9.9333)",273702.1,638838.4,575179.6,409926.9,84738.3,702635.5,238525.6,265833.9,644581.7,625684.4,677722.2,219749.3,565981.2,537703.1,651111.0,483750.3
6791,88263,47.8,9.5,Baden-Württemberg,BW,Landkreis Ravensburg,8436.0,"(47.8, 9.5)",273212.5,638348.9,574690.1,409437.4,106524.8,702146.0,192161.5,287620.4,572452.1,553554.8,592441.8,241535.8,515024.2,537213.5,578981.5,483260.8
6792,88267,47.7667,9.7667,Baden-Württemberg,BW,Landkreis Ravensburg,8436.0,"(47.7667, 9.7667)",277692.7,642829.1,579170.3,413917.5,88729.0,706626.2,224532.0,269824.6,648572.4,629675.0,681712.9,223740.0,569971.9,541693.7,655101.7,487741.0
6793,88271,47.8661,9.4262,Baden-Württemberg,BW,Landkreis Ravensburg,8436.0,"(47.8661, 9.4262)",266981.1,559291.3,568458.7,403206.0,86732.3,695914.6,190689.0,297963.9,563446.7,544549.3,583436.4,251879.3,506018.7,530982.1,569976.0,477029.4
6794,88273,47.8667,9.5833,Baden-Württemberg,BW,Landkreis Ravensburg,8436.0,"(47.8667, 9.5833)",264137.5,629273.9,565615.1,400362.3,83888.7,693071.0,205929.1,280097.7,552256.9,533359.6,572246.6,234013.1,494829.0,528138.5,558786.2,474185.8
6795,88276,47.8167,9.6,Baden-Württemberg,BW,Landkreis Ravensburg,8436.0,"(47.8167, 9.6)",261779.4,626915.8,563256.9,398004.2,81530.5,690712.9,210022.7,273676.0,594393.3,575496.0,614383.0,227591.4,536965.4,525780.4,600922.6,471827.7
6796,88279,47.7,9.75,Baden-Württemberg,BW,Landkreis Ravensburg,8436.0,"(47.7, 9.75)",270750.7,635887.1,572228.2,406975.5,81786.9,699684.2,220721.9,262882.6,641630.3,622733.0,674770.9,216798.0,563029.9,534751.7,648159.7,480799.0
