,zipcode,lat,long,state,state_code,community_name,community_code,coor,AKB Kitzingen,AKB Dortmund,AKB Zörbig,AKB Schöneck,AKB Buch,Mosolf Etzin,Mosolf Kippenheim,BLG Kelheim,BLG Duisburg,BLG Neuss,Carservice Erkens,ARS Altmann Wolnzach,CAT Zülpich,Autohaus Siebrecht,Neu: FleetParQ Essen ,Neu: FleetParQ Kassel
3526,51067,50.9656,7.042,Nordrhein-Westfalen,NW,"Köln, Stadt",5315.0,"(50.9656, 7.042)",313436.5,92727.4,472860.1,208694.2,508367.1,541395.0,394346.1,516273.8,65163.3,46265.9,98303.8,523966.6,57130.6,249935.4,71692.6,240140.2
3527,51069,50.9925,7.0537,Nordrhein-Westfalen,NW,"Köln, Stadt",5315.0,"(50.9925, 7.0537)",317249.5,91867.1,471999.7,210703.8,512180.1,540534.6,398159.1,520086.7,64302.9,45405.5,97443.4,527779.6,60943.6,249075.0,70832.2,239279.8
3528,51103,50.942,7.0166,Nordrhein-Westfalen,NW,"Köln, Stadt",5315.0,"(50.942, 7.0166)",310861.8,96160.6,476293.3,208812.1,505792.4,544828.2,391771.3,513699.0,68596.4,43389.2,101737.0,521391.9,53281.5,253368.5,75125.8,243573.4
3529,51105,50.9188,6.9972,Nordrhein-Westfalen,NW,"Köln, Stadt",5315.0,"(50.9188, 6.9972)",311104.3,103010.0,483142.7,209620.9,506034.9,551677.6,392013.9,513941.6,72203.6,44447.6,96613.2,521634.4,47596.0,260217.9,81975.2,250422.8
3530,51107,50.9236,7.0905,Nordrhein-Westfalen,NW,"Köln, Stadt",5315.0,"(50.9236, 7.0905)",304987.4,101930.6,511955.7,205276.8,499918.0,550598.2,385897.0,507824.6,74366.4,55469.1,107507.0,515517.5,54454.0,259138.6,80895.8,249343.4
3531,51109,50.9447,7.0699,Nordrhein-Westfalen,NW,"Köln, Stadt",5315.0,"(50.9447, 7.0699)",313858.0,96907.6,511467.7,204788.8,508788.6,545575.2,394767.6,516695.2,69343.4,47630.5,102484.0,524388.1,57552.1,254115.6,75872.8,244320.4
3532,51143,50.8598,7.036,Nordrhein-Westfalen,NW,"Köln, Stadt",5315.0,"(50.8598, 7.036)",305233.9,105308.6,485441.3,203750.4,500164.5,553976.2,386143.5,508071.1,77744.4,58847.1,110885.0,515764.0,54562.9,262516.6,84273.8,252721.4
3533,51145,50.8824,7.0804,Nordrhein-Westfalen,NW,"Köln, Stadt",5315.0,"(50.8824, 7.0804)",303550.5,103127.3,483259.9,202067.0,498481.1,551794.8,384460.1,506387.8,75563.1,56665.7,108703.6,514080.6,55350.9,260335.2,82092.4,250540.0
3534,51147,50.8686,7.1073,Nordrhein-Westfalen,NW,"Köln, Stadt",5315.0,"(50.8686, 7.1073)",300425.9,104856.8,484989.4,198942.5,495356.5,553524.3,381335.5,503263.2,77292.6,58395.2,110433.1,510956.1,57080.4,262064.7,83821.9,252269.5
3535,51149,50.9055,7.0414,Nordrhein-Westfalen,NW,"Köln, Stadt",5315.0,"(50.9055, 7.0414)",308030.0,101170.1,481302.7,206546.5,502960.6,549837.7,388939.6,510867.2,73605.9,57699.4,106746.5,518560.1,50702.3,258378.0,80135.2,248582.8
3536,51371,51.0645,6.9592,Nordrhein-Westfalen,NW,"Leverkusen, Stadt",5316.0,"(51.0645, 6.9592)",327612.6,87925.3,468469.8,224028.1,522543.2,537004.7,408522.2,530449.8,55279.4,32115.5,88419.9,538142.7,56557.2,245545.1,61808.7,235749.9
3537,51373,51.0307,6.9898,Nordrhein-Westfalen,NW,"Leverkusen, Stadt",5316.0,"(51.0307, 6.9898)",322020.0,87597.8,467730.5,218435.6,516950.6,536265.4,402929.6,524857.3,57057.3,35807.1,90197.8,532550.1,65714.1,244805.8,63586.6,235010.6
3538,51375,51.0331,7.052,Nordrhein-Westfalen,NW,"Leverkusen, Stadt",5316.0,"(51.0331, 7.052)",322273.7,81965.8,462098.4,218689.3,517204.3,530633.3,403183.3,525111.0,60842.0,41944.6,93982.5,532803.9,65967.9,239173.7,67371.3,229378.5
3539,51377,51.0509,7.0633,Nordrhein-Westfalen,NW,"Leverkusen, Stadt",5316.0,"(51.0509, 7.0633)",324384.7,80583.3,460716.0,220800.3,519315.3,529250.9,405294.3,527222.0,60250.4,41353.1,93391.0,534914.8,68078.8,237791.3,66779.7,227996.1
3540,51379,51.0665,7.004,Nordrhein-Westfalen,NW,"Leverkusen, Stadt",5316.0,"(51.0665, 7.004)",325000.8,86287.7,466420.4,221416.3,519931.3,534955.3,405910.3,527838.0,55747.1,36849.8,88887.7,535530.9,57610.2,243495.6,62276.5,233700.5
3541,51381,51.05,7.0167,Nordrhein-Westfalen,NW,"Leverkusen, Stadt",5316.0,"(51.05, 7.0167)",325554.7,86841.6,466974.3,221970.2,520485.3,535509.2,406464.3,528391.9,56301.1,37403.7,89441.6,536084.8,58164.1,244049.6,62830.4,234254.4
3542,51399,51.0847,7.1139,Nordrhein-Westfalen,NW,Rheinisch-Bergischer Kreis,5378.0,"(51.0847, 7.1139)",333144.1,73855.8,453988.4,229559.6,528074.7,522523.3,414053.6,535981.3,68137.3,49240.0,101277.8,543674.2,65389.0,231063.7,74666.6,221268.5
3543,51427,50.952,7.1114,Nordrhein-Westfalen,NW,Rheinisch-Bergischer Kreis,5378.0,"(50.952, 7.1114)",308941.0,98991.3,510392.4,203713.5,503871.6,547658.9,389850.6,511778.2,71427.1,49714.2,104567.7,519471.1,59635.8,256199.2,77956.4,246404.1
3544,51429,50.9655,7.1823,Nordrhein-Westfalen,NW,Rheinisch-Bergischer Kreis,5378.0,"(50.9655, 7.1823)",323238.1,105728.1,505591.3,198912.4,518168.7,554395.7,395141.9,526075.4,78163.9,56451.0,111304.5,533768.3,66372.6,262936.0,84693.3,253140.9
3545,51465,50.9891,7.129,Nordrhein-Westfalen,NW,Rheinisch-Bergischer Kreis,5378.0,"(50.9891, 7.129)",313333.5,85876.4,466009.0,202868.4,508264.1,534543.9,394243.1,516170.7,68580.7,49683.4,101721.2,523863.6,64878.8,243084.3,75110.0,233289.1
3546,51467,51.0089,7.1052,Nordrhein-Westfalen,NW,Rheinisch-Bergischer Kreis,5378.0,"(51.0089, 7.1052)",320445.2,86013.9,466146.5,206518.5,515375.8,534681.4,401354.8,523282.4,66846.7,47949.4,99987.3,530975.3,64139.3,243221.8,73376.0,233426.6
3547,51469,50.9854,7.1141,Nordrhein-Westfalen,NW,Rheinisch-Bergischer Kreis,5378.0,"(50.9854, 7.1141)",313064.6,87237.7,467370.4,203120.4,507995.2,535905.3,393974.2,515901.9,68078.1,49180.8,101218.7,523594.7,64609.9,244445.7,74607.4,234650.5
3548,51491,50.9327,7.2839,Nordrhein-Westfalen,NW,Rheinisch-Bergischer Kreis,5378.0,"(50.9327, 7.2839)",314041.9,115680.1,496395.0,189716.2,508972.5,564347.6,385008.0,516879.2,88115.9,66402.9,121256.4,524572.0,76324.5,272888.0,94645.2,263092.8
3549,51503,50.8956,7.1818,Nordrhein-Westfalen,NW,Rheinisch-Bergischer Kreis,5378.0,"(50.8956, 7.1818)",298355.0,108920.4,507935.6,196871.6,493285.6,557588.0,379264.6,501192.3,81356.2,62458.9,114496.8,508885.2,62362.1,266128.3,87885.6,256333.2
3550,51515,51.05,7.2667,Nordrhein-Westfalen,NW,Rheinisch-Bergischer Kreis,5378.0,"(51.05, 7.2667)",326985.0,83883.7,464016.4,202659.3,521915.6,532551.3,408914.4,529822.3,80637.9,61740.6,113778.4,537515.1,80145.1,241091.6,82607.2,231296.5
3551,51519,51.0333,7.1167,Nordrhein-Westfalen,NW,Rheinisch-Bergischer Kreis,5378.0,"(51.0333, 7.1167)",327461.6,79692.2,459824.9,208093.0,522392.2,528359.8,408371.2,530298.8,66029.8,47132.5,99170.3,537991.7,71155.7,236900.2,72559.1,227105.0
3552,51545,50.8758,7.6169,Nordrhein-Westfalen,NW,Oberbergischer Kreis,5374.0,"(50.8758, 7.6169)",296320.9,108758.5,478674.1,171995.2,491251.5,559342.2,372075.1,499158.2,126967.0,105254.1,160107.6,506851.1,115175.7,267882.5,133496.4,259780.5
3553,51570,50.7909,7.5676,Nordrhein-Westfalen,NW,Rhein-Sieg-Kreis,5382.0,"(50.7909, 7.5676)",278850.6,124523.3,467387.2,160708.4,473781.2,575106.9,359760.2,481687.9,142731.8,121018.9,175872.3,489380.7,106319.5,283647.3,149261.1,248493.7
3554,51580,50.9284,7.6432,Nordrhein-Westfalen,NW,Oberbergischer Kreis,5374.0,"(50.9284, 7.6432)",288339.5,100777.0,470692.6,164013.7,483270.1,551360.7,389603.3,491176.7,120022.8,98309.9,153163.3,498869.6,108231.4,259901.0,126552.1,251799.0
3555,51588,50.9043,7.5406,Nordrhein-Westfalen,NW,Oberbergischer Kreis,5374.0,"(50.9043, 7.5406)",301133.2,113570.8,483486.3,176807.5,496063.8,564154.4,402397.0,503970.4,115175.1,93462.2,148315.6,511663.3,103383.8,272694.8,121704.4,264592.7
3556,51597,50.8666,7.7279,Nordrhein-Westfalen,NW,Oberbergischer Kreis,5374.0,"(50.8666, 7.7279)",279678.5,108707.0,462031.6,155352.8,474609.1,559290.7,364206.0,482515.8,131552.9,109840.0,164693.5,490208.6,119761.6,267831.0,138082.3,243138.1
3557,51598,50.9038,7.8096,Rheinland-Pfalz,RP,Landkreis Altenkirchen,7132.0,"(50.9038, 7.8096)",268747.8,103205.4,451100.9,144422.1,463678.4,553789.0,370011.6,471585.0,134150.6,112437.7,167291.1,479277.9,122359.3,262329.4,140679.9,232207.3
3558,51643,51.0143,7.5724,Nordrhein-Westfalen,NW,Oberbergischer Kreis,5374.0,"(51.0143, 7.5724)",294358.1,81940.0,476711.2,170032.4,489288.7,532523.6,395622.0,497195.4,111113.2,89400.3,144253.7,504888.2,99321.9,241064.0,117642.5,231268.8
3559,51645,51.0006,7.5693,Nordrhein-Westfalen,NW,Oberbergischer Kreis,5374.0,"(51.0006, 7.5693)",298776.8,83437.5,481129.9,174451.0,493707.4,534021.1,400040.6,501614.0,109088.5,87375.6,142229.1,509306.9,97297.2,242561.5,115617.9,232766.3
3560,51647,51.0333,7.55,Nordrhein-Westfalen,NW,Oberbergischer Kreis,5374.0,"(51.0333, 7.55)",302923.9,79858.6,485277.0,178598.1,497854.5,530442.2,404187.7,505761.1,113235.6,91522.7,146376.2,513454.0,101444.3,238982.6,119765.0,229187.4
3561,51674,50.9495,7.5506,Nordrhein-Westfalen,NW,Oberbergischer Kreis,5374.0,"(50.9495, 7.5506)",299017.4,111455.0,481370.5,174691.7,493948.0,562038.6,400281.2,501854.6,109076.8,87363.9,142217.4,509547.5,97285.5,270579.0,115606.2,262476.9
3562,51688,51.1161,7.3986,Nordrhein-Westfalen,NW,Oberbergischer Kreis,5374.0,"(51.1161, 7.3986)",312469.9,76107.1,456239.7,188144.2,507400.5,524774.6,413733.8,515307.2,92833.4,73936.0,125973.9,523000.0,96990.0,233315.0,74830.5,223519.8
3563,51702,51.025,7.656,Nordrhein-Westfalen,NW,Oberbergischer Kreis,5374.0,"(51.025, 7.656)",291976.4,82802.1,474329.6,167650.7,486907.0,533385.8,393240.3,494813.7,119989.3,98276.4,153129.8,502506.6,108198.0,241926.1,126518.6,232131.0
3564,51709,51.0832,7.5309,Nordrhein-Westfalen,NW,Oberbergischer Kreis,5374.0,"(51.0832, 7.5309)",301384.2,74969.4,483737.3,177058.5,496314.8,525553.0,402648.1,504221.5,112673.4,90960.5,145814.0,511914.3,100882.1,234093.4,86414.8,224298.2
3565,51766,50.9885,7.4139,Nordrhein-Westfalen,NW,Oberbergischer Kreis,5374.0,"(50.9885, 7.4139)",303368.1,89381.9,485721.2,179042.3,498298.6,539965.5,404631.9,506205.3,98952.8,77239.9,132093.4,513898.2,87161.5,248505.9,105482.2,266827.6
3566,51789,51.0196,7.3776,Nordrhein-Westfalen,NW,Oberbergischer Kreis,5374.0,"(51.0196, 7.3776)",311019.2,88652.5,493372.3,186693.5,505949.8,537320.0,412283.0,513856.4,93955.7,72242.7,127096.2,521549.3,82164.3,245860.4,87375.9,236065.2
3567,52062,50.776,6.0872,Nordrhein-Westfalen,NW,Städteregion Aachen,5334.0,"(50.776, 6.0872)",383566.6,152695.8,540654.2,282083.1,537295.7,609189.1,445786.6,586403.8,97093.7,70800.9,98019.5,594096.7,55092.7,317729.4,123278.5,307934.3
3568,52064,50.7683,6.076,Nordrhein-Westfalen,NW,Städteregion Aachen,5334.0,"(50.7683, 6.076)",385213.8,154343.1,542301.4,283730.4,538943.0,610836.3,447433.8,588051.1,98740.9,72448.1,99666.7,595743.9,56739.9,319376.7,124925.7,309581.5
3569,52066,50.7564,6.0914,Nordrhein-Westfalen,NW,Städteregion Aachen,5334.0,"(50.7564, 6.0914)",385594.4,154723.6,542682.0,284110.9,539323.5,611216.9,447814.4,588431.6,99121.5,72828.7,100047.3,596124.5,57120.5,319757.2,125306.3,309962.1
3570,52068,50.7787,6.1085,Nordrhein-Westfalen,NW,Städteregion Aachen,5334.0,"(50.7787, 6.1085)",382007.2,151136.4,539094.7,280523.7,535736.3,607629.7,444227.2,584844.4,95534.3,69241.5,96460.1,592537.3,53533.3,316170.0,121719.1,306374.9
3571,52070,50.7884,6.1044,Nordrhein-Westfalen,NW,Städteregion Aachen,5334.0,"(50.7884, 6.1044)",383208.4,152312.9,540271.2,281724.9,536937.5,608806.2,445428.4,586045.6,96710.8,70418.0,97636.6,593738.5,54734.5,317346.5,122895.6,307551.4
3572,52072,50.8034,6.0627,Nordrhein-Westfalen,NW,Städteregion Aachen,5334.0,"(50.8034, 6.0627)",387050.8,156155.4,544113.7,285567.4,540780.0,612648.6,449270.8,589888.1,100553.2,74260.5,101479.0,597581.0,58577.0,321189.0,126738.0,311393.8
3573,52074,50.7479,6.0485,Nordrhein-Westfalen,NW,Städteregion Aachen,5334.0,"(50.7479, 6.0485)",389664.3,158793.5,546751.9,288180.8,543393.4,615286.8,451884.3,592501.5,103191.4,76898.6,104117.2,600194.4,61190.4,323827.1,129376.2,314032.0
3574,52076,50.7167,6.1481,Nordrhein-Westfalen,NW,Städteregion Aachen,5334.0,"(50.7167, 6.1481)",389732.3,158578.8,546537.2,288248.8,543461.5,615072.1,451952.3,592569.6,102976.7,76683.9,103902.5,600262.4,61258.4,323612.4,129161.5,313817.3
3575,52078,50.7624,6.138,Nordrhein-Westfalen,NW,Städteregion Aachen,5334.0,"(50.7624, 6.138)",384607.8,153454.3,541412.6,283124.3,538336.9,609947.5,446827.8,587445.0,97852.1,71559.4,98778.0,595137.9,56133.9,318487.9,124037.0,308692.7
3576,52080,50.7793,6.1642,Nordrhein-Westfalen,NW,Städteregion Aachen,5334.0,"(50.7793, 6.1642)",382646.7,151776.0,539734.3,281163.2,536375.9,608269.2,444866.7,585484.0,96173.8,69881.0,97099.6,593176.8,54172.8,316809.6,122358.6,307014.4
3577,52134,50.8687,6.0932,Nordrhein-Westfalen,NW,Städteregion Aachen,5334.0,"(50.8687, 6.0932)",384650.9,151870.4,539828.7,283167.4,538380.1,608363.7,446870.9,587488.2,96268.3,69975.5,97194.1,595181.0,56177.0,316904.0,122453.1,307108.9
3578,52146,50.8181,6.1347,Nordrhein-Westfalen,NW,Städteregion Aachen,5334.0,"(50.8181, 6.1347)",380988.5,150117.7,538076.1,279505.0,534717.6,606611.0,443208.5,583825.7,94515.6,68222.8,95441.4,591518.6,52514.6,315151.3,120700.4,305356.2
3579,52152,50.6,6.3,Nordrhein-Westfalen,NW,Städteregion Aachen,5334.0,"(50.6, 6.3)",377055.0,178477.8,566436.1,275571.5,523248.2,634971.0,431739.1,579892.2,122875.6,96582.9,123801.4,587585.1,36260.4,343511.4,149060.4,333716.2
3580,52156,50.5546,6.24,Nordrhein-Westfalen,NW,Städteregion Aachen,5334.0,"(50.5546, 6.24)",384665.0,181118.5,569076.9,283181.5,530858.2,637611.8,379626.4,587502.2,125516.4,99223.6,126442.2,595195.1,43870.4,346152.1,151701.2,336357.0
3581,52159,50.65,6.2,Nordrhein-Westfalen,NW,Städteregion Aachen,5334.0,"(50.65, 6.2)",398974.9,167821.4,555779.8,297491.4,552704.0,624314.7,461194.9,601812.2,112219.3,85926.5,113145.1,609505.0,43730.3,332855.0,138404.1,323059.9
3582,52222,50.7775,6.2209,Nordrhein-Westfalen,NW,Städteregion Aachen,5334.0,"(50.7775, 6.2209)",376911.1,149120.8,534577.7,275427.6,530640.3,603112.6,439131.1,579748.4,93518.7,67225.9,94444.5,587441.2,48437.2,311653.0,119703.5,301857.8
3583,52223,50.7318,6.2104,Nordrhein-Westfalen,NW,Städteregion Aachen,5334.0,"(50.7318, 6.2104)",390001.2,158847.7,546806.0,288517.7,543730.3,615341.0,452221.2,592838.4,103245.6,76952.8,104171.4,600531.3,61527.3,323881.3,129430.4,314086.1
3584,52224,50.74,6.2877,Nordrhein-Westfalen,NW,Städteregion Aachen,5334.0,"(50.74, 6.2877)",378039.4,155573.3,535706.0,276555.9,531768.5,604240.9,440259.4,580876.6,98851.7,72559.0,99777.6,588569.5,41693.8,312781.3,125036.6,302986.1
3585,52249,50.8185,6.2718,Nordrhein-Westfalen,NW,Städteregion Aachen,5334.0,"(50.8185, 6.2718)",370754.5,145113.5,528421.1,269271.1,524483.7,596956.0,432974.5,573591.8,89511.3,63218.6,90437.2,581284.7,42280.7,305496.4,115696.2,295701.2
3586,52349,50.8009,6.4788,Nordrhein-Westfalen,NW,Düren,5358.0,"(50.8009, 6.4788)",361477.5,139011.4,519144.1,259994.0,515206.6,587679.0,423697.5,564314.8,92472.1,66179.3,93397.9,572007.6,20441.9,296219.4,118283.3,286424.2
3587,52351,50.8086,6.4982,Nordrhein-Westfalen,NW,Düren,5358.0,"(50.8086, 6.4982)",358333.9,135867.8,516000.4,256850.4,503500.6,584535.4,411991.5,561171.1,100957.2,74664.4,101883.0,568864.0,22279.5,293075.7,115139.6,283280.6
3588,52353,50.8294,6.462,Nordrhein-Westfalen,NW,Düren,5358.0,"(50.8294, 6.462)",357407.8,134941.8,515074.4,255924.3,511137.0,583609.3,419627.8,560245.1,88402.4,62109.6,89328.2,567937.9,25540.6,292149.7,114213.6,282354.5
3589,52355,50.7907,6.4659,Nordrhein-Westfalen,NW,Düren,5358.0,"(50.7907, 6.4659)",363017.3,140551.3,520683.9,261533.9,516746.5,589218.8,425237.3,565854.6,94011.9,67719.1,94937.7,573547.4,21498.8,297759.2,119823.1,287964.0
3590,52372,50.747,6.4907,Nordrhein-Westfalen,NW,Düren,5358.0,"(50.747, 6.4907)",356708.3,145039.0,525171.6,255224.9,502901.5,593706.5,411392.4,559545.6,110128.3,83835.6,111054.1,567238.5,16349.0,302246.9,124310.8,292451.7
3591,52379,50.8167,6.35,Nordrhein-Westfalen,NW,Düren,5358.0,"(50.8167, 6.35)",365154.2,142688.1,522820.8,263670.7,518883.3,591355.7,427374.2,567991.5,88081.3,61788.5,89007.1,575684.3,36680.3,299896.1,121960.0,290100.9
3592,52382,50.8833,6.4667,Nordrhein-Westfalen,NW,Düren,5358.0,"(50.8833, 6.4667)",357559.4,135093.3,515226.0,256075.9,511288.5,583760.9,419779.4,560396.6,80937.0,54644.2,81862.8,568089.5,29833.1,292301.2,107121.8,282506.1
3593,52385,50.6927,6.4844,Nordrhein-Westfalen,NW,Düren,5358.0,"(50.6927, 6.4844)",356486.7,145345.4,525478.0,255003.2,502679.9,594013.0,411170.8,559324.0,110110.0,82354.0,115214.4,567016.8,15692.1,302553.3,124617.2,292758.2
3594,52388,50.806,6.6395,Nordrhein-Westfalen,NW,Düren,5358.0,"(50.806, 6.6395)",345839.3,126316.7,506449.4,244355.9,492032.5,574984.3,400523.4,548676.6,94516.7,63325.4,95442.5,556369.5,14471.3,283524.7,105588.6,273729.5
3595,52391,50.7333,6.6,Nordrhein-Westfalen,NW,Düren,5358.0,"(50.7333, 6.6)",348193.3,137052.0,517184.7,246709.8,494386.5,585719.6,402877.4,551030.6,101816.6,74060.7,104726.3,558723.4,11150.9,294259.9,116323.9,284464.8
3596,52393,50.7167,6.3667,Nordrhein-Westfalen,NW,Düren,5358.0,"(50.7167, 6.3667)",370559.1,154432.5,534565.2,269075.6,516752.3,603100.1,425243.2,573396.4,113871.1,87578.3,114796.9,581089.2,29764.6,311640.4,133704.4,301845.3
3597,52396,50.6369,6.469,Nordrhein-Westfalen,NW,Düren,5358.0,"(50.6369, 6.469)",366079.3,152441.4,532574.0,264595.8,512272.5,601108.9,420763.4,568916.5,117206.0,89450.0,127559.2,576609.4,19218.3,309649.3,131713.2,299854.1
3598,52399,50.8268,6.5249,Nordrhein-Westfalen,NW,Düren,5358.0,"(50.8268, 6.5249)",353528.4,131062.3,511195.0,252044.9,507257.5,579729.9,415748.4,556365.6,96151.7,69858.9,97077.5,564058.5,23886.4,288270.3,110334.2,278475.1
3599,52428,50.9215,6.3627,Nordrhein-Westfalen,NW,Düren,5358.0,"(50.9215, 6.3627)",367332.8,127813.6,515771.9,265849.3,521061.9,584306.8,429552.8,570170.0,72211.4,45918.7,73137.2,577862.9,38480.4,292847.2,98396.2,283052.0
3600,52441,50.98,6.2705,Nordrhein-Westfalen,NW,Düren,5358.0,"(50.98, 6.2705)",385504.3,129184.1,517142.4,284020.8,531697.5,585677.3,440188.4,588341.6,73581.9,47289.2,66305.9,596034.4,49426.2,294217.7,99766.7,284422.5
3601,52445,51.0062,6.4248,Nordrhein-Westfalen,NW,Düren,5358.0,"(51.0062, 6.4248)",374868.0,118719.4,506677.7,273384.6,521061.2,575212.6,429552.1,577705.3,63117.2,36824.5,64043.1,585398.2,62295.2,283753.0,89302.1,273957.8
3602,52457,50.9,6.2833,Nordrhein-Westfalen,NW,Düren,5358.0,"(50.9, 6.2833)",376219.5,133235.4,521193.8,274736.0,535577.3,589728.7,444068.2,579056.7,77633.3,51340.5,78559.1,586749.6,47745.6,298269.0,103818.1,288473.9
3603,52459,50.8431,6.36,Nordrhein-Westfalen,NW,Düren,5358.0,"(50.8431, 6.36)",362516.7,140050.7,520183.3,261033.2,516245.9,588718.2,424736.7,565354.0,88932.9,62640.1,89858.7,573046.8,34042.8,297258.6,119322.5,287463.4
3604,52477,50.8767,6.164,Nordrhein-Westfalen,NW,Städteregion Aachen,5334.0,"(50.8767, 6.164)",382098.8,144261.9,532220.2,280615.3,535828.0,600755.1,444318.8,584936.1,88659.7,62367.0,89585.5,592628.9,53624.9,309295.5,114844.5,299500.3
3605,52499,50.9096,6.1887,Nordrhein-Westfalen,NW,Städteregion Aachen,5334.0,"(50.9096, 6.1887)",382379.4,141094.2,529052.5,280895.9,536108.5,597587.4,444599.4,585216.6,85492.0,59199.3,75556.1,592909.5,53905.5,306127.8,111676.9,296332.6
3606,52511,50.9675,6.1176,Nordrhein-Westfalen,NW,Kreis Heinsberg,5370.0,"(50.9675, 6.1176)",391701.4,139237.3,527195.6,290217.9,545430.5,595730.6,453921.4,594538.6,83635.2,57342.4,76359.2,602231.5,63227.5,304270.9,109820.0,294475.7
3607,52525,51.06485,6.043950000000001,Nordrhein-Westfalen,NW,Kreis Heinsberg,5370.0,"(51.06485, 6.043950000000001)",413402.0,142058.5,530016.8,311918.5,559595.2,598551.7,468086.0,616239.2,86456.3,60163.6,79180.3,623932.1,100829.2,307092.1,112641.1,297296.9
