,zipcode,lat,long,state,state_code,community_name,community_code,coor,AKB Kitzingen,AKB Dortmund,AKB Zörbig,AKB Schöneck,AKB Buch,Mosolf Etzin,Mosolf Kippenheim,BLG Kelheim,BLG Duisburg,BLG Neuss,Carservice Erkens,ARS Altmann Wolnzach,CAT Zülpich,Autohaus Siebrecht,Neu: FleetParQ Essen ,Neu: FleetParQ Kassel
1804,25920,54.7483,8.898299999999999,Schleswig-Holstein,SH,Kreis Nordfriesland,1054.0,"(54.7483, 8.898299999999999)",702913.4,520219.0,542742.5,680797.0,897844.0,459382.3,906680.0,897104.0,561017.1,585125.7,587991.1,929870.7,637330.5,463452.2,540153.0,496835.1
1805,25923,54.8537,8.895457142857142,Schleswig-Holstein,SH,Kreis Nordfriesland,1054.0,"(54.8537, 8.895457142857142)",708226.6,525532.2,548055.7,686110.2,903157.2,464695.5,911993.1,902417.2,566330.2,590438.9,593304.3,935183.9,642643.7,468765.4,545466.2,502148.3
1806,25924,54.8576,8.6776,Schleswig-Holstein,SH,Kreis Nordfriesland,1054.0,"(54.8576, 8.6776)",721692.3,538997.9,561521.4,699575.9,916622.8,478161.2,925458.8,915882.9,579795.9,603904.5,606770.0,948649.6,656109.4,482231.0,558931.8,515613.9
1807,25926,54.843525,9.009525,Schleswig-Holstein,SH,Kreis Nordfriesland,1054.0,"(54.843525, 9.009525)",699564.6,516870.2,539393.7,677448.2,894495.2,456033.5,903331.1,893755.2,557668.3,581776.9,584642.3,926521.9,633981.7,460103.4,536804.2,493486.3
1808,25927,54.8714,8.7512,Schleswig-Holstein,SH,Kreis Nordfriesland,1054.0,"(54.8714, 8.7512)",720476.1,537781.7,560305.2,698359.7,915406.7,476945.0,924242.6,914666.7,578579.7,602688.4,605553.8,947433.4,654893.2,481014.9,557715.6,514397.7
1809,25938,54.71011666666666,8.478308333333333,Schleswig-Holstein,SH,Kreis Nordfriesland,1054.0,"(54.71011666666666, 8.478308333333333)",739497.0,556802.6,579326.1,717380.6,934427.6,495965.9,943263.5,933687.6,597600.6,621709.3,624574.7,966454.3,673914.1,500035.8,576736.6,533418.7
1810,25946,54.6525,8.358666666666666,Schleswig-Holstein,SH,Kreis Nordfriesland,1054.0,"(54.6525, 8.358666666666666)",749041.7,566347.3,588870.8,726925.3,943972.3,505510.6,952808.3,943232.3,607145.4,631254.0,634119.4,975999.0,683458.8,509580.5,586281.3,542963.4
1811,25980,54.871566666666666,8.336,Schleswig-Holstein,SH,Kreis Nordfriesland,1054.0,"(54.871566666666666, 8.336)",752214.3,569519.9,592043.4,730097.9,947144.9,508683.2,955980.9,946404.9,610318.0,634426.6,637292.0,979171.6,686631.4,512753.1,589453.9,546136.0
1812,25992,55.0192,8.4313,Schleswig-Holstein,SH,Kreis Nordfriesland,1054.0,"(55.0192, 8.4313)",764195.2,581500.8,604024.3,742078.8,959125.8,520664.1,967961.7,958385.8,622298.8,646407.5,649272.9,991152.5,698612.3,524734.0,601434.8,558116.9
1813,25996,54.9358,8.33,Schleswig-Holstein,SH,Kreis Nordfriesland,1054.0,"(54.9358, 8.33)",751828.3,569133.9,591657.4,729711.9,946758.9,508297.2,955594.9,946018.9,609932.0,634040.6,636906.0,978785.6,686245.4,512367.1,589067.9,545750.0
1814,25997,54.7573,8.2883,Schleswig-Holstein,SH,Kreis Nordfriesland,1054.0,"(54.7573, 8.2883)",766360.2,583665.8,606189.3,744243.8,961290.8,522829.1,970126.7,960550.8,624463.9,648572.5,651437.9,993317.5,700777.3,526899.0,603599.8,560281.9
1815,25999,54.9541,8.3417,Schleswig-Holstein,SH,Kreis Nordfriesland,1054.0,"(54.9541, 8.3417)",753982.7,571288.3,593811.8,731866.3,948913.3,510451.6,957749.2,948173.3,612086.3,636195.0,639060.4,980940.0,688399.8,514521.5,591222.3,547904.4
1816,26121,53.1599,8.205,Niedersachsen,NI,"Oldenburg (Oldenburg), Stadt",3403.0,"(53.1599, 8.205)",501685.0,224355.3,376926.5,435583.5,696615.6,413458.0,661173.0,707445.0,265153.3,289261.9,292127.4,715137.9,341466.8,293903.4,244289.2,299259.4
1817,26122,53.1407,8.2171,Niedersachsen,NI,"Oldenburg (Oldenburg), Stadt",3403.0,"(53.1407, 8.2171)",497824.6,220494.9,373455.6,431723.1,692755.2,409987.1,657312.7,703584.6,261292.9,285401.6,288267.0,711277.5,337606.4,290043.1,240428.9,295399.0
1818,26123,53.1567,8.2333,Niedersachsen,NI,"Oldenburg (Oldenburg), Stadt",3403.0,"(53.1567, 8.2333)",500282.4,222952.6,375868.5,434180.8,695213.0,412400.0,659770.4,706042.4,263750.7,287859.3,290724.7,713735.2,340064.1,292500.8,242886.6,297856.8
1819,26125,53.1698,8.225,Niedersachsen,NI,"Oldenburg (Oldenburg), Stadt",3403.0,"(53.1698, 8.225)",501056.1,223726.3,376642.2,434954.5,695986.6,413173.7,660544.1,706816.0,264524.3,288633.0,291498.4,714508.9,340837.8,293274.5,243660.3,298630.4
1820,26127,53.1684,8.2106,Niedersachsen,NI,"Oldenburg (Oldenburg), Stadt",3403.0,"(53.1684, 8.2106)",501440.8,224111.1,377026.9,435339.3,696371.4,413558.5,660928.8,707200.8,264909.1,289017.7,291883.2,714893.7,341222.6,293659.2,244045.0,299015.2
1821,26129,53.1547,8.1706,Niedersachsen,NI,"Oldenburg (Oldenburg), Stadt",3403.0,"(53.1547, 8.1706)",500392.3,223062.5,375633.8,434290.7,695322.9,412165.3,659880.3,706152.3,263860.6,287969.2,290834.6,713845.1,340174.0,292610.7,242996.5,297966.6
1822,26131,53.131,8.1828,Niedersachsen,NI,"Oldenburg (Oldenburg), Stadt",3403.0,"(53.131, 8.1828)",497849.5,220519.7,373091.0,431747.9,692780.1,409622.5,657337.5,703609.5,261317.8,285426.4,288291.8,711302.3,337631.2,290067.9,240453.7,295423.8
1823,26133,53.1156,8.2159,Niedersachsen,NI,"Oldenburg (Oldenburg), Stadt",3403.0,"(53.1156, 8.2159)",491378.8,214049.1,370919.2,425277.3,686309.4,407450.7,650866.9,697138.8,254847.1,278955.8,281821.2,704831.7,331160.6,283597.3,233983.1,288953.2
1824,26135,53.1267,8.2384,Niedersachsen,NI,"Oldenburg (Oldenburg), Stadt",3403.0,"(53.1267, 8.2384)",494432.7,217102.9,371467.0,428331.1,689363.3,407998.6,653920.7,700192.7,257901.0,282009.6,284875.0,707885.5,334214.4,286651.1,237036.9,292007.1
1825,26160,53.1717,8.0414,Niedersachsen,NI,Ammerland,3451.0,"(53.1717, 8.0414)",513810.5,236480.8,389052.0,447709.0,708741.1,425583.5,673298.5,719570.5,277278.8,301387.4,304252.9,727263.4,353592.3,306028.9,256414.7,311384.9
1826,26169,53.0226,7.8576,Niedersachsen,NI,Cloppenburg,3453.0,"(53.0226, 7.8576)",491703.5,214373.8,409393.9,425602.0,686634.1,445925.4,651191.5,697463.5,244710.7,268819.3,271684.8,705156.4,331485.3,283921.9,234307.7,289277.9
1827,26180,53.25,8.2,Niedersachsen,NI,Ammerland,3451.0,"(53.25, 8.2)",509180.2,231850.4,384766.3,443078.6,704110.8,421297.8,668668.2,714940.2,272648.5,296757.1,299622.5,722633.0,348961.9,301398.6,251784.4,306754.6
1828,26188,53.1228,8.1138,Niedersachsen,NI,Ammerland,3451.0,"(53.1228, 8.1138)",502868.8,225539.0,378110.3,436767.2,697799.4,414641.8,662356.8,708628.8,266337.1,290445.7,293311.2,716321.6,342650.5,295087.2,245473.0,300443.2
1829,26197,52.9438,8.2532,Niedersachsen,NI,Landkreis Oldenburg,3458.0,"(52.9438, 8.2532)",476159.4,198829.6,369131.0,410057.8,671090.0,405662.6,635647.4,681919.4,239627.7,263736.3,266601.7,689612.2,315941.1,268377.8,218763.6,273733.7
1830,26203,53.0667,8.2,Niedersachsen,NI,Landkreis Oldenburg,3458.0,"(53.0667, 8.2)",485311.5,207981.8,381417.0,419210.0,680242.1,417948.5,644799.5,691071.5,248779.8,272888.4,275753.9,698764.4,325093.3,277529.9,227915.7,282885.9
1831,26209,53.0167,8.35,Niedersachsen,NI,Landkreis Oldenburg,3458.0,"(53.0167, 8.35)",487805.8,210476.1,360793.4,421704.3,682736.4,397324.9,647293.9,693565.8,251274.1,275382.8,278248.2,701258.7,327587.6,280024.2,230410.0,285380.2
1832,26215,53.25,8.1167,Niedersachsen,NI,Ammerland,3451.0,"(53.25, 8.1167)",511999.4,234669.6,387585.5,445897.8,706930.0,424117.0,671487.4,717759.4,275467.7,299576.3,302441.7,725452.2,351781.1,304217.8,254603.6,309573.8
1833,26219,53.0,7.95,Niedersachsen,NI,Cloppenburg,3453.0,"(53.0, 7.95)",488146.4,210816.7,405836.9,422044.9,683077.0,442368.4,647634.5,693906.4,251614.7,275723.4,278588.8,701599.3,327928.2,280364.8,230750.6,285720.8
1834,26316,53.38389090909091,8.119022727272728,Niedersachsen,NI,Landkreis Friesland,3455.0,"(53.38389090909091, 8.119022727272728)",523913.7,246583.9,399499.8,457812.1,718844.2,436031.3,683401.7,729673.6,287381.9,311490.6,314356.0,737366.5,363695.4,316132.1,266517.9,321488.0
1835,26340,53.400233333333325,7.962766666666667,Niedersachsen,NI,Landkreis Friesland,3455.0,"(53.400233333333325, 7.962766666666667)",538657.6,261327.9,414243.7,472556.1,733588.2,450775.3,698145.6,744417.6,290696.6,314805.2,317670.6,752110.5,378439.4,330876.0,281261.8,336232.0
1836,26345,53.38532,8.01712,Niedersachsen,NI,Landkreis Friesland,3455.0,"(53.38532, 8.01712)",532068.9,254739.2,407655.0,465967.4,726999.5,444186.5,691556.9,737828.9,295537.2,319645.8,322511.3,745521.8,371850.7,324287.3,274673.1,329643.3
1837,26349,53.3844,8.241,Niedersachsen,NI,Wesermarsch,3461.0,"(53.3844, 8.241)",529443.0,252113.3,397685.6,463341.5,724373.6,434217.1,688931.1,735203.0,292911.3,317020.0,319885.4,742895.9,369224.8,321661.5,272047.3,327017.4
1838,26382,53.5234,8.1075,Niedersachsen,NI,"Wilhelmshaven, Stadt",3405.0,"(53.5234, 8.1075)",549647.3,272317.6,425233.4,483545.8,744577.9,461765.0,709135.3,755407.3,313115.6,337224.2,340089.7,763100.2,389429.1,341865.7,292251.5,347221.7
1839,26384,53.5395,8.1441,Niedersachsen,NI,"Wilhelmshaven, Stadt",3405.0,"(53.5395, 8.1441)",557210.0,279880.3,432796.1,491108.5,752140.6,469327.7,716698.1,762970.0,320678.3,344787.0,347652.4,770662.9,396991.8,349428.4,299814.2,354784.4
1840,26386,53.5568,8.1266,Niedersachsen,NI,"Wilhelmshaven, Stadt",3405.0,"(53.5568, 8.1266)",554148.8,276819.1,429735.0,488047.3,749079.4,466266.5,713636.9,759908.8,317617.1,341725.8,344591.2,767601.7,393930.6,346367.3,296753.1,351723.2
1841,26388,53.577,8.1021,Niedersachsen,NI,"Wilhelmshaven, Stadt",3405.0,"(53.577, 8.1021)",551832.6,274502.9,427418.8,485731.1,746763.2,463950.3,711320.7,757592.6,315300.9,339409.6,342275.0,765285.5,391614.4,344051.1,294436.9,349407.0
1842,26389,53.5241,8.0867,Niedersachsen,NI,"Wilhelmshaven, Stadt",3405.0,"(53.5241, 8.0867)",548191.7,270861.9,423777.8,482090.1,743122.3,460309.3,707679.7,753951.7,311660.0,335768.6,338634.0,761644.5,387973.4,340410.1,290795.9,345766.1
1843,26409,53.58873333333334,7.75988,Niedersachsen,NI,Landkreis Wittmund,3462.0,"(53.58873333333334, 7.75988)",564414.6,287084.9,440000.7,498313.1,759345.2,476532.3,723902.6,770174.6,290144.0,314252.6,317118.1,777867.5,404196.4,356633.0,307018.8,361989.0
1844,26419,53.539153846153845,7.960284615384615,Niedersachsen,NI,Landkreis Friesland,3455.0,"(53.539153846153845, 7.960284615384615)",547758.0,270428.2,423344.1,481656.4,742688.5,459875.6,707246.0,753517.9,311226.2,335334.9,338200.3,761210.8,387539.7,339976.4,290362.2,345332.3
1845,26427,53.63695714285715,7.644,Niedersachsen,NI,Landkreis Wittmund,3462.0,"(53.63695714285715, 7.644)",576103.9,298774.1,451690.0,510002.3,771034.4,488221.5,735591.9,781863.9,292926.7,317035.4,319900.8,789556.7,383168.9,368322.3,282614.9,373678.2
1846,26434,53.650416666666665,7.94535,Niedersachsen,NI,Landkreis Friesland,3455.0,"(53.650416666666665, 7.94535)",562196.7,284866.9,437782.8,496095.1,757127.2,474314.3,721684.7,767956.7,325664.9,349773.6,352639.0,775649.5,401978.4,354415.1,304800.9,359771.0
1847,26441,53.5718,7.893800000000001,Niedersachsen,NI,Landkreis Friesland,3455.0,"(53.5718, 7.893800000000001)",554728.7,277399.0,430314.8,488627.2,749659.3,466846.4,714216.7,760488.7,318197.0,342305.6,345171.1,768181.6,394510.5,346947.1,297332.9,352303.1
1848,26446,53.46356428571429,7.847685714285714,Niedersachsen,NI,Landkreis Wittmund,3462.0,"(53.46356428571429, 7.847685714285714)",553127.4,275797.6,428713.5,487025.8,748058.0,465245.0,712615.4,758887.4,278304.1,302412.7,305278.2,766580.3,368546.3,345345.8,267992.2,350701.8
1849,26452,53.49592857142857,8.015857142857143,Niedersachsen,NI,Landkreis Friesland,3455.0,"(53.49592857142857, 8.015857142857143)",540657.6,263327.8,416243.7,474556.0,735588.2,452775.2,700145.6,746417.6,304125.9,328234.5,331099.9,754110.4,380439.3,332876.0,283261.8,338232.0
1850,26465,53.75,7.4833,Niedersachsen,NI,Landkreis Wittmund,3462.0,"(53.75, 7.4833)",593046.1,315716.4,468632.2,526944.6,787976.7,505163.8,736095.1,798806.1,297552.8,321661.4,324526.8,806499.0,387795.0,385264.5,287240.9,390620.5
1851,26474,53.7701,7.6948,Niedersachsen,NI,Landkreis Wittmund,3462.0,"(53.7701, 7.6948)",581520.7,304190.9,457106.8,515419.1,776451.2,493638.3,741008.7,787280.6,302237.3,326345.9,329211.3,794973.5,421302.4,373739.1,324124.9,379095.0
1852,26486,53.79,7.8994,Niedersachsen,NI,Landkreis Friesland,3455.0,"(53.79, 7.8994)",568778.7,291448.9,444364.8,502677.1,763709.3,480896.3,728266.7,774538.7,332247.0,356355.6,359221.1,782231.6,408560.4,360997.1,311382.9,366353.1
1853,26487,53.5743,7.532999999999999,Niedersachsen,NI,Landkreis Wittmund,3462.0,"(53.5743, 7.532999999999999)",582628.8,305299.0,458214.9,516527.2,777559.4,494746.4,721653.5,788388.8,283111.2,307219.8,310085.2,796081.7,373353.4,374847.2,272799.3,380203.2
1854,26489,53.6069,7.516166666666667,Niedersachsen,NI,Landkreis Wittmund,3462.0,"(53.6069, 7.516166666666667)",584042.0,306712.3,459628.1,517940.4,778972.6,496159.6,726018.6,789802.0,287476.3,311585.0,314450.4,797494.9,377718.5,376260.4,277164.4,381616.4
1855,26506,53.58265,7.192158333333334,Niedersachsen,NI,Landkreis Aurich,3452.0,"(53.58265, 7.192158333333334)",608174.5,316771.6,484530.2,514532.3,803105.0,521061.8,736326.2,813934.5,297783.9,321892.5,324758.0,821627.3,388026.1,400392.9,287472.0,405748.8
1856,26524,53.60396000000001,7.28848,Niedersachsen,NI,Landkreis Aurich,3452.0,"(53.60396000000001, 7.28848)",612227.3,320824.5,488583.1,518585.2,807157.9,525114.6,740379.1,817987.3,301836.8,325945.4,328810.8,825680.2,392079.0,404445.8,291524.9,409801.7
1857,26529,53.52393333333333,7.274933333333333,Niedersachsen,NI,Landkreis Aurich,3452.0,"(53.52393333333333, 7.274933333333333)",598761.9,307359.0,475117.7,505119.8,793692.5,511649.2,726913.7,804521.9,288371.4,312480.0,315345.4,812214.8,378613.5,390980.3,278059.5,396336.3
1858,26532,53.5931,7.363375,Niedersachsen,NI,Landkreis Aurich,3452.0,"(53.5931, 7.363375)",597737.5,307081.2,473323.6,531635.9,792668.1,509855.1,726635.8,803497.5,288093.5,312202.1,315067.6,811190.4,378335.7,389955.9,277781.6,395311.9
1859,26548,53.7083,7.1582,Niedersachsen,NI,Landkreis Aurich,3452.0,"(53.7083, 7.1582)",627725.4,336322.5,504081.2,534083.3,822656.0,540612.7,755877.1,833485.4,317334.8,341443.5,344308.9,841178.3,407577.0,419943.8,307022.9,425299.8
1860,26553,53.65476666666667,7.430133333333333,Niedersachsen,NI,Landkreis Aurich,3452.0,"(53.65476666666667, 7.430133333333333)",589605.6,312275.9,465191.7,523504.1,784536.2,501723.2,729220.0,795365.6,290677.7,314786.4,317651.8,803058.5,380919.9,381824.0,280365.8,387180.0
1861,26556,53.59198,7.45338,Niedersachsen,NI,Landkreis Wittmund,3462.0,"(53.59198, 7.45338)",588757.2,301831.8,464343.3,522655.6,783687.7,500874.8,721386.5,794517.1,282844.2,306952.8,309818.2,802210.0,373086.3,380975.6,272532.3,386331.5
1862,26571,53.6779,6.9958,Niedersachsen,NI,Landkreis Aurich,3452.0,"(53.6779, 6.9958)",628116.1,336713.2,504471.8,534473.9,823046.6,541003.3,756267.8,833876.0,317725.5,341834.1,344699.6,841568.9,407967.7,420334.5,307413.6,425690.4
1863,26579,53.7284,7.3714,Niedersachsen,NI,Landkreis Aurich,3452.0,"(53.7284, 7.3714)",597430.2,320100.4,473016.3,531328.6,792360.8,509547.8,737044.6,803190.2,298502.3,322610.9,325476.4,810883.0,388744.5,389648.6,288190.4,395004.5
1864,26603,53.4719,7.4775,Niedersachsen,NI,Landkreis Aurich,3452.0,"(53.4719, 7.4775)",572852.2,287823.7,448093.7,485584.5,767782.7,484625.2,707378.3,778612.1,268836.0,292944.6,295810.1,786305.0,359078.2,365070.6,258524.1,370426.5
1865,26605,53.473025,7.530324999999999,Niedersachsen,NI,Landkreis Aurich,3452.0,"(53.473025, 7.530324999999999)",573724.2,288695.7,448965.7,486456.5,768654.8,485497.2,708250.4,779484.2,269708.1,293816.7,296682.1,787177.1,359950.3,365942.6,259396.2,371298.6
1866,26607,53.4839,7.5151,Niedersachsen,NI,Landkreis Aurich,3452.0,"(53.4839, 7.5151)",575027.9,289999.5,450269.4,487760.2,769958.5,486800.9,709554.1,780787.9,271011.8,295120.4,297985.8,788480.8,361254.0,367246.3,260699.9,372602.3
1867,26624,53.47552727272728,7.351636363636363,Niedersachsen,NI,Landkreis Aurich,3452.0,"(53.47552727272728, 7.351636363636363)",593797.1,302394.3,470152.9,500155.0,788727.7,506684.4,721948.9,799557.1,283406.6,307515.2,310380.6,807250.0,373648.8,386015.6,273094.7,391371.5
1868,26629,53.39738,7.592913333333333,Niedersachsen,NI,Landkreis Aurich,3452.0,"(53.39738, 7.592913333333333)",562966.0,281568.3,438207.5,479329.1,757896.6,474739.0,701122.9,768726.0,262580.6,286689.3,289554.7,776418.9,352822.8,355184.4,252268.8,360540.4
1869,26632,53.410225,7.402933333333333,Niedersachsen,NI,Landkreis Aurich,3452.0,"(53.410225, 7.402933333333333)",576421.7,285018.8,452777.5,482779.6,771352.3,489309.0,704573.4,782181.7,266031.1,290139.8,293005.2,789874.6,356273.3,368640.1,255719.2,373996.1
1870,26639,53.41358333333333,7.719866666666667,Niedersachsen,NI,Landkreis Aurich,3452.0,"(53.41358333333333, 7.719866666666667)",561786.9,284457.2,424608.0,495685.4,756717.5,461139.5,705637.2,767546.9,267095.0,291203.6,294069.0,775239.8,357337.1,354005.3,256783.1,359361.3
1871,26655,53.2568,7.9274,Niedersachsen,NI,Ammerland,3451.0,"(53.2568, 7.9274)",523210.3,245880.6,398451.8,457108.8,718140.9,434983.3,682698.3,728970.3,273421.9,297530.6,300396.0,736663.2,363664.1,315428.7,263110.0,320784.7
1872,26670,53.3055,7.7512,Niedersachsen,NI,Landkreis Leer,3457.0,"(53.3055, 7.7512)",535786.3,258456.5,411027.8,469684.7,730716.9,447559.3,703255.5,741546.3,264713.2,288821.9,291687.3,749239.1,354955.4,328004.7,254401.3,333360.7
1873,26676,53.1698,7.7501,Niedersachsen,NI,Cloppenburg,3453.0,"(53.1698, 7.7501)",512728.4,235398.7,422781.8,446626.9,707659.0,459313.3,672216.5,718488.4,270841.2,294949.9,297815.3,726181.3,361083.4,304946.8,260529.4,310302.8
1874,26683,53.1033,7.6825,Niedersachsen,NI,Cloppenburg,3453.0,"(53.1033, 7.6825)",508927.6,231597.8,411360.8,442826.0,703858.1,447892.4,668415.6,714687.6,248607.3,272716.0,275581.4,722380.4,338849.5,301146.0,238295.4,306501.9
1875,26689,53.2262,7.7489,Niedersachsen,NI,Ammerland,3451.0,"(53.2262, 7.7489)",541686.6,264356.9,416928.1,475585.1,736617.2,453459.6,703529.9,747446.6,264987.6,289096.2,291961.7,755139.5,355229.8,333905.0,254675.7,339261.0
1876,26721,53.3701,7.2031,Niedersachsen,NI,"Emden, Stadt",3402.0,"(53.3701, 7.2031)",580322.3,288919.4,456678.0,486680.1,775252.8,493209.5,708474.0,786082.2,269931.7,294040.3,296905.8,793775.1,360173.9,372540.7,259619.8,377896.6
1877,26723,53.3667,7.2167,Niedersachsen,NI,"Emden, Stadt",3402.0,"(53.3667, 7.2167)",578915.6,287512.8,455271.4,485273.5,773846.2,491802.9,707067.4,784675.6,268525.1,292633.7,295499.1,792368.5,358767.3,371134.1,258213.2,376490.0
1878,26725,53.3528,7.2184,Niedersachsen,NI,"Emden, Stadt",3402.0,"(53.3528, 7.2184)",578023.1,286620.2,454378.9,484381.0,772953.7,490910.4,706174.8,783783.1,267632.5,291741.2,294606.6,791476.0,357874.7,370241.5,257320.6,375597.5
1879,26736,53.4397,7.091185,Niedersachsen,NI,Landkreis Aurich,3452.0,"(53.4397, 7.091185)",590865.1,299462.2,467220.9,497223.0,785795.7,503752.4,719016.9,796625.1,280474.6,304583.2,307448.6,804318.0,370716.7,383083.5,270162.7,388439.5
1880,26757,53.5809,6.6915,Niedersachsen,NI,Landkreis Leer,3457.0,"(53.5809, 6.6915)",608239.8,316836.9,542816.4,514597.7,803170.4,579347.9,736391.5,813999.8,297849.2,321957.9,324823.3,821692.7,388091.4,400458.2,287537.4,405814.2
1881,26759,53.42148888888889,7.195633333333333,Niedersachsen,NI,Landkreis Aurich,3452.0,"(53.42148888888889, 7.195633333333333)",584708.3,293305.4,461064.1,491066.2,779638.9,497595.6,712860.0,790468.3,274317.7,298426.4,301291.8,798161.2,364559.9,376926.7,264005.9,382282.7
1882,26789,53.2348,7.4752,Niedersachsen,NI,Landkreis Leer,3457.0,"(53.2348, 7.4752)",550804.6,259401.8,432027.4,457162.5,745735.2,468559.0,678956.4,756564.6,240414.1,264522.7,267388.1,764257.5,330656.3,343023.1,230102.2,348379.0
1883,26802,53.3114,7.423,Niedersachsen,NI,Landkreis Leer,3457.0,"(53.3114, 7.423)",554729.7,263326.8,438621.6,461087.6,749660.3,475153.1,682881.4,760489.7,244339.1,268447.8,271313.2,768182.6,334581.3,346948.1,234027.3,352304.1
1884,26810,53.1692,7.4614,Niedersachsen,NI,Landkreis Leer,3457.0,"(53.1692, 7.4614)",543484.4,252081.5,440735.4,449842.3,738415.0,477266.9,671636.2,749244.4,233093.9,257202.5,260067.9,756937.3,323336.0,335702.8,222782.0,341058.8
1885,26817,53.1362,7.5747,Niedersachsen,NI,Landkreis Leer,3457.0,"(53.1362, 7.5747)",518761.5,241431.8,436438.2,452660.0,713692.1,472969.8,676899.9,724521.5,238357.6,262466.2,265331.7,732214.4,328599.8,310979.9,228045.7,316335.9
