,zipcode,lat,long,state,state_code,community_name,community_code,coor,AKB Kitzingen,AKB Dortmund,AKB Zörbig,AKB Schöneck,AKB Buch,Mosolf Etzin,Mosolf Kippenheim,BLG Kelheim,BLG Duisburg,BLG Neuss,Carservice Erkens,ARS Altmann Wolnzach,CAT Zülpich,Autohaus Siebrecht,Neu: FleetParQ Essen ,Neu: FleetParQ Kassel
7769,96172,49.7544,10.7756,Bayern,BY,Landkreis Erlangen-Höchstadt,9572.0,"(49.7544, 10.7756)",59905.6,420957.3,294369.2,192306.0,218491.8,421825.1,348144.9,157669.1,426960.8,408063.5,460101.3,165361.9,396745.8,319821.9,433490.1,265869.2
7770,96173,49.9325,10.8147,Bayern,BY,Bamberg,9471.0,"(49.9325, 10.8147)",92948.5,393175.4,271384.8,218141.6,287879.0,398840.7,381501.5,183597.3,472256.5,441420.0,499230.6,191290.2,430102.3,292040.0,429827.2,238087.3
7771,96175,49.83,10.9284,Bayern,BY,Bamberg,9471.0,"(49.83, 10.9284)",76986.9,414324.8,277412.5,209387.3,233463.0,404868.4,365226.3,169391.6,444042.1,425144.8,477182.7,177084.5,413827.1,313189.4,450976.6,259236.7
7772,96176,50.15,10.7333,Bayern,BY,Landkreis Haßberge,9674.0,"(50.15, 10.7333)",92278.0,392505.0,292724.9,217471.2,287208.6,420180.8,380831.1,204367.4,471586.1,440749.6,498560.1,212060.2,429431.9,291369.6,429156.7,237416.9
7773,96178,49.7667,10.8167,Bayern,BY,Bamberg,9471.0,"(49.7667, 10.8167)",64545.5,413308.1,292278.0,196945.9,219797.4,419734.0,352784.8,158368.2,431600.7,412703.3,464741.2,166061.1,401385.7,312172.7,438130.0,258219.9
7774,96179,50.015,10.8886,Bayern,BY,Bamberg,9471.0,"(50.015, 10.8886)",102487.2,402714.2,274287.1,227680.4,294413.9,401743.0,391040.3,185929.6,481795.3,450958.8,508769.3,193622.5,439641.1,301578.8,439365.9,247626.1
7775,96181,49.8833,10.6167,Bayern,BY,Landkreis Haßberge,9674.0,"(49.8833, 10.6167)",53802.0,392031.0,291625.2,186202.4,248732.6,419081.2,342041.4,184608.0,420857.2,401959.9,453997.8,192300.9,390642.2,290895.6,428682.7,236942.8
7776,96182,50.0167,10.8333,Bayern,BY,Bamberg,9471.0,"(50.0167, 10.8333)",97949.9,398176.9,276935.3,223143.1,292880.5,404391.2,386503.0,188577.8,477258.0,446421.5,504232.0,196270.6,435103.8,297041.5,434828.6,243088.8
7777,96184,50.0634,10.7992,Bayern,BY,Landkreis Haßberge,9674.0,"(50.0634, 10.7992)",97189.2,397416.1,281502.5,222382.3,292119.7,408958.4,385742.2,193145.0,476497.2,445660.7,503471.3,200837.8,434343.0,296280.7,434067.9,242328.0
7778,96185,49.857,10.6902,Bayern,BY,Bamberg,9471.0,"(49.857, 10.6902)",59572.2,396437.9,285855.0,191972.6,254502.8,413310.9,347811.6,176312.8,426627.4,407730.1,459768.0,184005.6,396412.4,295302.5,433089.6,241349.8
7779,96187,50.0032,11.1976,Bayern,BY,Bamberg,9471.0,"(50.0032, 11.1976)",125659.1,425886.0,240341.9,250852.2,307923.1,367797.8,414212.1,199438.8,504967.1,474130.7,531941.2,207131.6,462813.0,324750.6,462537.8,270797.9
7780,96188,49.9719,10.7239,Bayern,BY,Landkreis Haßberge,9674.0,"(49.9719, 10.7239)",85824.0,386050.9,280696.9,211017.1,280754.6,408152.9,374377.0,192909.5,465132.0,434295.5,492106.1,200602.3,422977.9,284915.5,422702.7,230962.8
7781,96190,50.1275,10.8563,Bayern,BY,Landkreis Haßberge,9674.0,"(50.1275, 10.8563)",103269.1,403496.1,281534.3,228462.3,298199.7,408990.3,391822.2,200523.7,482577.2,451740.7,509551.2,208216.6,440423.0,302360.7,440147.8,248408.0
7782,96191,49.9222,10.7772,Bayern,BY,Bamberg,9471.0,"(49.9222, 10.7772)",91440.0,391666.9,274997.8,216633.1,286370.6,402453.7,379993.0,187210.3,470748.0,439911.6,497722.1,194903.2,428593.9,290531.5,428318.7,236578.8
7783,96193,49.7519,10.7134,Bayern,BY,Landkreis Erlangen-Höchstadt,9572.0,"(49.7519, 10.7134)",51994.4,413046.1,299144.1,184394.8,223307.2,426600.0,340233.8,161676.1,419049.6,400152.3,452190.2,169369.0,388834.6,311910.7,425578.9,257958.0
7784,96194,49.8667,10.7833,Bayern,BY,Bamberg,9471.0,"(49.8667, 10.7833)",67411.4,402546.0,279453.6,199811.8,262342.0,406909.6,355650.8,182039.6,434466.6,415569.3,467607.2,189732.5,404251.6,301410.6,439197.8,247457.9
7785,96196,50.0326,11.1262,Bayern,BY,Bamberg,9471.0,"(50.0326, 11.1262)",123854.0,424080.9,251362.0,249047.1,306117.9,378817.9,412407.0,197633.6,503162.0,472325.5,530136.1,205326.5,461007.9,322945.5,460732.7,268992.8
7786,96197,49.9761,11.3005,Bayern,BY,Landkreis Kulmbach,9477.0,"(49.9761, 11.3005)",138043.7,438270.6,236140.6,263236.9,319253.0,363596.5,426596.7,210075.5,517351.7,486515.3,544325.8,218461.6,475197.6,337135.2,474922.4,283182.5
7787,96199,50.0178,10.9324,Bayern,BY,Bamberg,9471.0,"(50.0178, 10.9324)",113855.7,414082.6,262503.2,239048.8,296888.6,389959.1,402408.7,188404.3,493163.7,462327.2,520137.8,196097.2,451009.6,312947.2,450734.4,258994.5
7788,96215,50.1457,11.0593,Bayern,BY,Landkreis Lichtenfels,9478.0,"(50.1457, 11.0593)",130369.6,430596.6,233915.0,255562.8,313402.6,361370.9,418922.7,204918.3,509677.7,478841.2,536651.7,212611.2,467523.5,270163.8,467248.3,275508.5
7789,96224,50.1409,11.252,Bayern,BY,Landkreis Lichtenfels,9478.0,"(50.1409, 11.252)",144584.1,444811.0,223369.9,269777.2,325300.7,350825.9,433137.1,216123.2,523892.1,493055.6,550866.2,224509.3,481738.0,278585.8,481462.8,289722.9
7790,96231,50.102,11.0013,Bayern,BY,Landkreis Lichtenfels,9478.0,"(50.102, 11.0013)",124592.1,424819.1,265447.2,249785.3,307625.1,392903.2,413145.2,199140.8,503900.2,473063.7,530874.2,206833.6,461746.0,272218.7,461470.8,269731.0
7791,96237,50.329,11.1527,Bayern,BY,Landkreis Coburg,9473.0,"(50.329, 11.1527)",161751.1,385005.6,213310.5,256089.8,344784.0,340766.4,450304.1,236299.7,464086.7,438523.2,491060.7,243992.6,498904.9,260296.6,421657.3,218435.0
7792,96242,50.2167,11.1333,Bayern,BY,Landkreis Coburg,9473.0,"(50.2167, 11.1333)",146273.4,446500.3,226850.7,271466.6,329306.4,354306.6,434826.4,220822.1,525581.4,494745.0,552555.5,228514.9,483427.3,263580.1,483152.1,221718.6
7793,96247,50.168,11.1139,Bayern,BY,Landkreis Lichtenfels,9478.0,"(50.168, 11.1139)",136314.3,436541.3,231145.5,261507.5,319347.3,358601.5,424867.4,210863.0,515622.4,484785.9,542596.5,218555.9,473468.2,269468.0,473193.0,281453.2
7794,96250,50.0664,10.9583,Bayern,BY,Landkreis Lichtenfels,9478.0,"(50.0664, 10.9583)",119897.5,420124.5,265918.9,245090.7,302930.5,393374.9,408450.6,194446.2,499205.5,468369.1,526179.6,202139.0,457051.4,318989.1,456776.2,265036.3
7795,96253,50.1942,10.9745,Bayern,BY,Landkreis Coburg,9473.0,"(50.1942, 10.9745)",114830.6,415057.6,242691.4,240023.8,321671.7,370147.3,403383.7,213187.4,494138.7,463302.2,521112.7,220880.3,451984.5,258060.0,451709.3,259969.5
7796,96257,50.1784,11.20135,Bayern,BY,Landkreis Lichtenfels,9478.0,"(50.1784, 11.20135)",143114.2,443341.1,222786.2,268307.3,326147.1,350242.1,431667.2,217662.8,522422.2,491585.7,549396.3,225355.7,480268.1,270622.5,479992.9,288253.0
7797,96260,50.0851,11.2402,Bayern,BY,Landkreis Lichtenfels,9478.0,"(50.0851, 11.2402)",136685.2,436912.1,241133.9,261878.3,318949.1,368589.8,425238.2,210464.8,515993.2,485156.7,542967.3,218157.7,473839.0,335776.7,473563.9,281824.0
7798,96264,50.125,11.2503,Bayern,BY,Landkreis Lichtenfels,9478.0,"(50.125, 11.2503)",141970.0,442197.0,245787.9,267163.2,324234.0,373243.8,430523.1,215749.7,521278.1,490441.6,548252.1,223442.6,479123.9,341061.6,478848.7,287108.9
7799,96268,50.2511,11.2082,Bayern,BY,Landkreis Kronach,9476.0,"(50.2511, 11.2082)",153169.4,453396.3,220223.2,278362.5,336202.3,347679.1,441722.4,227718.0,532477.4,501640.9,559451.5,235410.9,490323.2,268299.5,490048.1,226438.0
7800,96269,50.176,10.9505,Bayern,BY,Landkreis Coburg,9473.0,"(50.176, 10.9505)",113661.1,413888.1,246820.5,238854.3,308591.7,374276.4,402214.2,212773.1,492969.2,462132.7,519943.2,220466.0,450815.0,260428.0,450539.8,258800.0
7801,96271,50.2299,11.0198,Bayern,BY,Landkreis Coburg,9473.0,"(50.2299, 11.0198)",118071.0,418297.9,235969.4,243264.1,313001.6,363425.3,406624.0,217266.5,497379.0,466542.6,524353.1,224959.4,455224.9,259520.3,454949.7,217658.8
7802,96272,50.1501,11.1712,Bayern,BY,Landkreis Lichtenfels,9478.0,"(50.1501, 11.1712)",138414.6,438641.6,225167.8,263607.8,321447.6,352623.7,426967.7,212963.3,517722.7,486886.2,544696.7,220656.2,475568.5,280390.8,475293.3,283553.5
7803,96274,50.15,10.9,Bayern,BY,Landkreis Coburg,9473.0,"(50.15, 10.9)",109302.6,409529.5,252602.5,234495.7,304233.2,380058.5,397855.6,202856.8,488610.6,457774.2,515584.7,210549.7,446456.5,308394.1,446181.3,254441.4
7804,96275,50.1667,11.1669,Bayern,BY,Landkreis Lichtenfels,9478.0,"(50.1667, 11.1669)",139581.9,439808.9,225123.7,264775.1,322614.9,352579.6,428135.0,214130.6,518890.0,488053.5,545864.0,221823.4,476735.8,270647.5,476460.6,284720.8
7805,96277,50.2118,11.194,Bayern,BY,Landkreis Kronach,9476.0,"(50.2118, 11.194)",152103.8,452330.7,221396.0,277297.0,335136.8,348852.0,440656.8,226652.5,531411.8,500575.4,558385.9,234345.3,489257.7,269410.5,488982.5,227549.0
7806,96279,50.2035,11.1401,Bayern,BY,Landkreis Coburg,9473.0,"(50.2035, 11.1401)",148556.9,448783.9,225352.6,273750.1,331589.9,352808.5,437110.0,223105.6,527865.0,497028.5,554839.0,230798.5,485710.8,265863.7,485435.6,224002.2
7807,96317,50.2396,11.3331,Bayern,BY,Landkreis Kronach,9476.0,"(50.2396, 11.3331)",154535.5,454762.5,210097.1,279728.7,331620.4,337553.0,443088.6,222442.9,533843.6,503007.1,560817.6,230829.0,491689.4,280447.8,491414.2,238586.3
7808,96328,50.1912,11.2668,Bayern,BY,Landkreis Kronach,9476.0,"(50.1912, 11.2668)",146983.2,447210.2,216599.2,272176.4,330016.2,344055.1,435536.3,221531.9,526291.2,495454.8,553265.3,229224.7,484137.1,276300.2,483861.9,292122.1
7809,96332,50.3524,11.3097,Bayern,BY,Landkreis Kronach,9476.0,"(50.3524, 11.3097)",177698.2,400952.7,195253.6,272036.9,360731.2,322709.5,466251.3,252246.9,480033.8,454470.4,507007.9,259939.8,514852.1,276243.7,437604.5,234382.2
7810,96337,50.486,11.3873,Bayern,BY,Landkreis Kronach,9476.0,"(50.486, 11.3873)",195570.6,387979.7,185238.1,289909.3,378603.6,312694.0,484123.6,253149.2,467060.8,455932.7,494034.9,277812.1,487052.4,263270.7,424631.5,221409.2
7811,96342,50.3064,11.2817,Bayern,BY,Landkreis Kronach,9476.0,"(50.3064, 11.2817)",163538.5,400651.5,200869.1,288731.7,340047.5,328325.1,452091.6,230870.0,479732.6,512010.1,506706.7,239256.1,500692.4,275942.5,437303.3,234081.0
7812,96346,50.2685,11.4706,Bayern,BY,Landkreis Kronach,9476.0,"(50.2685, 11.4706)",167117.0,467344.0,196267.2,292310.2,333808.7,323723.1,455670.1,224631.2,546425.1,515588.6,573399.2,233017.3,504270.9,361490.8,503995.8,251167.8
7813,96349,50.2944,11.4629,Bayern,BY,Landkreis Kronach,9476.0,"(50.2944, 11.4629)",166790.7,467017.7,202972.4,291983.9,333482.4,330428.3,455343.8,224304.9,546098.8,515262.3,573072.9,232691.0,503944.6,292703.0,503669.5,250841.5
7814,96352,50.3111,11.3728,Bayern,BY,Landkreis Kronach,9476.0,"(50.3111, 11.3728)",164472.6,464699.6,199311.5,289665.8,336720.3,326767.4,453025.7,227542.8,543780.7,512944.2,570754.7,235928.9,501626.5,290384.9,501351.3,248523.4
7815,96355,50.4698,11.2589,Bayern,BY,Landkreis Kronach,9476.0,"(50.4698, 11.2589)",182869.8,374612.0,186712.9,277208.5,365902.8,314168.8,471422.9,257418.5,453693.1,442565.1,480667.2,265111.3,473684.8,249903.0,411263.8,208041.5
7816,96358,50.41135,11.3977,Bayern,BY,Landkreis Kronach,9476.0,"(50.41135, 11.3977)",190391.2,396128.8,186213.5,284729.9,349733.4,313669.4,478944.2,253634.5,475209.9,464081.8,502183.9,248942.0,527545.1,271419.8,432780.5,229558.2
7817,96361,50.439,11.3692,Bayern,BY,Landkreis Kronach,9476.0,"(50.439, 11.3692)",189245.4,382503.7,183618.8,283584.1,372278.3,311074.7,477798.4,251529.8,461584.8,450456.7,488558.8,271486.9,481576.4,257794.7,419155.4,215933.1
7818,96364,50.25,11.3833,Bayern,BY,Landkreis Kronach,9476.0,"(50.25, 11.3833)",159005.5,459232.5,205158.9,284198.7,326817.3,332614.8,447558.6,217639.8,538313.6,507477.1,565287.7,226025.9,496159.4,284917.8,495884.3,243056.3
7819,96365,50.3741,11.5099,Bayern,BY,Landkreis Kronach,9476.0,"(50.3741, 11.5099)",177211.5,400347.3,182350.8,302404.6,343903.1,309806.7,465764.5,237967.8,479428.4,468300.3,506402.4,243111.7,514365.4,347574.4,436999.0,233776.7
7820,96367,50.4,11.45,Bayern,BY,Landkreis Kronach,9476.0,"(50.4, 11.45)",176445.6,394840.1,187824.2,301638.8,347144.7,315280.1,464998.6,245557.8,473921.2,462793.2,500895.3,246353.3,513599.5,270131.1,431491.9,228269.6
7821,96369,50.2,11.35,Bayern,BY,Landkreis Kronach,9476.0,"(50.2, 11.35)",155561.7,455788.6,215809.5,280754.9,325159.5,343265.4,444114.7,215982.0,534869.7,504033.3,561843.8,224368.1,492715.6,281474.0,492440.4,239612.4
7822,96450,50.2594,10.9638,Bayern,BY,Coburg,9463.0,"(50.2594, 10.9638)",116513.4,374851.5,242535.9,241706.6,311444.0,369991.9,405066.5,220421.6,453932.6,464985.0,480906.6,228114.5,453667.3,250142.5,411503.2,208280.9
7823,96465,50.3298,11.1206,Bayern,BY,Landkreis Coburg,9473.0,"(50.3298, 11.1206)",159203.5,382458.0,216705.5,253542.2,342236.5,344161.5,447756.6,233752.2,461539.1,435975.6,488513.2,241445.0,496357.4,257749.0,419109.8,215887.5
7824,96472,50.2952,11.0412,Bayern,BY,Landkreis Coburg,9473.0,"(50.2952, 11.0412)",150383.1,375901.6,243758.6,246985.8,333416.0,371214.5,438936.1,224931.7,454982.7,429419.3,481956.8,232624.6,487537.0,251192.6,412553.4,209331.1
7825,96476,50.3333,10.7833,Bayern,BY,Landkreis Coburg,9473.0,"(50.3333, 10.7833)",115049.5,357599.5,271802.2,186988.9,309980.1,399258.2,403602.6,243841.5,436680.6,403187.1,463654.7,251534.3,411155.7,256464.1,394251.3,202511.4
7826,96479,50.256,10.8799,Bayern,BY,Landkreis Coburg,9473.0,"(50.256, 10.8799)",108005.6,366894.1,250539.7,196283.5,302936.2,377995.6,396558.7,228425.4,445975.2,456477.2,472949.3,236118.3,445159.5,254813.8,403545.9,211806.0
7827,96482,50.2376,10.9542,Bayern,BY,Landkreis Coburg,9473.0,"(50.2376, 10.9542)",111554.5,411781.5,241537.1,236747.7,306485.1,368993.0,400107.6,219422.8,490862.6,460026.1,517836.6,227115.7,448708.4,252430.3,448433.2,256693.4
7828,96484,50.3212,10.907,Bayern,BY,Landkreis Coburg,9473.0,"(50.3212, 10.907)",117114.9,367880.3,270174.1,197269.7,312045.5,397630.0,405668.0,233275.4,446961.4,413467.9,473935.5,240968.2,421436.5,245962.1,404532.1,212792.2
7829,96486,50.3333,10.9667,Bayern,BY,Landkreis Coburg,9473.0,"(50.3333, 10.9667)",122914.1,365294.4,250158.3,236378.6,317844.7,377614.2,411467.1,231331.5,444375.5,418812.1,471349.6,239024.4,460068.0,240585.4,401946.2,198723.9
7830,96487,50.2833,11.0,Bayern,BY,Landkreis Coburg,9473.0,"(50.2833, 11.0)",148733.1,373913.6,242108.6,206128.5,331766.1,369564.5,437286.1,223281.8,452994.7,427431.2,479968.8,230974.6,485887.0,249204.6,410565.4,207343.1
7831,96489,50.22,10.9909,Bayern,BY,Landkreis Coburg,9473.0,"(50.22, 10.9909)",115695.8,415922.7,238015.1,240888.9,310626.4,365471.0,404248.8,215974.1,495003.8,464167.4,521977.9,223666.9,452849.7,261566.0,452574.5,219704.5
7832,96515,50.3592,11.1746,Thüringen,TH,Landkreis Sonneberg,16072.0,"(50.3592, 11.1746)",166552.6,389807.1,208752.4,260891.3,349585.6,336208.3,455105.7,241101.3,468888.2,443324.8,495862.3,248794.2,503706.5,265098.1,426458.9,223236.6
7833,96523,50.440650000000005,11.19205,Thüringen,TH,Landkreis Sonneberg,16072.0,"(50.440650000000005, 11.19205)",179951.8,376071.9,194427.6,256921.8,362984.8,321883.5,468504.8,254500.5,455153.0,444025.0,482127.1,262193.3,517105.7,251362.9,412723.7,209501.4
7834,96524,50.35,11.231,Thüringen,TH,Landkreis Sonneberg,16072.0,"(50.35, 11.231)",174545.9,397800.4,205628.2,268884.6,357578.8,333084.2,463098.9,249094.5,476881.5,451318.0,503855.5,256787.4,511699.7,273091.4,434452.1,231229.8
7835,96528,50.39986666666667,11.0177,Thüringen,TH,Landkreis Sonneberg,16072.0,"(50.39986666666667, 11.0177)",163509.0,362874.9,207384.5,233959.0,346542.0,334840.4,452062.0,238057.7,441955.9,416392.5,468930.0,245750.5,458125.9,238165.8,399526.6,196304.3
7836,97070,49.7971,9.9337,Bayern,BY,Würzburg,9663.0,"(49.7971, 9.9337)",16836.6,363964.2,358156.3,128467.6,213693.0,485612.2,284306.6,221609.4,363122.4,344225.1,396263.0,229302.2,332907.4,262828.8,369651.7,208876.1
7837,97072,49.7829,9.9366,Bayern,BY,Würzburg,9663.0,"(49.7829, 9.9366)",20940.8,337162.3,358270.6,126870.2,215871.3,485726.5,282709.2,223778.0,361525.0,342627.7,394665.6,231470.9,331310.0,262943.2,368054.4,208990.4
7838,97074,49.7802,9.9416,Bayern,BY,Würzburg,9663.0,"(49.7802, 9.9416)",17038.9,364166.5,358358.6,127706.9,213895.2,485814.5,283545.8,221811.6,362361.7,343464.4,395502.2,229504.5,332146.7,263031.1,368891.0,209078.4
7839,97076,49.8044,9.977,Bayern,BY,Würzburg,9663.0,"(49.8044, 9.977)",14104.6,361256.5,355448.6,131691.2,210960.9,482904.5,287530.1,218877.3,366346.0,347448.7,399486.5,226570.2,336131.0,260121.1,372875.3,206168.4
7840,97078,49.8118,9.9635,Bayern,BY,Würzburg,9663.0,"(49.8118, 9.9635)",15384.1,361337.5,355529.5,130302.5,212240.5,482985.5,286141.4,220156.9,364957.3,346059.9,398097.8,227849.8,334742.2,260202.1,371486.6,206249.4
7841,97080,49.8017,9.9058,Bayern,BY,Würzburg,9663.0,"(49.8017, 9.9058)",19437.0,332703.1,360754.4,122411.0,216293.3,488210.4,284836.3,224209.7,357065.8,338168.4,390206.3,231902.6,326850.8,265427.0,363595.1,211474.3
7842,97082,49.7899,9.9206,Bayern,BY,Würzburg,9663.0,"(49.7899, 9.9206)",19691.9,332611.8,361009.4,122319.7,216548.3,488465.3,281821.5,224464.7,356974.5,338077.2,390115.0,232157.6,326759.5,265681.9,363503.8,211729.2
7843,97084,49.7685,9.9382,Bayern,BY,Würzburg,9663.0,"(49.7685, 9.9382)",22058.8,335521.0,360238.1,125228.9,216989.4,487694.1,281067.8,224896.1,359883.7,340986.4,393024.2,232588.9,329668.7,264910.7,366413.0,210958.0
7844,97199,49.6643,10.0623,Bayern,BY,Landkreis Würzburg,9679.0,"(49.6643, 10.0623)",24106.6,349663.1,379220.5,139370.9,189016.6,506676.4,295209.9,240660.7,374025.8,355128.4,407166.3,231299.7,343810.7,283893.0,380555.1,229940.3
7845,97204,49.7845,9.8822,Bayern,BY,Landkreis Würzburg,9679.0,"(49.7845, 9.8822)",32726.6,329430.5,362266.1,119138.4,227657.2,489722.0,278640.2,235563.9,353793.2,334895.9,386933.8,243256.7,323578.2,266938.6,360322.5,212985.9
7846,97209,49.8328,9.8817,Bayern,BY,Landkreis Würzburg,9679.0,"(49.8328, 9.8817)",23528.2,334473.2,364845.6,124181.1,220384.5,492301.6,286606.4,228300.9,358835.9,339938.5,391976.4,235993.8,328620.9,269518.2,365365.2,215565.5
7847,97215,49.55106666666666,10.2102,Bayern,BY,Landkreis Neustadt an der Aisch-Bad Windsheim,9575.0,"(49.55106666666666, 10.2102)",30719.3,395855.6,390047.7,166944.1,173179.9,517503.6,306147.7,191072.5,401598.9,382701.6,434739.4,187244.3,371383.9,294720.2,408128.2,240767.5
7848,97218,49.7753,9.9936,Bayern,BY,Landkreis Würzburg,9679.0,"(49.7753, 9.9936)",15530.7,368356.7,362548.8,130820.1,212387.0,490004.7,286659.0,220303.4,365474.9,346577.5,398615.4,227996.3,335259.8,267221.3,372004.2,213268.6
7849,97222,49.8569,9.9571,Bayern,BY,Landkreis Würzburg,9679.0,"(49.8569, 9.9571)",23192.3,357115.8,351307.9,137631.2,218122.9,478763.8,293470.2,226479.9,372286.0,353388.7,405426.6,234172.8,342071.0,255980.4,378815.4,202027.7
