,zipcode,lat,long,state,state_code,community_name,community_code,coor,AKB Kitzingen,AKB Dortmund,AKB Zörbig,AKB Schöneck,AKB Buch,Mosolf Etzin,Mosolf Kippenheim,BLG Kelheim,BLG Duisburg,BLG Neuss,Carservice Erkens,ARS Altmann Wolnzach,CAT Zülpich,Autohaus Siebrecht,Neu: FleetParQ Essen ,Neu: FleetParQ Kassel
3772,54612,50.111133333333335,6.477766666666667,Rheinland-Pfalz,RP,Eifelkreis Bitburg-Prüm,7232.0,"(50.111133333333335, 6.477766666666667)",334449.5,214791.7,597223.2,235630.1,482435.2,663459.3,315729.3,568252.7,179556.3,151800.3,189909.6,558891.8,90376.0,371999.6,194063.5,378329.7
3773,54614,50.1553,6.4376875,Rheinland-Pfalz,RP,Eifelkreis Bitburg-Prüm,7232.0,"(50.1553, 6.4376875)",341119.8,207143.3,570379.4,242300.4,489105.6,655810.9,322399.6,574923.0,171908.0,144152.0,182261.2,565562.1,82727.6,364351.2,186415.2,354556.1
3774,54616,50.2167,6.2167,Rheinland-Pfalz,RP,Eifelkreis Bitburg-Prüm,7232.0,"(50.2167, 6.2167)",355435.2,222494.9,618208.9,256615.8,503420.9,671162.4,336715.0,589238.4,189124.0,162831.2,190049.8,579877.5,98079.2,379702.8,201766.7,369907.6
3775,54617,50.13333333333333,6.172233333333334,Rheinland-Pfalz,RP,Eifelkreis Bitburg-Prüm,7232.0,"(50.13333333333333, 6.172233333333334)",363333.7,230393.4,626107.4,264514.3,511319.4,679061.0,344613.5,597136.9,203779.8,177487.0,204705.6,587776.0,105977.7,387601.3,209665.2,377806.1
3776,54619,50.131409090909095,6.221754545454545,Rheinland-Pfalz,RP,Eifelkreis Bitburg-Prüm,7232.0,"(50.131409090909095, 6.221754545454545)",355713.2,222383.6,618487.0,256893.9,503699.0,671051.1,336993.1,589516.5,201350.0,159392.2,202275.9,580155.5,97967.9,379591.5,201655.4,369796.3
3777,54634,49.9529,6.52334,Rheinland-Pfalz,RP,Eifelkreis Bitburg-Prüm,7232.0,"(49.9529, 6.52334)",330206.9,234813.5,592980.7,231387.6,454229.2,683481.1,287523.2,540046.6,199578.2,171822.2,209931.4,530685.7,110397.8,392021.5,214085.4,374087.1
3778,54636,49.98194615384615,6.482458974358974,Rheinland-Pfalz,RP,Eifelkreis Bitburg-Prüm,7232.0,"(49.98194615384615, 6.482458974358974)",330313.2,234919.8,593087.0,231493.8,459039.1,683587.4,292333.1,544856.5,199684.4,171928.4,210037.6,535495.6,110504.1,392127.7,214191.6,374193.4
3779,54646,49.94694,6.37434,Rheinland-Pfalz,RP,Eifelkreis Bitburg-Prüm,7232.0,"(49.94694, 6.37434)",340759.3,245365.9,603533.0,241939.9,469485.1,694033.4,319286.9,555302.6,210130.5,182374.5,220483.7,545941.6,120950.1,402573.8,224637.7,384639.4
3780,54647,49.97776666666667,6.633299999999999,Rheinland-Pfalz,RP,Eifelkreis Bitburg-Prüm,7232.0,"(49.97776666666667, 6.633299999999999)",315273.6,236229.9,578047.3,216454.2,449518.9,684897.4,282812.9,535336.3,200994.5,173238.5,211347.7,525975.4,111814.2,413106.5,215501.7,359153.8
3781,54649,50.094781818181815,6.372390909090909,Rheinland-Pfalz,RP,Eifelkreis Bitburg-Prüm,7232.0,"(50.094781818181815, 6.372390909090909)",335188.3,222569.1,597962.0,236368.9,483174.0,671236.7,316468.1,568991.5,187333.7,159577.7,197686.9,559630.6,98153.4,379777.0,201840.9,379068.5
3782,54655,50.05505,6.599891666666667,Rheinland-Pfalz,RP,Eifelkreis Bitburg-Prüm,7232.0,"(50.05505, 6.599891666666667)",321384.6,215019.4,584158.3,222565.2,469370.3,663687.0,302664.4,555187.8,179784.0,152028.1,190137.3,545826.9,90603.7,372227.3,194291.2,365264.8
3783,54657,50.038900000000005,6.605566666666667,Rheinland-Pfalz,RP,Eifelkreis Bitburg-Prüm,7232.0,"(50.038900000000005, 6.605566666666667)",315079.3,234155.7,577853.1,216259.9,463065.1,682823.2,296359.2,548882.6,198920.3,171164.3,209273.5,539521.6,109740.0,412912.2,213427.5,358959.5
3784,54662,49.945825,6.658325,Rheinland-Pfalz,RP,Eifelkreis Bitburg-Prüm,7232.0,"(49.945825, 6.658325)",311626.9,247433.4,574400.7,212807.5,443798.5,696100.9,277092.6,529616.0,212198.0,184442.0,222551.2,520255.1,123017.7,409459.8,226705.2,355507.1
3785,54664,49.90219999999999,6.6217,Rheinland-Pfalz,RP,Eifelkreis Bitburg-Prüm,7232.0,"(49.90219999999999, 6.6217)",319722.7,252963.9,582496.4,220903.3,445213.8,701631.5,278507.9,531031.3,217728.5,189972.5,228081.7,521670.4,128548.2,417555.5,232235.7,363602.8
3786,54666,49.8454,6.457,Rheinland-Pfalz,RP,Eifelkreis Bitburg-Prüm,7232.0,"(49.8454, 6.457)",343003.7,247610.3,605777.4,244184.3,450514.4,696277.8,283808.4,536331.8,212374.9,184618.9,222728.1,526970.9,123194.6,404818.2,226882.1,386883.9
3787,54668,49.87207,6.43024,Rheinland-Pfalz,RP,Eifelkreis Bitburg-Prüm,7232.0,"(49.87207, 6.43024)",344229.9,248836.5,607003.7,245410.6,454139.1,697504.1,287433.1,539956.5,213601.2,185845.2,223954.4,530595.6,124420.8,406044.5,228108.4,388110.1
3788,54669,49.8527,6.3579,Rheinland-Pfalz,RP,Eifelkreis Bitburg-Prüm,7232.0,"(49.8527, 6.3579)",354738.9,259345.5,617512.6,255919.5,458503.0,708013.0,304700.3,544320.5,224110.1,196354.1,234463.3,534959.5,134929.8,416553.4,238617.3,398619.1
3789,54673,50.01134444444444,6.248870370370371,Rheinland-Pfalz,RP,Eifelkreis Bitburg-Prüm,7232.0,"(50.01134444444444, 6.248870370370371)",353676.6,232435.6,616450.3,254857.2,484967.9,681103.2,337383.1,570785.4,197200.2,169444.2,207553.4,561424.5,108019.9,389643.5,211707.4,397556.8
3790,54675,49.93604210526316,6.296184210526316,Rheinland-Pfalz,RP,Eifelkreis Bitburg-Prüm,7232.0,"(49.93604210526316, 6.296184210526316)",348914.0,253520.5,611687.7,250094.6,470233.5,702188.1,317977.9,556051.0,218285.2,190529.2,228638.4,546690.0,129104.8,410728.5,232792.4,392794.1
3791,54687,50.0896,6.2707,Rheinland-Pfalz,RP,Eifelkreis Bitburg-Prüm,7232.0,"(50.0896, 6.2707)",346196.9,220602.9,608970.7,247377.6,494182.7,669270.4,327476.8,580000.2,185367.5,157611.5,195720.7,570639.2,96187.2,377810.8,199874.7,368015.6
3792,54689,50.05182727272727,6.181836363636364,Rheinland-Pfalz,RP,Eifelkreis Bitburg-Prüm,7232.0,"(50.05182727272727, 6.181836363636364)",356280.1,230686.0,619053.8,257460.7,504265.9,679353.6,337280.3,590083.3,195450.7,167694.7,215231.7,580722.4,106270.3,387894.0,209957.9,378098.8
3793,55116,50.001,8.2688,Rheinland-Pfalz,RP,"Mainz, kreisfreie Stadt",7315.0,"(50.001, 8.2688)",166644.0,229060.7,437598.7,64900.0,326337.3,565054.6,234828.2,369481.2,238325.9,219428.5,271466.4,377174.1,194173.2,272657.8,244855.2,218705.1
3794,55118,50.0,8.2711,Rheinland-Pfalz,RP,"Mainz, kreisfreie Stadt",7315.0,"(50.0, 8.2711)",165882.6,229025.6,437563.5,64864.9,325958.2,565019.5,234449.0,368719.8,238290.7,219393.4,271431.3,376412.7,195190.1,272622.7,244820.1,218670.0
3795,55120,50.0196,8.2321,Rheinland-Pfalz,RP,"Mainz, kreisfreie Stadt",7315.0,"(50.0196, 8.2321)",170671.8,234102.8,442640.8,69942.1,330747.4,570096.7,239238.3,373509.1,243368.0,230413.2,268522.4,381201.9,191104.8,277699.9,249897.3,223747.2
3796,55122,49.995,8.237,Rheinland-Pfalz,RP,"Mainz, kreisfreie Stadt",7315.0,"(49.995, 8.237)",169418.2,231943.9,440481.9,67783.2,329493.8,567937.8,237984.6,372255.4,241209.1,222311.7,270743.2,379948.3,193325.6,275541.0,247738.4,221588.3
3797,55124,50.0025,8.2148,Rheinland-Pfalz,RP,"Mainz, kreisfreie Stadt",7315.0,"(50.0025, 8.2148)",173953.3,235343.1,443881.0,75133.9,334028.9,571336.9,242519.7,376790.5,244608.2,229695.1,267804.3,384483.4,190386.7,278940.1,251137.5,224987.4
3798,55126,49.9836,8.1767,Rheinland-Pfalz,RP,"Mainz, kreisfreie Stadt",7315.0,"(49.9836, 8.1767)",172772.5,267577.9,452141.9,73953.1,332848.1,579597.8,241339.0,375609.8,256252.3,228496.3,266605.5,383302.6,189187.9,287201.0,253578.1,233248.3
3799,55127,50.0,8.2711,Rheinland-Pfalz,RP,"Mainz, kreisfreie Stadt",7315.0,"(50.0, 8.2711)",165882.6,229025.6,437563.5,64864.9,325958.2,565019.5,234449.0,368719.8,238290.7,219393.4,271431.3,376412.7,195190.1,272622.7,244820.1,218670.0
3800,55128,49.9808,8.2422,Rheinland-Pfalz,RP,"Mainz, kreisfreie Stadt",7315.0,"(49.9808, 8.2422)",169884.9,264690.3,449254.3,71065.5,329960.5,576710.2,238451.4,372722.2,242189.9,232784.9,270894.1,380415.0,193476.4,284313.4,248719.2,230360.7
3801,55129,49.9661,8.2663,Rheinland-Pfalz,RP,"Mainz, kreisfreie Stadt",7315.0,"(49.9661, 8.2663)",165402.6,260208.0,444772.0,66583.2,325478.2,572227.9,233969.1,368239.9,248354.5,229457.2,281495.0,375932.7,195118.4,279831.1,254883.8,225878.4
3802,55130,49.9873,8.2965,Rheinland-Pfalz,RP,"Mainz, kreisfreie Stadt",7315.0,"(49.9873, 8.2965)",163309.4,258114.7,442678.7,64490.0,323385.0,570134.6,231875.8,366146.6,246261.3,227363.9,279401.8,373839.5,200623.0,277737.9,252790.6,223785.1
3803,55131,49.9823,8.2609,Rheinland-Pfalz,RP,"Mainz, kreisfreie Stadt",7315.0,"(49.9823, 8.2609)",166262.1,261067.4,445631.4,67442.7,326337.7,573087.3,234828.5,369099.3,249213.9,230316.6,282354.5,376792.2,197468.7,280690.5,255743.3,226737.8
3804,55218,49.9708,8.0588,Rheinland-Pfalz,RP,Landkreis Mainz-Bingen,7339.0,"(49.9708, 8.0588)",184352.5,281267.1,455016.7,85533.1,340772.8,582472.6,249263.6,387189.8,246031.7,218275.7,256384.9,394882.6,178967.3,290075.8,254736.6,236123.1
3805,55232,49.7765,8.11535,Rheinland-Pfalz,RP,Landkreis Alzey-Worms,7331.0,"(49.7765, 8.11535)",198065.8,297294.8,477435.2,99246.4,303792.9,604891.1,212283.8,389610.4,262059.5,234303.5,272412.7,380249.4,194995.0,312494.3,270764.4,258541.6
3806,55234,49.73537391304348,8.114639130434782,Rheinland-Pfalz,RP,Landkreis Alzey-Worms,7331.0,"(49.73537391304348, 8.114639130434782)",196901.5,296130.5,476270.8,98082.1,303870.8,603726.7,212361.6,389688.2,260895.1,233139.1,271248.3,380327.3,193830.7,311330.0,269600.0,257377.2
3807,55237,49.78223333333333,8.059,Rheinland-Pfalz,RP,Landkreis Alzey-Worms,7331.0,"(49.78223333333333, 8.059)",194460.1,290764.3,473829.4,95640.7,308360.6,601285.4,216851.4,394178.1,255528.9,227772.9,265882.1,384817.1,188464.5,308888.6,264233.8,254935.9
3808,55239,49.7847,8.1942,Rheinland-Pfalz,RP,Landkreis Alzey-Worms,7331.0,"(49.7847, 8.1942)",193097.3,287902.7,472466.7,94277.9,307466.3,599922.6,215957.2,393283.8,261407.3,233651.3,271760.5,383922.9,194342.9,307525.8,282578.5,253573.1
3809,55246,50.0051,8.3134,Hessen,HE,"Wiesbaden, Landeshauptstadt",6414.0,"(50.0051, 8.3134)",164704.1,231491.9,440029.8,65884.7,324779.7,567485.8,233270.5,367541.3,240757.0,221859.7,273897.6,375234.2,210542.0,275089.0,247286.4,221136.3
3810,55252,50.0102,8.2844,Hessen,HE,"Wiesbaden, Landeshauptstadt",6414.0,"(50.0102, 8.2844)",164825.2,227241.9,435779.9,63081.2,326847.4,563235.8,235338.3,367662.4,236507.1,217609.7,269647.6,375355.3,206292.0,270839.0,243036.4,216886.3
3811,55257,50.0167,8.1667,Rheinland-Pfalz,RP,Landkreis Mainz-Bingen,7339.0,"(50.0167, 8.1667)",180049.7,236745.5,445283.5,81230.3,340125.2,572739.4,248616.1,382886.9,254109.9,226353.9,264463.1,390579.8,187045.4,280342.6,252540.0,226389.9
3812,55262,50.0,8.1261,Rheinland-Pfalz,RP,Landkreis Mainz-Bingen,7339.0,"(50.0, 8.1261)",177975.9,240102.2,448640.1,79156.5,338051.5,576096.0,246542.4,380813.2,249541.2,221785.2,259894.4,388506.0,182476.8,283699.2,255896.6,229746.5
3813,55263,49.9744,8.1167,Rheinland-Pfalz,RP,Landkreis Mainz-Bingen,7339.0,"(49.9744, 8.1167)",177364.6,272169.9,456733.9,78545.2,337440.2,584189.9,245931.0,380201.8,252919.4,225163.4,263272.6,387894.7,185855.0,291793.1,258170.2,237840.4
3814,55268,49.9117,8.2053,Rheinland-Pfalz,RP,Landkreis Mainz-Bingen,7339.0,"(49.9117, 8.2053)",175752.4,270557.7,455121.7,76933.0,322347.8,582577.6,230838.7,378589.6,258704.2,239932.4,278041.6,386282.5,200623.9,290180.8,265233.6,236228.1
3815,55270,49.91461111111111,8.145122222222222,Rheinland-Pfalz,RP,Landkreis Mainz-Bingen,7339.0,"(49.91461111111111, 8.145122222222222)",180165.2,274970.5,459534.5,81345.8,327129.3,586990.4,235620.1,383002.4,255098.6,227342.6,265451.8,390695.3,188034.1,294593.7,269646.4,240640.9
3816,55271,49.9122,8.1253,Rheinland-Pfalz,RP,Landkreis Mainz-Bingen,7339.0,"(49.9122, 8.1253)",178194.3,272999.7,457563.7,79374.9,327132.0,585019.6,235622.9,381031.6,253564.2,225808.2,263917.4,388724.4,186499.8,292622.8,267675.5,238670.1
3817,55276,49.84595,8.354700000000001,Rheinland-Pfalz,RP,Landkreis Mainz-Bingen,7339.0,"(49.84595, 8.354700000000001)",177845.3,272650.6,457214.6,79025.9,309443.0,584670.5,217933.9,380682.5,260797.2,241899.8,293937.7,385899.5,213999.7,292273.8,267326.5,238321.0
3818,55278,49.83296923076924,8.272538461538462,Rheinland-Pfalz,RP,Landkreis Mainz-Bingen,7339.0,"(49.83296923076924, 8.272538461538462)",184208.7,279014.1,463578.0,85389.3,310145.2,591034.0,218636.0,395962.6,274656.4,246900.4,285009.6,386601.7,207591.9,298637.2,273689.9,244684.5
3819,55283,49.87,8.3365,Rheinland-Pfalz,RP,Landkreis Mainz-Bingen,7339.0,"(49.87, 8.3365)",174368.8,269174.2,453738.2,75549.5,312587.9,581194.1,221078.8,377206.1,257320.7,238423.4,290461.3,384899.0,212661.0,288797.3,263850.0,234844.6
3820,55286,49.84585,8.107949999999999,Rheinland-Pfalz,RP,Landkreis Alzey-Worms,7331.0,"(49.84585, 8.107949999999999)",186324.6,281129.9,465693.9,87505.2,314421.3,593149.8,222912.1,400238.7,254346.4,226590.4,264699.6,390877.8,187281.9,300753.1,275805.8,246800.4
3821,55288,49.83708333333333,8.124283333333333,Rheinland-Pfalz,RP,Landkreis Alzey-Worms,7331.0,"(49.83708333333333, 8.124283333333333)",184755.8,279561.1,464125.1,85936.4,313883.3,591581.1,222374.1,399700.7,262273.6,234517.6,272626.8,390339.8,195209.2,299184.3,274237.0,245231.6
3822,55291,49.8774,8.1363,Rheinland-Pfalz,RP,Landkreis Alzey-Worms,7331.0,"(49.8774, 8.1363)",181552.0,276357.4,460921.4,82732.6,318855.3,588377.3,227346.2,384389.3,257270.8,229514.8,267624.0,395311.9,190206.3,295980.5,271033.2,242027.8
3823,55294,49.9353,8.32,Rheinland-Pfalz,RP,Landkreis Mainz-Bingen,7339.0,"(49.9353, 8.32)",167153.1,261958.5,446522.5,68333.8,327228.7,573978.4,235719.6,369990.4,250105.0,231207.7,283245.6,377683.3,206550.3,281581.6,256634.3,227628.9
3824,55296,49.90646666666667,8.277233333333333,Rheinland-Pfalz,RP,Landkreis Mainz-Bingen,7339.0,"(49.90646666666667, 8.277233333333333)",172638.8,267444.2,452008.2,73819.4,328493.2,579464.1,236984.0,375476.1,255590.7,236693.4,278959.8,383168.9,201542.1,287067.3,262120.0,233114.6
3825,55299,49.9153,8.3389,Rheinland-Pfalz,RP,Landkreis Mainz-Bingen,7339.0,"(49.9153, 8.3389)",172131.9,266937.2,451501.2,73312.5,332207.4,578957.1,240698.3,374969.1,255083.7,236186.4,288224.3,382662.0,208196.8,286560.3,261613.1,232607.6
3826,55411,49.9667,7.8992,Rheinland-Pfalz,RP,Landkreis Mainz-Bingen,7339.0,"(49.9667, 7.8992)",196119.9,271999.8,466784.1,97300.5,334485.3,594240.0,242976.2,398957.1,236764.4,209008.4,247117.6,410941.8,169700.0,301843.2,245469.3,247890.5
3827,55413,50.01398333333333,7.807533333333333,Rheinland-Pfalz,RP,Landkreis Mainz-Bingen,7339.0,"(50.01398333333333, 7.807533333333333)",210680.0,261053.1,481344.2,111860.6,346033.1,608800.1,254524.0,413517.3,225817.7,198061.7,236170.9,422489.6,158753.3,316403.4,234522.6,262450.6
3828,55422,50.0536,7.73475,Rheinland-Pfalz,RP,Landkreis Mainz-Bingen,7339.0,"(50.0536, 7.73475)",214537.5,258835.1,485201.7,115718.1,349890.6,612657.6,258381.5,417374.8,223599.8,195843.8,233953.0,426347.1,156535.3,320260.8,232304.7,266308.1
3829,55424,49.9434,7.8943,Rheinland-Pfalz,RP,Landkreis Mainz-Bingen,7339.0,"(49.9434, 7.8943)",196981.7,266404.3,467645.9,98162.3,332334.8,595101.8,240825.7,399818.9,231168.9,203412.9,241522.1,408791.3,164104.5,302705.0,239873.8,248752.3
3830,55425,49.95,7.8333,Rheinland-Pfalz,RP,Landkreis Mainz-Bingen,7339.0,"(49.95, 7.8333)",203255.7,258890.1,473919.9,104436.3,336227.6,601375.8,244718.5,422045.1,223654.7,195898.8,234008.0,412684.1,156590.3,308979.0,232359.7,255026.3
3831,55430,50.1026,7.713966666666667,Rheinland-Pfalz,RP,Rhein-Hunsrück-Kreis,7140.0,"(50.1026, 7.713966666666667)",223364.4,244056.5,494028.6,124545.0,358717.5,621484.5,267208.4,426201.7,208821.2,181065.2,219174.4,435174.0,141756.7,329087.7,217526.1,275135.0
3832,55432,50.10835,7.69165,Rheinland-Pfalz,RP,Rhein-Hunsrück-Kreis,7140.0,"(50.10835, 7.69165)",221757.5,249066.8,492421.7,122938.2,357110.6,619877.7,265601.5,424594.8,213831.4,186075.5,224184.7,433567.2,146767.0,327480.9,222536.4,273528.2
3833,55435,49.9567,8.0157,Rheinland-Pfalz,RP,Landkreis Mainz-Bingen,7339.0,"(49.9567, 8.0157)",187920.1,279332.8,458584.3,89100.7,338838.5,586040.2,247329.3,390757.3,244097.4,216341.4,254450.6,398450.2,177033.0,293643.4,252802.3,239690.7
3834,55437,49.92175,8.01885,Rheinland-Pfalz,RP,Landkreis Mainz-Bingen,7339.0,"(49.92175, 8.01885)",193628.4,277624.1,464292.6,94809.0,328168.6,591748.5,236659.5,396465.7,242388.7,214632.7,252741.9,404625.1,175324.3,299351.8,251093.6,245399.0
3835,55442,49.948475,7.77655,Rheinland-Pfalz,RP,Landkreis Bad Kreuznach,7133.0,"(49.948475, 7.77655)",208740.1,256561.5,479404.3,109920.7,341712.0,606860.2,250202.9,427529.5,221326.1,193570.1,231679.4,418168.6,154261.7,314463.4,230031.1,260510.7
3836,55444,49.93536666666666,7.753183333333333,Rheinland-Pfalz,RP,Landkreis Bad Kreuznach,7133.0,"(49.93536666666666, 7.753183333333333)",210368.7,257194.4,481032.8,111549.3,343340.6,608488.8,251831.4,429158.1,221959.1,194203.1,232312.3,419797.1,154894.6,316092.0,230664.0,262139.3
3837,55450,49.9,7.9,Rheinland-Pfalz,RP,Landkreis Bad Kreuznach,7133.0,"(49.9, 7.9)",200663.9,269322.5,471328.1,101844.5,328269.9,598784.0,236760.8,414087.4,234087.2,206331.2,244440.4,404726.4,167022.7,306387.3,242792.1,252434.6
3838,55452,49.90931666666666,7.844,Rheinland-Pfalz,RP,Landkreis Bad Kreuznach,7133.0,"(49.90931666666666, 7.844)",205293.9,262521.0,475958.1,106474.5,338265.9,603414.0,246756.7,424083.3,227285.6,199529.6,237638.8,414722.4,160221.2,311017.3,235990.5,257064.5
3839,55457,49.9,7.95,Rheinland-Pfalz,RP,Landkreis Mainz-Bingen,7339.0,"(49.9, 7.95)",199664.4,272738.0,470328.6,100845.0,329900.5,597784.5,238391.3,415717.9,237502.6,209746.6,247855.8,406357.0,170438.2,305387.7,246207.5,251435.0
3840,55459,49.90415,7.94965,Rheinland-Pfalz,RP,Landkreis Mainz-Bingen,7339.0,"(49.90415, 7.94965)",200126.3,273199.9,470790.5,101306.9,330362.3,598246.4,238853.2,416179.8,237964.5,210208.5,248317.7,406818.8,170900.1,305849.6,246669.4,251896.9
3841,55469,49.99502352941176,7.532752941176471,Rheinland-Pfalz,RP,Rhein-Hunsrück-Kreis,7140.0,"(49.99502352941176, 7.532752941176471)",229981.6,249021.4,500645.8,131162.2,362953.5,628101.7,271444.4,448771.0,213786.0,186030.0,224139.2,439410.0,146721.6,335704.9,222491.0,281752.2
3842,55471,49.97977272727273,7.482172727272727,Rheinland-Pfalz,RP,Rhein-Hunsrück-Kreis,7140.0,"(49.97977272727273, 7.482172727272727)",233804.8,262896.6,504469.0,134985.4,366776.7,631924.9,275267.6,452594.2,227661.3,199905.3,238014.5,443233.3,160596.8,339528.1,236366.2,285575.4
3843,55481,49.94600714285714,7.389785714285714,Rheinland-Pfalz,RP,Rhein-Hunsrück-Kreis,7140.0,"(49.94600714285714, 7.389785714285714)",240421.9,269513.8,511086.1,141602.5,373393.9,638542.0,281884.7,459211.3,234278.4,206522.4,244631.6,449850.4,167214.0,346145.3,242983.3,292192.5
3844,55483,49.92506,7.338150000000001,Rheinland-Pfalz,RP,Rhein-Hunsrück-Kreis,7140.0,"(49.92506, 7.338150000000001)",245570.0,274661.8,516234.2,146750.6,378541.9,643690.1,287032.8,464359.4,239426.5,211670.5,249779.7,454998.5,172362.0,351293.3,248131.4,297340.6
3845,55487,49.91596,7.331,Rheinland-Pfalz,RP,Rhein-Hunsrück-Kreis,7140.0,"(49.91596, 7.331)",247332.3,276424.1,517996.4,148512.9,380304.2,645452.4,288795.0,466121.6,241188.7,213432.7,251541.9,456760.7,174124.3,353055.6,249893.6,299102.9
3846,55490,49.88518333333334,7.462933333333333,Rheinland-Pfalz,RP,Rhein-Hunsrück-Kreis,7140.0,"(49.88518333333334, 7.462933333333333)",239163.1,268254.9,509827.3,140343.7,368176.1,637283.2,276667.0,453993.6,233019.5,205263.5,243372.7,444632.7,165955.1,344886.4,241724.4,290933.7
3847,55491,49.907,7.2711,Rheinland-Pfalz,RP,Rhein-Hunsrück-Kreis,7140.0,"(49.907, 7.2711)",252180.4,281272.2,522844.6,153361.0,385152.3,650300.5,293643.2,470969.8,246036.8,218280.8,256390.1,461608.8,143599.0,357903.7,254741.8,303951.0
3848,55494,50.01712857142856,7.643071428571429,Rheinland-Pfalz,RP,Rhein-Hunsrück-Kreis,7140.0,"(50.01712857142856, 7.643071428571429)",220714.4,245251.3,491378.6,121895.0,353686.3,618834.5,262177.2,439503.8,210015.9,182259.9,220369.1,430142.9,142951.5,326437.7,218720.8,272485.0
3849,55496,49.9667,7.6,Rheinland-Pfalz,RP,Rhein-Hunsrück-Kreis,7140.0,"(49.9667, 7.6)",222068.9,255032.6,492733.0,123249.5,355040.8,620189.0,263531.6,440858.2,219797.2,192041.3,230150.5,431497.3,152732.8,327792.2,228502.2,273839.5
3850,55497,49.9825,7.63025,Rheinland-Pfalz,RP,Rhein-Hunsrück-Kreis,7140.0,"(49.9825, 7.63025)",220663.3,249755.1,491327.5,121843.9,353635.2,618783.4,262126.1,439452.7,214519.8,186763.8,224873.0,430091.8,147455.3,326386.6,223224.7,272433.9
3851,55499,49.959,7.5567,Rheinland-Pfalz,RP,Rhein-Hunsrück-Kreis,7140.0,"(49.959, 7.5567)",227272.3,256364.1,497936.5,128452.9,360244.2,625392.4,268735.1,446061.7,221128.7,193372.7,231481.9,436700.7,154064.3,332995.6,229833.6,279042.9
3852,55543,49.8368,7.8647,Rheinland-Pfalz,RP,Landkreis Bad Kreuznach,7133.0,"(49.8368, 7.8647)",208151.9,274838.2,478816.1,109332.5,332774.5,606272.0,241265.4,418592.0,239602.8,211846.8,249956.0,409231.0,172538.4,313875.2,248307.7,259922.5
3853,55545,49.8484,7.8378,Rheinland-Pfalz,RP,Landkreis Bad Kreuznach,7133.0,"(49.8484, 7.8378)",209252.4,269647.9,479916.6,110433.0,333875.0,607372.5,242365.9,419692.5,234412.5,206656.5,244765.8,410331.5,167348.1,314975.8,243117.5,261023.0
