,zipcode,lat,long,state,state_code,community_name,community_code,coor,AKB Kitzingen,AKB Dortmund,AKB Zörbig,AKB Schöneck,AKB Buch,Mosolf Etzin,Mosolf Kippenheim,BLG Kelheim,BLG Duisburg,BLG Neuss,Carservice Erkens,ARS Altmann Wolnzach,CAT Zülpich,Autohaus Siebrecht,Neu: FleetParQ Essen ,Neu: FleetParQ Kassel
4018,56850,49.967000000000006,7.21,Rheinland-Pfalz,RP,Rhein-Hunsrück-Kreis,7140.0,"(49.967000000000006, 7.21)",259049.8,269195.7,529714.0,160230.4,392021.8,657169.9,300512.6,477839.2,233960.4,206204.4,244313.6,468478.3,131611.3,364773.2,242665.3,310820.5
4019,56856,50.0292,7.1823,Rheinland-Pfalz,RP,Landkreis Cochem-Zell,7135.0,"(50.0292, 7.1823)",263375.3,239208.1,534039.5,164555.9,396347.2,661495.4,304838.1,482164.7,203972.8,176216.8,214326.0,472803.7,114792.4,369098.6,221823.7,315145.9
4020,56858,50.04694,7.27366,Rheinland-Pfalz,RP,Landkreis Cochem-Zell,7135.0,"(50.04694, 7.27366)",255205.1,236333.5,525869.3,156385.7,388177.0,653325.2,296667.9,473994.5,201098.1,173342.1,211451.3,464633.5,127011.6,360928.4,209803.0,306975.7
4021,56859,50.0545,7.13035,Rheinland-Pfalz,RP,Landkreis Cochem-Zell,7135.0,"(50.0545, 7.13035)",268904.7,235803.7,539568.9,170085.3,401876.6,667024.8,310367.5,487694.1,200568.3,172812.3,210921.5,478333.1,111388.0,374628.0,218419.2,320675.3
4022,56861,50.0167,7.1167,Rheinland-Pfalz,RP,Landkreis Bernkastel-Wittlich,7231.0,"(50.0167, 7.1167)",270655.0,238894.8,541319.2,171835.6,403626.9,668775.1,312117.8,489444.4,203659.4,175903.4,214012.6,480083.4,114479.1,376378.3,218166.6,322425.6
4023,56862,50.04,7.128,Rheinland-Pfalz,RP,Landkreis Cochem-Zell,7135.0,"(50.04, 7.128)",271800.0,241006.4,542464.2,172980.6,404771.9,669920.1,313262.8,490589.4,205771.1,178015.1,216124.3,481228.4,116590.7,377523.3,220278.3,323570.6
4024,56864,50.0667,7.0333,Rheinland-Pfalz,RP,Landkreis Cochem-Zell,7135.0,"(50.0667, 7.0333)",280179.8,226511.9,531736.5,181360.4,413151.7,659192.5,321642.6,498969.2,191276.5,163520.6,201629.8,489608.3,102096.2,366795.7,205783.8,312843.0
4025,56865,50.03652857142857,7.2884,Rheinland-Pfalz,RP,Landkreis Cochem-Zell,7135.0,"(50.03652857142857, 7.2884)",253317.0,234844.0,523981.2,154497.6,386289.0,651437.1,294779.8,472106.4,199608.6,171852.6,209961.8,462745.5,132544.2,359040.4,208313.5,305087.7
4026,56867,50.0167,7.15,Rheinland-Pfalz,RP,Landkreis Cochem-Zell,7135.0,"(50.0167, 7.15)",264324.0,244274.1,534988.2,165504.6,397295.9,662444.1,305786.8,483113.4,209038.8,181282.8,219392.0,473752.4,119858.4,370047.3,223546.0,316094.6
4027,56869,50.0667,7.35,Rheinland-Pfalz,RP,Rhein-Hunsrück-Kreis,7140.0,"(50.0667, 7.35)",247424.8,250935.3,518089.0,148605.4,380396.7,645544.9,288887.6,466214.2,215699.9,187943.9,226053.1,456853.2,148635.5,353148.1,224404.8,299195.4
4028,57072,50.8734,8.0104,Nordrhein-Westfalen,NW,Siegen-Wittgenstein,5970.0,"(50.8734, 8.0104)",254983.0,105946.0,437336.1,130657.3,449913.6,556529.6,356246.9,457820.3,150429.5,128716.5,183570.0,465513.1,138638.1,272395.3,127903.5,218442.6
4029,57074,50.8625,8.0338,Nordrhein-Westfalen,NW,Siegen-Wittgenstein,5970.0,"(50.8625, 8.0338)",251429.7,107976.7,433782.8,127103.9,446360.3,558560.3,352693.5,454266.9,152460.1,130747.2,185600.6,461959.8,140668.8,268841.9,129934.1,214889.2
4030,57076,50.8994,8.031,Nordrhein-Westfalen,NW,Siegen-Wittgenstein,5970.0,"(50.8994, 8.031)",259260.2,105651.7,441613.3,134934.5,454190.8,556235.4,360524.0,462097.4,149958.7,128245.8,183099.3,469790.3,138167.4,178729.4,127609.2,152140.7
4031,57078,50.9116,8.008,Nordrhein-Westfalen,NW,Siegen-Wittgenstein,5970.0,"(50.9116, 8.008)",260729.8,103067.6,443082.9,136404.0,455660.4,553651.2,361993.6,463567.0,147374.6,125661.6,180515.1,471259.9,135583.2,181405.1,125025.1,224189.3
4032,57080,50.834,8.0219,Nordrhein-Westfalen,NW,Siegen-Wittgenstein,5970.0,"(50.834, 8.0219)",259391.4,105295.9,441744.5,135065.7,454322.0,555879.6,360655.2,462228.6,149779.4,128066.5,182919.9,469921.5,137988.1,264419.9,127253.4,222850.9
4033,57223,50.9678,7.9885,Nordrhein-Westfalen,NW,Siegen-Wittgenstein,5970.0,"(50.9678, 7.9885)",267219.7,97317.8,449572.8,142893.9,462150.2,547901.5,368483.5,470056.9,141624.8,119911.9,174765.3,477749.8,129833.5,256441.8,119275.3,154662.5
4034,57234,50.8167,8.1,Nordrhein-Westfalen,NW,Siegen-Wittgenstein,5970.0,"(50.8167, 8.1)",243218.7,113616.4,425571.8,118893.0,438149.3,553027.7,344482.5,446055.9,158099.8,136386.9,191240.3,453748.8,146308.5,260630.9,135573.8,206678.2
4035,57250,50.8998,8.1513,Nordrhein-Westfalen,NW,Siegen-Wittgenstein,5970.0,"(50.8998, 8.1513)",257800.5,116749.2,440153.7,133474.8,452731.1,567332.8,359064.4,460637.8,161056.1,139343.2,194196.7,468330.7,149264.8,189849.1,138706.6,145522.6
4036,57258,50.8974,7.8741,Nordrhein-Westfalen,NW,Siegen-Wittgenstein,5970.0,"(50.8974, 7.8741)",262829.1,97286.7,445182.2,138503.4,457759.7,547870.3,364093.0,465666.4,141770.2,120057.2,174910.7,473359.2,129978.8,256410.7,119244.2,226288.7
4037,57271,50.9969,8.1106,Nordrhein-Westfalen,NW,Siegen-Wittgenstein,5970.0,"(50.9969, 8.1106)",273965.3,107411.2,377202.9,149639.6,468895.9,536819.5,375229.2,476802.6,151718.2,130005.3,184858.7,484495.4,139926.8,184539.4,129368.7,144167.7
4038,57290,50.8,8.0,Nordrhein-Westfalen,NW,Siegen-Wittgenstein,5970.0,"(50.8, 8.0)",249830.5,117446.0,432183.6,125504.8,444761.1,559639.6,351094.4,452667.8,161929.4,140216.5,195070.0,460360.6,150138.1,267242.8,139403.4,213290.1
4039,57299,50.7511,8.0794,Nordrhein-Westfalen,NW,Siegen-Wittgenstein,5970.0,"(50.7511, 8.0794)",238538.7,121337.2,420891.8,114212.9,433469.3,548347.7,339802.5,441375.9,165820.7,144107.8,198961.2,449068.8,154029.4,255950.9,143294.7,201998.2
4040,57319,51.03879565217391,8.41568695652174,Nordrhein-Westfalen,NW,Siegen-Wittgenstein,5970.0,"(51.03879565217391, 8.41568695652174)",269567.5,129487.3,343624.0,145241.8,464498.1,461781.7,370831.4,472404.8,187893.2,166180.2,221033.7,480097.6,176101.8,144679.5,166139.0,110588.7
4041,57334,50.9409,8.3302,Nordrhein-Westfalen,NW,Siegen-Wittgenstein,5970.0,"(50.9409, 8.3302)",257058.3,131118.1,350938.2,132732.6,451988.9,469095.9,358322.1,459895.5,175425.1,153712.2,208565.6,467588.4,163633.8,162229.4,153075.6,117903.0
4042,57339,50.9893,8.2529,Nordrhein-Westfalen,NW,Siegen-Wittgenstein,5970.0,"(50.9893, 8.2529)",265621.6,122637.9,361212.3,141295.8,460552.1,479369.9,366885.4,468458.8,166944.8,145231.9,200085.4,476151.7,155153.5,153163.1,144595.3,128177.0
4043,57368,51.1172,8.0671,Nordrhein-Westfalen,NW,Olpe,5966.0,"(51.1172, 8.0671)",300036.7,106269.1,398529.9,175711.0,494967.3,516400.5,401300.6,502874.0,158318.1,136605.2,191458.6,510566.9,146526.8,175605.1,124697.1,165810.0
4044,57392,51.1547,8.285,Nordrhein-Westfalen,NW,Hochsauerlandkreis,5958.0,"(51.1547, 8.285)",297330.2,97999.0,346658.7,173004.5,492260.8,485464.5,398594.1,500167.5,177080.0,165952.0,204054.1,507860.4,164547.0,156367.7,134650.7,113938.8
4045,57399,51.0856,8.0889,Nordrhein-Westfalen,NW,Olpe,5966.0,"(51.0856, 8.0889)",287078.9,103832.4,364989.0,162753.2,482009.5,523611.6,388342.8,489916.2,159410.9,137697.9,192551.4,497609.0,147619.5,171331.5,125789.8,132269.1
4046,57413,51.168,7.973,Nordrhein-Westfalen,NW,Olpe,5966.0,"(51.168, 7.973)",299996.3,87711.2,398026.0,175670.5,494926.8,497842.5,401260.1,502833.5,158277.6,136564.7,191418.1,510526.4,146486.3,175101.3,107084.7,165306.1
4047,57439,51.1264,7.9033,Nordrhein-Westfalen,NW,Olpe,5966.0,"(51.1264, 7.9033)",289991.8,82838.8,428747.7,165666.1,484922.4,504549.4,391255.7,492829.1,148273.2,126560.2,181413.7,500521.9,136481.8,205822.9,104796.3,196027.8
4048,57462,51.029,7.8514,Nordrhein-Westfalen,NW,Olpe,5966.0,"(51.029, 7.8514)",275787.6,81935.3,458140.7,151461.9,470718.2,532518.9,377051.5,478624.9,133740.0,112027.1,166880.5,486317.7,121948.7,241059.3,103892.7,231264.1
4049,57482,50.9667,7.8667,Nordrhein-Westfalen,NW,Olpe,5966.0,"(50.9667, 7.8667)",269991.7,88548.8,452344.8,145666.0,464922.3,539132.4,371255.5,472828.9,132854.5,111141.6,165995.1,480521.8,121063.2,247672.8,110506.2,233451.2
4050,57489,51.0236,7.7736,Nordrhein-Westfalen,NW,Olpe,5966.0,"(51.0236, 7.7736)",280362.8,76546.5,462715.9,156037.1,475293.4,527130.1,381626.7,483200.1,129382.2,107669.3,162522.8,490892.9,117590.9,235670.5,98504.0,225875.3
4051,57518,50.77623333333333,7.870633333333333,Rheinland-Pfalz,RP,Landkreis Altenkirchen,7132.0,"(50.77623333333333, 7.870633333333333)",257302.2,116906.5,439655.3,132976.5,452232.8,567490.1,348600.3,460139.5,161389.9,139677.0,194530.5,467832.3,149598.6,274714.5,138864.0,220761.7
4052,57520,50.73163571428571,7.913964285714286,Rheinland-Pfalz,RP,Landkreis Altenkirchen,7132.0,"(50.73163571428571, 7.913964285714286)",251477.7,125478.9,433830.8,127152.0,446408.3,561286.8,343375.3,454315.0,159647.4,137934.5,192787.9,462007.8,131179.6,268890.0,147436.4,214937.3
4053,57537,50.78476666666666,7.7409,Rheinland-Pfalz,RP,Landkreis Altenkirchen,7132.0,"(50.78476666666666, 7.7409)",266462.3,119785.1,448815.4,142136.5,461392.9,570368.8,353158.7,469299.5,141857.7,120144.8,174998.2,476992.4,130066.4,283874.5,148387.0,229921.8
4054,57539,50.769175,7.705225,Rheinland-Pfalz,RP,Landkreis Altenkirchen,7132.0,"(50.769175, 7.705225)",265957.8,122662.2,451759.3,145080.5,460888.4,573245.9,346867.4,468795.1,144734.8,123021.9,177875.4,476488.0,132943.5,286818.5,151264.1,232865.8
4055,57548,50.8085,7.8863,Rheinland-Pfalz,RP,Landkreis Altenkirchen,7132.0,"(50.8085, 7.8863)",264410.8,112438.5,446763.9,140085.1,459341.4,563022.1,353307.9,467248.1,156921.9,135209.0,190062.5,474940.9,145130.6,271562.5,134396.0,227870.4
4056,57555,50.8209,7.9384,Rheinland-Pfalz,RP,Landkreis Altenkirchen,7132.0,"(50.8209, 7.9384)",258931.1,109894.1,441284.2,134605.4,453861.7,560477.8,360195.0,461768.4,154377.6,132664.6,187518.1,469461.2,142586.2,276343.4,131851.6,222390.7
4057,57562,50.777,7.9537,Rheinland-Pfalz,RP,Landkreis Altenkirchen,7132.0,"(50.777, 7.9537)",253363.8,120979.3,435716.9,129038.1,448294.4,563172.9,333203.0,456201.1,165462.7,143749.8,198603.3,463893.9,153671.4,270776.1,142936.8,216823.4
4058,57567,50.7333,7.9667,Rheinland-Pfalz,RP,Landkreis Altenkirchen,7132.0,"(50.7333, 7.9667)",248104.7,140610.2,430457.8,123779.0,443035.3,557913.8,328420.9,450942.0,185093.7,163380.8,218234.2,458634.8,150222.9,265517.0,162567.7,211564.3
4059,57572,50.85,7.85,Rheinland-Pfalz,RP,Landkreis Altenkirchen,7132.0,"(50.85, 7.85)",273112.6,107832.2,455465.7,148786.9,468043.2,558415.9,374376.4,475949.8,152315.7,130602.8,185456.2,483642.7,140524.4,266956.2,129789.7,236572.1
4060,57577,50.7598,7.68195,Rheinland-Pfalz,RP,Landkreis Altenkirchen,7132.0,"(50.7598, 7.68195)",266011.1,124907.9,453852.5,147173.7,460941.7,575491.6,346920.7,468848.3,144505.2,122792.3,177645.8,476541.2,112478.1,288911.7,151034.6,234959.0
4061,57578,50.7333,7.8833,Rheinland-Pfalz,RP,Landkreis Altenkirchen,7132.0,"(50.7333, 7.8833)",251020.2,122446.9,433373.3,126694.5,445950.8,560829.2,343116.0,453857.4,156615.4,134902.5,189756.0,461550.3,129130.2,268432.4,144404.4,214479.7
4062,57580,50.744433333333326,7.805566666666666,Rheinland-Pfalz,RP,Landkreis Altenkirchen,7132.0,"(50.744433333333326, 7.805566666666666)",256633.3,123264.8,438986.4,132307.5,451563.8,566442.3,343329.7,459470.5,152014.3,130301.4,185154.8,467163.4,140223.0,274045.5,158543.6,220092.8
4063,57581,50.8147,7.8224,Rheinland-Pfalz,RP,Landkreis Altenkirchen,7132.0,"(50.8147, 7.8224)",277849.4,112569.0,460202.5,153523.6,472780.0,563152.6,355003.2,480686.6,145692.6,123979.7,178833.1,488379.5,133901.3,271693.0,152221.9,241308.9
4064,57583,50.6987,7.8799,Rheinland-Pfalz,RP,Westerwaldkreis,7143.0,"(50.6987, 7.8799)",247210.4,126437.4,429563.5,122884.7,442141.0,557019.5,339108.0,450047.7,159673.3,137960.4,192813.9,457740.5,127752.6,264622.7,166202.7,210670.0
4065,57584,50.7937,7.837300000000001,Rheinland-Pfalz,RP,Landkreis Altenkirchen,7132.0,"(50.7937, 7.837300000000001)",261737.8,117983.7,444090.9,137412.1,456668.4,568567.4,353035.9,464575.0,150547.1,128834.2,183687.6,472267.9,138755.8,279150.0,139941.2,225197.3
4066,57586,50.7254,7.9281,Rheinland-Pfalz,RP,Landkreis Altenkirchen,7132.0,"(50.7254, 7.9281)",249176.0,125381.0,431529.1,124850.3,444106.6,558985.0,342231.3,452013.2,160383.6,138670.7,193524.2,459706.1,148995.4,266588.2,147338.5,212635.5
4067,57587,50.8167,7.7333,Rheinland-Pfalz,RP,Landkreis Altenkirchen,7132.0,"(50.8167, 7.7333)",270969.4,117857.5,453322.6,146643.7,465900.0,568441.2,357665.9,473806.7,139930.1,118217.2,173070.6,481499.6,128138.8,276981.5,146459.4,234429.0
4068,57589,50.747866666666674,7.6218,Rheinland-Pfalz,RP,Landkreis Altenkirchen,7132.0,"(50.747866666666674, 7.6218)",265712.2,129190.6,457140.7,150461.8,460642.8,579774.2,346621.8,468549.4,133472.4,114575.0,166612.9,476242.3,107466.9,292199.8,140001.7,238247.1
4069,57610,50.686483333333335,7.663716666666667,Rheinland-Pfalz,RP,Landkreis Altenkirchen,7132.0,"(50.686483333333335, 7.663716666666667)",255216.8,135954.7,448965.8,142287.0,450147.4,576421.7,336126.4,458054.1,132601.1,113703.8,165741.7,465746.9,106595.7,284025.0,139130.4,230072.2
4070,57612,50.71613529411765,7.662705882352941,Rheinland-Pfalz,RP,Landkreis Altenkirchen,7132.0,"(50.71613529411765, 7.662705882352941)",260913.1,132275.9,449383.7,142704.8,455843.6,576839.6,341822.6,463750.3,136076.3,117179.0,169216.9,471443.2,110070.9,284442.8,142605.6,230490.1
4071,57614,50.64681818181818,7.658754545454546,Rheinland-Pfalz,RP,Westerwaldkreis,7143.0,"(50.64681818181818, 7.658754545454546)",253360.3,172037.9,448856.9,151876.8,448290.9,576312.8,334269.9,456197.5,144473.7,125576.3,177614.2,463890.4,118468.2,283916.0,151003.0,229963.3
4072,57627,50.67738,7.78922,Rheinland-Pfalz,RP,Westerwaldkreis,7143.0,"(50.67738, 7.78922)",250927.3,134260.2,437272.5,130593.6,445857.8,564728.4,331836.8,453764.5,142737.7,123840.4,175878.2,461457.4,116732.2,272331.6,149267.0,218378.9
4073,57629,50.671905263157896,7.811547368421053,Rheinland-Pfalz,RP,Westerwaldkreis,7143.0,"(50.671905263157896, 7.811547368421053)",250360.3,133820.4,435514.2,128835.3,445290.9,562970.1,331269.9,453197.5,160186.5,141289.2,193327.1,460890.4,134181.1,270573.3,166715.9,216620.6
4074,57632,50.64951875,7.52986875,Rheinland-Pfalz,RP,Landkreis Altenkirchen,7132.0,"(50.64951875, 7.52986875)",259660.0,158236.5,459229.7,158176.5,454590.6,586685.7,340569.6,462497.2,130672.3,111774.9,163812.8,470190.1,104666.8,294288.9,137201.6,240336.2
4075,57635,50.70583846153847,7.523815384615385,Rheinland-Pfalz,RP,Landkreis Altenkirchen,7132.0,"(50.70583846153847, 7.523815384615385)",267882.9,146373.4,459827.1,153148.3,462813.5,595040.9,348792.5,470720.2,118809.2,99911.8,151949.7,478413.0,92803.7,294886.3,125338.5,240933.6
4076,57636,50.7,7.675,Rheinland-Pfalz,RP,Landkreis Altenkirchen,7132.0,"(50.7, 7.675)",258677.0,133219.6,447199.2,140520.3,453607.6,574655.1,339586.6,461514.3,133840.3,114943.0,166980.8,469207.2,107834.8,282258.3,140369.6,228305.6
4077,57638,50.6673,7.583933333333333,Rheinland-Pfalz,RP,Landkreis Altenkirchen,7132.0,"(50.6673, 7.583933333333333)",264721.3,139987.8,454295.1,147616.2,459651.9,581751.0,345630.9,467558.5,128325.7,109428.3,161466.2,475251.4,102320.2,289354.2,134855.0,235401.5
4078,57639,50.63185,7.6578,Rheinland-Pfalz,RP,Landkreis Neuwied,7138.0,"(50.63185, 7.6578)",249578.9,170006.8,449737.9,148095.4,444509.5,577193.8,330488.5,452416.1,142442.6,123545.3,175583.2,460109.0,116437.2,284797.0,148972.0,230844.3
4079,57641,50.623,7.5169,Rheinland-Pfalz,RP,Landkreis Altenkirchen,7132.0,"(50.623, 7.5169)",256869.3,161712.0,474654.8,155385.8,451799.9,610379.6,337778.8,459706.5,134147.8,115250.5,167288.4,467399.4,108142.4,309713.9,140677.2,255761.2
4080,57642,50.6333,7.8667,Rheinland-Pfalz,RP,Westerwaldkreis,7143.0,"(50.6333, 7.8667)",245279.4,142757.4,434190.8,127511.9,440210.0,561646.7,326189.0,448116.7,162261.9,143364.6,195402.5,455809.6,136256.5,269249.9,168791.2,215297.2
4081,57644,50.6499,7.742066666666666,Rheinland-Pfalz,RP,Westerwaldkreis,7143.0,"(50.6499, 7.742066666666666)",248487.1,139244.1,442165.0,135486.1,443417.7,569620.9,329396.7,451324.4,155386.5,136489.2,188527.1,459017.3,129381.1,277224.1,161915.9,223271.4
4082,57645,50.6758,7.8383,Rheinland-Pfalz,RP,Westerwaldkreis,7143.0,"(50.6758, 7.8383)",252421.5,132970.8,434664.5,127985.7,447352.1,562120.5,333331.1,455258.7,162480.7,143583.4,195621.3,462951.6,136475.3,269723.7,169010.1,215771.0
4083,57647,50.625,7.89165,Rheinland-Pfalz,RP,Westerwaldkreis,7143.0,"(50.625, 7.89165)",243406.0,151827.8,431903.1,125224.2,438336.6,559359.0,324315.5,446243.2,163900.6,145003.3,197041.2,453936.1,151491.0,266962.2,170429.9,213009.5
4084,57648,50.65775,7.9125,Rheinland-Pfalz,RP,Westerwaldkreis,7143.0,"(50.65775, 7.9125)",247527.8,149805.7,429880.9,123202.1,442458.4,557336.9,328324.8,450365.1,167241.2,148343.8,200381.7,458057.9,141235.7,264940.1,173770.5,210987.4
4085,58089,51.3801,7.4394,Nordrhein-Westfalen,NW,"Hagen, Stadt",5914.0,"(51.3801, 7.4394)",335325.6,26130.3,408179.0,210999.9,530256.2,476714.0,458618.3,538162.8,82534.3,63365.1,106331.1,545855.7,109953.6,185254.3,48518.2,175459.1
4086,58091,51.3201,7.508,Nordrhein-Westfalen,NW,"Hagen, Stadt",5914.0,"(51.3201, 7.508)",325423.9,33410.1,415458.8,201098.2,520354.5,483993.7,426687.7,528261.1,86206.4,73262.7,113180.5,535954.0,119851.2,192534.1,55367.6,182738.9
4087,58093,51.3657,7.5207,Nordrhein-Westfalen,NW,"Hagen, Stadt",5914.0,"(51.3657, 7.5207)",328708.1,29721.2,411769.9,204382.4,523638.7,480304.8,429972.0,531545.4,82517.5,70014.9,109491.6,539238.2,116603.4,188845.2,51678.7,179050.0
4088,58095,51.3606,7.4785,Nordrhein-Westfalen,NW,"Hagen, Stadt",5914.0,"(51.3606, 7.4785)",329521.0,29076.1,411124.8,205195.3,524451.6,479659.7,430784.9,532358.3,81872.5,67046.6,108846.5,540051.1,113635.2,188200.1,51033.6,178404.9
4089,58097,51.3668,7.4776,Nordrhein-Westfalen,NW,"Hagen, Stadt",5914.0,"(51.3668, 7.4776)",331413.4,28533.2,410581.9,207087.6,526344.0,479116.8,432677.2,534250.6,81329.5,66488.6,108303.6,541943.5,113077.1,187657.2,50490.6,177862.0
4090,58099,51.3987,7.4901,Nordrhein-Westfalen,NW,"Hagen, Stadt",5914.0,"(51.3987, 7.4901)",333720.9,23887.7,405936.4,209395.2,528651.5,474471.3,434984.8,536558.2,77114.5,67849.7,104088.5,544251.0,114438.2,183011.7,46275.6,173216.5
4091,58119,51.3529,7.563,Nordrhein-Westfalen,NW,"Hagen, Stadt",5914.0,"(51.3529, 7.563)",328771.6,31723.8,413772.5,204445.9,523702.2,482307.4,430035.5,531608.9,84520.1,76271.0,111494.2,539301.7,122859.6,190847.8,53681.2,181052.6
4092,58135,51.3474,7.4274,Nordrhein-Westfalen,NW,"Hagen, Stadt",5914.0,"(51.3474, 7.4274)",333887.7,30790.0,412838.8,209561.9,528818.2,481373.7,435151.5,536724.9,80814.4,61645.3,113955.0,544417.8,108233.8,189914.0,55357.7,180118.9
4093,58239,51.4439,7.5675,Nordrhein-Westfalen,NW,Unna,5978.0,"(51.4439, 7.5675)",341140.5,14328.2,396861.1,216814.7,536071.0,465396.0,442404.3,572326.8,75647.1,76109.5,102621.2,580019.7,122698.0,173936.4,44808.2,164141.2
4094,58256,51.2985,7.3629,Nordrhein-Westfalen,NW,Ennepe-Ruhr-Kreis,5954.0,"(51.2985, 7.3629)",327521.7,40535.7,422584.4,203196.0,522452.3,491119.3,448002.3,530359.0,75960.1,56790.9,110101.0,538051.9,99337.7,199659.7,46398.2,189864.5
4095,58285,51.3197,7.3392,Nordrhein-Westfalen,NW,Ennepe-Ruhr-Kreis,5954.0,"(51.3197, 7.3392)",367990.3,36696.1,418744.8,209365.5,562920.9,487279.8,448899.9,570827.5,79287.4,53252.8,106261.5,578520.4,100235.2,195820.1,42558.6,186024.9
4096,58300,51.3875,7.3928,Nordrhein-Westfalen,NW,Ennepe-Ruhr-Kreis,5954.0,"(51.3875, 7.3928)",341164.3,22477.5,412384.3,216838.6,536094.9,480919.2,459086.9,544001.6,64939.5,63833.7,91913.6,551694.5,110422.2,189459.6,34100.6,179664.4
4097,58313,51.4,7.4358,Nordrhein-Westfalen,NW,Ennepe-Ruhr-Kreis,5954.0,"(51.4, 7.4358)",336767.2,17518.7,409950.0,212441.5,531697.8,478484.9,459718.5,539604.4,72513.4,64465.3,99487.5,547297.3,111053.8,187025.3,41674.5,177230.1
4098,58332,51.2863,7.2939,Nordrhein-Westfalen,NW,Ennepe-Ruhr-Kreis,5954.0,"(51.2863, 7.2939)",362085.9,46819.4,426216.1,206040.3,557016.5,494751.0,442995.5,564923.2,70999.6,51830.4,104140.2,572616.1,94330.8,203291.4,45542.9,193496.2
4099,58339,51.2593,7.4681,Nordrhein-Westfalen,NW,Ennepe-Ruhr-Kreis,5954.0,"(51.2593, 7.4681)",317014.5,44288.8,426337.5,192688.8,511945.1,494872.4,418278.3,519851.7,97085.1,67441.5,124059.2,527544.6,106492.0,203412.8,66246.3,193617.6
