,zipcode,lat,long,state,state_code,community_name,community_code,coor,AKB Kitzingen,AKB Dortmund,AKB Zörbig,AKB Schöneck,AKB Buch,Mosolf Etzin,Mosolf Kippenheim,BLG Kelheim,BLG Duisburg,BLG Neuss,Carservice Erkens,ARS Altmann Wolnzach,CAT Zülpich,Autohaus Siebrecht,Neu: FleetParQ Essen ,Neu: FleetParQ Kassel
5166,73235,48.6157,9.5375,Baden-Württemberg,BW,Esslingen,8116.0,"(48.6157, 9.5375)",210043.0,459500.8,525469.3,271366.1,91713.9,652925.2,198726.0,232354.3,463656.2,444758.8,483645.9,196005.8,406228.2,456811.1,470185.5,402858.4
5167,73240,48.6712,9.3763,Baden-Württemberg,BW,Esslingen,8116.0,"(48.6712, 9.3763)",193793.0,443250.7,529450.2,255116.0,105823.6,656906.1,182475.9,246464.0,447406.1,428508.8,467395.8,210115.5,389978.2,440561.1,453935.4,386608.4
5168,73249,48.6931,9.4153,Baden-Württemberg,BW,Esslingen,8116.0,"(48.6931, 9.4153)",197445.4,446903.1,489458.5,258768.4,109476.0,616914.4,186128.3,250116.4,451058.5,432161.2,471048.2,213767.9,393630.6,444213.5,457587.9,390260.8
5169,73252,48.5581,9.4663,Baden-Württemberg,BW,Esslingen,8116.0,"(48.5581, 9.4663)",208812.3,458270.1,537837.0,270135.4,104081.6,665292.9,197495.3,244722.0,462425.5,443528.1,482415.2,208373.5,404997.5,455580.4,468954.8,401627.7
5170,73257,48.6833,9.3667,Baden-Württemberg,BW,Esslingen,8116.0,"(48.6833, 9.3667)",194679.4,444137.1,492665.8,256002.4,106710.0,620121.8,183362.3,247350.4,448292.5,429395.2,468282.2,211001.9,390864.6,441447.5,454821.9,387494.8
5171,73262,48.7101,9.4643,Baden-Württemberg,BW,Esslingen,8116.0,"(48.7101, 9.4643)",183642.1,451158.8,484528.7,263024.1,113731.6,611984.6,190384.0,254372.0,455314.2,436416.8,475303.9,218023.6,397886.3,430410.2,461843.5,376457.5
5172,73265,48.6167,9.45,Baden-Württemberg,BW,Esslingen,8116.0,"(48.6167, 9.45)",202039.6,451497.3,531064.3,263362.6,97308.9,658520.2,190722.5,237949.3,455652.7,436755.4,475642.4,201600.8,398224.8,448807.7,462182.0,394855.0
5173,73266,48.5991,9.4915,Baden-Württemberg,BW,Esslingen,8116.0,"(48.5991, 9.4915)",205641.7,455099.4,530629.9,266964.7,96874.5,658085.8,194324.6,237514.9,459254.8,440357.5,479244.5,201166.4,401826.9,452409.8,465784.1,398457.1
5174,73268,48.5566,9.4321,Baden-Württemberg,BW,Esslingen,8116.0,"(48.5566, 9.4321)",211923.0,461380.8,533443.3,273246.1,99687.9,660899.2,200606.0,240328.3,465536.2,446638.8,485525.9,203979.8,408108.2,458691.1,472065.5,404738.4
5175,73269,48.6928,9.4649,Baden-Württemberg,BW,Esslingen,8116.0,"(48.6928, 9.4649)",184034.5,451551.2,487438.6,263416.6,103493.2,614894.5,190776.5,244133.6,455706.6,436809.3,475696.4,207785.1,398278.7,430802.7,462236.0,376849.9
5176,73271,48.6333,9.5167,Baden-Württemberg,BW,Esslingen,8116.0,"(48.6333, 9.5167)",223655.4,460767.5,525132.9,272632.9,91377.5,652588.9,199992.8,232017.9,464922.9,446025.6,484912.7,195669.5,407495.0,458077.9,471452.3,404125.2
5177,73272,48.5787,9.5645,Baden-Württemberg,BW,Esslingen,8116.0,"(48.5787, 9.5645)",216320.6,464104.5,517798.1,275969.8,84042.7,645254.1,203329.7,224683.1,468259.9,449362.6,488249.6,188334.7,410832.0,480321.6,474789.2,426368.9
5178,73274,48.6708,9.4572,Baden-Württemberg,BW,Esslingen,8116.0,"(48.6708, 9.4572)",205477.0,454934.8,489973.7,266800.1,100308.1,617429.6,194160.0,240948.5,459090.2,440192.9,479079.9,204600.1,401662.3,452245.2,465619.5,398292.5
5179,73275,48.646,9.527,Baden-Württemberg,BW,Esslingen,8116.0,"(48.646, 9.527)",223752.3,456872.7,525229.8,268738.0,91474.4,652685.7,196097.9,232114.8,461028.1,442130.7,481017.8,195766.3,403600.1,454183.0,467557.4,400230.3
5180,73277,48.5874,9.4498,Baden-Württemberg,BW,Esslingen,8116.0,"(48.5874, 9.4498)",205127.9,454585.7,534152.6,266451.0,100397.2,661608.5,193810.9,241037.6,458741.1,439843.7,478730.8,204689.1,401313.1,451896.0,465270.4,397943.3
5181,73278,48.6736,9.5181,Baden-Württemberg,BW,Göppingen,8117.0,"(48.6736, 9.5181)",179710.4,457679.3,481188.0,269544.6,96252.4,608643.9,196904.5,236892.8,461834.7,442937.3,481824.4,200544.3,404406.7,454989.6,468364.0,401036.9
5182,73312,48.60886666666667,9.8123,Baden-Württemberg,BW,Göppingen,8117.0,"(48.60886666666667, 9.8123)",162683.5,482630.7,464161.0,294496.0,70063.0,591616.9,221855.9,210703.4,486786.1,467888.8,506775.8,174355.0,429358.2,426684.4,493315.4,372731.7
5183,73326,48.5971,9.7189,Baden-Württemberg,BW,Göppingen,8117.0,"(48.5971, 9.7189)",170806.6,472707.0,472284.1,284572.3,83943.6,599740.1,211932.2,224584.0,476862.4,457965.1,496852.1,188235.5,419434.5,434807.6,483391.7,380854.9
5184,73329,48.6358,9.7999,Baden-Württemberg,BW,Göppingen,8117.0,"(48.6358, 9.7999)",162827.7,479330.3,464305.2,291195.6,71476.8,591761.1,218555.6,212117.2,483485.7,464588.4,503475.5,175768.7,426057.8,426828.6,490015.1,372875.9
5185,73333,48.6598,9.7809,Baden-Württemberg,BW,Göppingen,8117.0,"(48.6598, 9.7809)",165567.5,477314.5,467045.0,289179.8,74736.6,594501.0,216539.7,215377.0,481469.9,462572.5,501459.6,179028.5,424042.0,429568.5,487999.2,375615.8
5186,73337,48.5999,9.7959,Baden-Württemberg,BW,Göppingen,8117.0,"(48.5999, 9.7959)",164469.1,479796.0,465946.6,291661.3,72154.5,593402.5,219021.2,212794.9,483951.4,465054.0,503941.1,176446.4,426523.4,428470.1,490480.7,374517.4
5187,73340,48.5788,9.8739,Baden-Württemberg,BW,Alb-Donau-Kreis,8425.0,"(48.5788, 9.8739)",177785.1,542921.4,479262.6,314009.9,62157.7,606718.5,234843.8,202798.1,499774.0,480876.7,519763.7,166449.6,442346.1,441786.0,506303.3,387833.3
5188,73342,48.5883,9.7039,Baden-Württemberg,BW,Göppingen,8117.0,"(48.5883, 9.7039)",214718.1,471203.7,516195.7,283069.0,82440.3,643651.6,210428.9,223080.7,475359.1,456461.7,495348.8,186732.2,417931.1,478719.1,481888.4,424766.4
5189,73344,48.5948,9.6439,Baden-Württemberg,BW,Göppingen,8117.0,"(48.5948, 9.6439)",212673.8,469159.3,514151.3,281024.6,80395.9,641607.2,208384.5,221036.3,473314.7,454417.4,493304.4,184687.8,415886.8,476674.8,479844.0,422722.1
5190,73345,48.5472,9.6736,Baden-Württemberg,BW,Göppingen,8117.0,"(48.5472, 9.6736)",207199.8,476270.6,508677.4,288135.9,74921.9,636133.3,215495.8,215562.3,480426.0,461528.6,500415.7,179213.9,422998.0,471200.8,486955.3,417248.1
5191,73347,48.5667,9.65,Baden-Württemberg,BW,Göppingen,8117.0,"(48.5667, 9.65)",209034.9,470273.8,510512.5,282139.1,76757.1,637968.4,209499.0,217397.5,474429.2,455531.8,494418.9,181049.0,417001.2,473035.9,480958.5,419083.2
5192,73349,48.5613,9.6254,Baden-Württemberg,BW,Göppingen,8117.0,"(48.5613, 9.6254)",209121.5,470967.5,510599.1,282832.8,76843.7,638055.0,210192.7,217484.1,475122.9,456225.5,495112.6,181135.6,417694.9,473122.5,481652.2,419169.8
5193,73430,48.8409,10.0931,Baden-Württemberg,BW,Ostalbkreis,8136.0,"(48.8409, 10.0931)",120554.4,485690.7,422031.9,256779.2,90805.2,549487.8,245082.1,168236.8,491434.0,472536.7,524574.5,147001.3,461219.0,384555.4,497963.3,330602.6
5194,73431,48.822,10.0654,Baden-Württemberg,BW,Ostalbkreis,8136.0,"(48.822, 10.0654)",126304.3,491440.7,427781.8,262529.1,92621.3,555237.7,242188.5,169286.7,497183.9,478286.6,530324.5,148051.1,466968.9,390305.3,503713.2,336352.6
5195,73432,48.8333,10.1,Baden-Württemberg,BW,Ostalbkreis,8136.0,"(48.8333, 10.1)",121502.3,486638.7,422979.9,257727.1,89397.6,550435.8,244593.9,166062.9,492382.0,473484.6,525522.5,144827.4,462166.9,385503.3,498911.3,331550.6
5196,73433,48.8641,10.1044,Baden-Württemberg,BW,Ostalbkreis,8136.0,"(48.8641, 10.1044)",118417.3,483553.7,419894.9,254642.1,94808.3,547350.8,249084.3,232422.0,489297.0,470399.6,522437.5,141308.3,459081.9,382418.3,495826.3,328465.6
5197,73434,48.8333,10.1,Baden-Württemberg,BW,Ostalbkreis,8136.0,"(48.8333, 10.1)",121502.3,486638.7,422979.9,257727.1,89397.6,550435.8,244593.9,166062.9,492382.0,473484.6,525522.5,144827.4,462166.9,385503.3,498911.3,331550.6
5198,73441,48.8585,10.3542,Baden-Württemberg,BW,Ostalbkreis,8136.0,"(48.8585, 10.3542)",127435.3,492571.7,428912.8,263660.1,94232.1,556368.8,315389.6,141173.8,498314.9,479417.6,531455.5,119938.2,468099.9,391436.3,504844.3,337483.6
5199,73447,48.7838,10.1052,Baden-Württemberg,BW,Ostalbkreis,8136.0,"(48.7838, 10.1052)",134561.6,499698.0,436039.2,270786.4,81313.1,563495.1,251937.9,166947.9,505441.2,486543.9,538581.8,145712.3,475226.2,398562.6,511970.6,344609.9
5200,73450,48.7551,10.3304,Baden-Württemberg,BW,Ostalbkreis,8136.0,"(48.7551, 10.3304)",134007.7,499144.1,435485.2,270232.5,78338.4,562941.2,296538.0,144626.9,504887.3,485990.0,538027.9,123391.4,474672.3,398008.7,511416.7,344056.0
5201,73453,48.895,10.0017,Baden-Württemberg,BW,Ostalbkreis,8136.0,"(48.895, 10.0017)",127201.2,492337.6,428678.7,263426.0,103592.2,556134.6,249137.7,241205.9,462117.7,443220.4,481856.3,150092.1,404438.7,391202.2,468647.0,337249.4
5202,73457,48.8086,10.0277,Baden-Württemberg,BW,Ostalbkreis,8136.0,"(48.8086, 10.0277)",129170.8,494307.2,430648.3,265395.6,95912.3,558104.3,240162.8,172577.7,500050.4,481153.1,533191.0,151342.2,469835.4,393171.8,506579.8,339219.1
5203,73460,48.8927,10.1006,Baden-Württemberg,BW,Ostalbkreis,8136.0,"(48.8927, 10.1006)",119371.3,484507.7,420848.9,255596.1,95762.3,548304.8,250966.7,233376.0,490251.0,471353.6,523391.5,142262.3,460035.9,383372.3,496780.3,329419.6
5204,73463,48.8833,10.1833,Baden-Württemberg,BW,Ostalbkreis,8136.0,"(48.8833, 10.1833)",113621.7,478758.1,415099.2,249846.5,89624.4,542555.2,301576.1,155100.7,484501.3,465604.0,517641.9,133865.2,454286.3,377622.7,491030.7,323670.0
5205,73466,48.8713,10.2422,Baden-Württemberg,BW,Ostalbkreis,8136.0,"(48.8713, 10.2422)",118172.8,483309.2,419650.4,254397.6,88758.6,547106.3,306127.2,150115.1,489052.5,470155.1,522193.0,128879.5,458837.4,382173.8,495581.8,328221.1
5206,73467,48.8792,10.4003,Baden-Württemberg,BW,Ostalbkreis,8136.0,"(48.8792, 10.4003)",124002.8,489139.2,391538.8,260227.6,99384.5,518994.7,311957.1,141861.3,494882.4,475985.1,528023.0,120625.7,464667.4,388003.8,501411.7,334051.1
5207,73469,48.85,10.4333,Baden-Württemberg,BW,Ostalbkreis,8136.0,"(48.85, 10.4333)",134035.0,499171.4,387186.6,270259.8,99763.0,514642.6,321989.4,134351.6,504914.6,486017.3,538055.2,113116.1,474699.6,398036.0,511444.0,344083.3
5208,73479,48.9623,10.1545,Baden-Württemberg,BW,Ostalbkreis,8136.0,"(48.9623, 10.1545)",106150.2,471286.6,407627.7,242375.0,99601.3,535083.6,294104.5,220154.9,477029.8,458132.5,510170.4,141447.2,446814.8,370151.2,483559.1,316198.5
5209,73485,48.9333,10.3667,Baden-Württemberg,BW,Ostalbkreis,8136.0,"(48.9333, 10.3667)",119056.6,484192.9,420534.1,255281.4,112053.8,547990.0,307010.9,148015.8,489936.2,471038.9,523076.7,126780.3,459721.2,383057.5,496465.5,329104.8
5210,73486,48.9548,10.0047,Baden-Württemberg,BW,Ostalbkreis,8136.0,"(48.9548, 10.0047)",119728.0,484864.4,421205.5,255952.8,113179.1,548661.5,262459.9,233732.7,452379.2,433481.9,472117.8,155025.0,394700.2,383729.0,458908.6,329776.3
5211,73488,49.0167,10.2167,Baden-Württemberg,BW,Ostalbkreis,8136.0,"(49.0167, 10.2167)",99901.6,465038.0,401379.1,236126.4,107506.6,528835.1,287855.9,213906.3,470781.2,451883.9,503921.8,148634.8,440566.2,363902.6,477310.6,309949.9
5212,73489,49.0306,10.0975,Baden-Württemberg,BW,Ostalbkreis,8136.0,"(49.0306, 10.0975)",102685.9,467822.3,404812.8,238910.7,110985.5,532268.7,266111.6,217339.9,456030.9,437133.6,475769.5,152831.4,398351.9,366686.9,462560.2,312734.2
5213,73491,48.928,10.0689,Baden-Württemberg,BW,Ostalbkreis,8136.0,"(48.928, 10.0689)",115589.6,480726.0,417067.2,251814.4,100690.0,544523.1,255894.4,229594.3,486469.3,467571.9,519609.8,147190.0,401857.4,379590.6,492998.6,325637.9
5214,73492,48.9333,10.15,Baden-Württemberg,BW,Ostalbkreis,8136.0,"(48.9333, 10.15)",111228.6,476364.9,412706.1,247453.4,95498.7,540162.0,299182.9,225233.3,482108.2,463210.9,515248.7,141998.7,451893.2,375229.6,488637.5,321276.8
5215,73494,49.0189,10.0296,Baden-Württemberg,BW,Ostalbkreis,8136.0,"(49.0189, 10.0296)",108248.6,473385.0,410590.2,244473.4,112742.1,538046.1,256359.2,223117.4,446278.5,427381.1,466017.1,154588.0,388599.4,372249.6,452807.8,318296.9
5216,73495,49.0,10.3,Baden-Württemberg,BW,Ostalbkreis,8136.0,"(49.0, 10.3)",102885.1,468021.4,404362.6,239109.9,111894.8,531818.5,290839.4,157094.2,473764.7,454867.4,506905.2,135858.7,443549.7,366886.1,480294.0,312933.3
5217,73497,48.9787,10.3613,Baden-Württemberg,BW,Ostalbkreis,8136.0,"(48.9787, 10.3613)",109004.1,474140.4,401073.2,245228.9,112041.3,528529.1,296958.4,154390.3,479883.7,460986.4,513024.2,133154.7,449668.7,373005.0,486413.0,319052.3
5218,73499,49.0305,10.2724,Baden-Württemberg,BW,Ostalbkreis,8136.0,"(49.0305, 10.2724)",98373.7,463510.1,399851.3,234598.5,113282.3,527307.2,286328.1,212378.4,469253.4,450356.0,502393.9,142210.4,439038.3,362374.7,475782.7,308422.0
5219,73525,48.7989,9.7989,Baden-Württemberg,BW,Ostalbkreis,8136.0,"(48.7989, 9.7989)",146775.1,451032.3,448252.6,282999.9,113516.6,575708.5,220464.2,190182.0,455187.7,436290.4,474926.3,168946.4,397508.7,410776.1,461717.0,356823.4
5220,73527,48.8333,9.80875,Baden-Württemberg,BW,Ostalbkreis,8136.0,"(48.8333, 9.80875)",146910.4,512046.8,448387.9,283135.2,113651.9,575843.8,225669.7,190317.3,448493.9,429596.6,468232.5,169081.7,390814.9,410911.4,455023.2,356958.6
5221,73529,48.7852,9.8176,Baden-Württemberg,BW,Ostalbkreis,8136.0,"(48.7852, 9.8176)",148842.5,452871.5,450320.0,285067.3,115584.0,577775.9,222303.4,192249.4,457026.9,438129.6,476765.5,171013.8,399347.9,412843.5,463556.2,358890.8
5222,73540,48.7927,9.9337,Baden-Württemberg,BW,Ostalbkreis,8136.0,"(48.7927, 9.9337)",136945.2,502081.5,438422.7,273170.0,103686.7,565878.6,232677.5,180352.1,507824.8,488927.5,540965.3,159116.5,409722.0,400946.1,514354.1,346993.4
5223,73547,48.7983,9.6914,Baden-Württemberg,BW,Ostalbkreis,8136.0,"(48.7983, 9.6914)",155855.4,442225.7,457333.0,254091.0,122596.9,584788.9,211657.6,199262.3,446381.1,427483.8,466119.7,178026.8,388702.1,419856.4,452910.4,365903.7
5224,73550,48.7661,9.8213,Baden-Württemberg,BW,Ostalbkreis,8136.0,"(48.7661, 9.8213)",151190.5,455219.6,452668.1,287415.3,95380.8,580124.0,224651.5,194597.4,459375.0,440477.6,479113.6,173361.9,401695.9,415191.5,465904.3,361238.8
5225,73553,48.8438,9.7186,Baden-Württemberg,BW,Rems-Murr-Kreis,8119.0,"(48.8438, 9.7186)",154415.6,439243.5,455893.2,251108.8,121157.2,583349.1,220658.2,197822.5,443398.9,424501.5,463137.4,176587.0,385719.8,418416.6,449928.2,364463.9
5226,73557,48.8259,9.7971,Baden-Württemberg,BW,Ostalbkreis,8136.0,"(48.8259, 9.7971)",147735.1,512871.5,449212.6,283959.9,114476.6,576668.6,223881.8,191142.0,447407.4,428510.1,467146.0,169906.5,389728.4,411736.1,453936.7,357783.4
5227,73560,48.8196,9.9213,Baden-Württemberg,BW,Ostalbkreis,8136.0,"(48.8196, 9.9213)",136685.3,501821.7,438162.9,272910.2,103426.9,565618.8,230276.4,180092.2,464999.8,446102.5,484738.4,158856.7,407320.8,400686.3,471529.2,346733.6
5228,73563,48.8232,9.9625,Baden-Württemberg,BW,Ostalbkreis,8136.0,"(48.8232, 9.9625)",132743.9,497880.3,434221.4,268968.7,99485.4,561677.4,235053.4,176150.8,503623.5,484726.2,536764.1,154915.3,409140.9,396744.9,510152.9,342792.2
5229,73565,48.8806,9.7622,Baden-Württemberg,BW,Ostalbkreis,8136.0,"(48.8806, 9.7622)",154313.1,435882.1,455790.7,247747.4,121054.7,583246.6,230878.9,197720.0,440037.5,421140.2,459776.1,176484.5,382358.5,418314.1,446566.8,364361.4
5230,73566,48.7535,9.9875,Baden-Württemberg,BW,Ostalbkreis,8136.0,"(48.7535, 9.9875)",138488.0,503624.4,439965.6,274712.8,86492.2,567421.5,240517.0,175622.6,509367.7,490470.3,542508.2,190700.4,419847.0,402489.0,515897.0,348536.3
5231,73568,48.8563,9.7965,Baden-Württemberg,BW,Ostalbkreis,8136.0,"(48.8563, 9.7965)",148447.2,441744.6,449924.8,284672.1,115188.8,577380.7,229301.7,191854.1,445900.0,427002.6,465638.5,170618.6,388220.9,412448.2,452429.3,358495.5
5232,73569,48.8914,9.8897,Baden-Württemberg,BW,Ostalbkreis,8136.0,"(48.8914, 9.8897)",138026.9,503163.3,439504.4,274251.7,114417.9,566960.3,235068.1,252031.6,456577.7,437680.3,476316.3,160917.8,398898.6,402027.9,463107.0,348075.2
5233,73571,48.8612,9.884,Baden-Württemberg,BW,Ostalbkreis,8136.0,"(48.8612, 9.884)",140237.2,505373.5,441714.7,276462.0,111798.3,569170.6,231026.0,254241.9,459339.5,440442.1,479078.1,163128.1,401660.4,404238.2,465868.8,350285.4
5234,73572,48.8522,9.9439,Baden-Württemberg,BW,Ostalbkreis,8136.0,"(48.8522, 9.9439)",133486.9,498623.3,434964.5,269711.7,103942.1,562420.4,234874.1,247491.6,462364.7,443467.3,482103.2,156377.9,404685.6,397487.9,468894.0,343535.2
5235,73574,48.8317,9.8789,Baden-Württemberg,BW,Ostalbkreis,8136.0,"(48.8317, 9.8789)",140355.3,505491.7,441832.8,276580.1,107096.8,569288.8,229591.9,183762.2,464315.3,445418.0,484053.9,162526.6,406636.3,404356.3,470844.7,350403.6
5236,73575,48.8494,9.8775,Baden-Württemberg,BW,Ostalbkreis,8136.0,"(48.8494, 9.8775)",138801.0,503937.4,440278.5,275025.8,110362.2,567734.5,229589.8,252805.7,460805.9,441908.5,480544.5,161692.0,403126.8,402802.0,467335.2,348849.3
5237,73577,48.8828,9.8151,Baden-Württemberg,BW,Ostalbkreis,8136.0,"(48.8828, 9.8151)",145339.8,437202.7,446817.4,281564.7,116774.2,574273.3,233614.6,259344.5,441358.1,422460.7,461096.7,168230.8,383679.0,409340.8,447887.4,355388.1
5238,73579,48.8734,9.9174,Baden-Württemberg,BW,Ostalbkreis,8136.0,"(48.8734, 9.9174)",137264.0,502400.4,438741.6,273488.8,107719.2,566197.5,234180.9,251268.7,458605.6,439708.3,478344.2,160155.0,400926.6,401265.0,465135.0,347312.3
5239,73614,48.8054,9.5272,Baden-Württemberg,BW,Rems-Murr-Kreis,8119.0,"(48.8054, 9.5272)",171573.4,439280.5,473051.0,251145.8,114966.1,600506.9,197190.7,214980.3,443435.8,424538.5,463174.4,219258.0,385756.8,435574.4,449965.2,381621.7
5240,73630,48.8151,9.4239,Baden-Württemberg,BW,Rems-Murr-Kreis,8119.0,"(48.8151, 9.4239)",168858.2,431124.2,479947.5,242989.5,124252.2,607403.5,189034.5,221876.9,435279.6,416382.2,455018.2,228544.2,377600.5,415626.4,441808.9,361673.7
5241,73635,48.8852,9.5293,Baden-Württemberg,BW,Rems-Murr-Kreis,8119.0,"(48.8852, 9.5293)",158218.0,420484.0,477834.2,232349.3,125245.7,605290.1,209214.1,219763.5,424639.4,405742.0,444378.0,229537.6,366960.3,404986.2,431168.7,351033.5
5242,73642,48.8768,9.6343,Baden-Württemberg,BW,Rems-Murr-Kreis,8119.0,"(48.8768, 9.6343)",156346.1,429948.6,457603.5,241813.9,137424.7,585059.5,212350.8,270130.7,434104.0,415206.6,453842.6,192854.5,376424.9,420347.1,440633.3,366394.4
5243,73650,48.7992,9.4791,Baden-Württemberg,BW,Rems-Murr-Kreis,8119.0,"(48.7992, 9.4791)",175284.4,435807.6,476761.9,247672.9,127566.1,604217.8,193717.9,218691.3,439963.0,421065.7,459701.6,231858.0,382284.0,420309.8,446492.3,366357.1
5244,73655,48.7988,9.5959,Baden-Württemberg,BW,Rems-Murr-Kreis,8119.0,"(48.7988, 9.5959)",164309.6,435563.7,465787.2,247429.0,131051.2,593243.1,204995.7,207716.5,439719.1,420821.8,459457.7,186481.0,382040.1,428310.6,446248.5,374357.9
5245,73660,48.8168,9.5769,Baden-Württemberg,BW,Rems-Murr-Kreis,8119.0,"(48.8168, 9.5769)",167337.8,430327.3,468815.3,242192.6,118266.6,596271.3,201910.2,210744.7,434482.7,415585.4,454221.3,189509.1,376803.7,431338.8,441012.1,377386.1
5246,73663,48.8667,9.4667,Baden-Württemberg,BW,Rems-Murr-Kreis,8119.0,"(48.8667, 9.4667)",160575.0,422840.9,479869.1,234706.2,124535.1,607325.0,198398.6,221798.5,426996.3,408099.0,446734.9,228827.1,369317.3,407343.1,433525.6,353390.4
5247,73666,48.7422,9.4494,Baden-Württemberg,BW,Esslingen,8116.0,"(48.7422, 9.4494)",184387.0,438946.9,485864.6,250812.2,117693.7,613320.5,194346.1,258334.1,443102.3,424205.0,462840.9,221985.7,385423.2,423449.1,449631.6,369496.4
