,zipcode,lat,long,state,state_code,community_name,community_code,coor,AKB Kitzingen,AKB Dortmund,AKB Zörbig,AKB Schöneck,AKB Buch,Mosolf Etzin,Mosolf Kippenheim,BLG Kelheim,BLG Duisburg,BLG Neuss,Carservice Erkens,ARS Altmann Wolnzach,CAT Zülpich,Autohaus Siebrecht,Neu: FleetParQ Essen ,Neu: FleetParQ Kassel
164,03185,51.8511375,14.426775,Brandenburg,BB,Landkreis Spree-Neiße,12071.0,"(51.8511375, 14.426775)",516400.3,599603.5,258576.5,603654.5,653842.3,198633.1,786455.0,502453.3,663189.7,670459.9,690163.8,548451.4,717048.5,453574.7,630243.9,493115.6
165,03197,51.87865,14.5042,Brandenburg,BB,Landkreis Spree-Neiße,12071.0,"(51.87865, 14.5042)",530902.1,614105.4,273078.3,618156.4,668344.1,213134.9,800956.8,516955.2,677691.6,684961.8,704665.6,562953.2,731550.3,468076.6,644745.7,507617.5
166,03205,51.71983333333333,13.968773333333331,Brandenburg,BB,Landkreis Oberspreewald-Lausitz,12066.0,"(51.71983333333333, 13.968773333333331)",454300.1,567674.0,226647.0,541554.4,591742.1,166703.6,724354.8,440353.1,631260.2,638530.4,658234.3,486351.2,685119.0,435244.8,598314.4,431015.5
167,03222,51.8534375,13.91765,Brandenburg,BB,Landkreis Oberspreewald-Lausitz,12066.0,"(51.8534375, 13.91765)",468956.2,549141.0,208114.0,556210.5,606398.2,148170.5,739010.9,455009.3,612727.2,619997.4,639701.3,501007.3,666586.0,403112.2,579781.3,445671.6
168,03226,51.80724,14.05696,Brandenburg,BB,Landkreis Oberspreewald-Lausitz,12066.0,"(51.80724, 14.05696)",478732.0,561935.2,220908.2,565986.2,616174.0,160964.8,748786.7,464785.0,625521.5,632791.7,652495.5,510783.1,679380.2,415906.5,592575.6,455447.4
169,03229,51.66665,14.01665,Brandenburg,BB,Landkreis Oberspreewald-Lausitz,12066.0,"(51.66665, 14.01665)",453160.8,580241.3,239214.3,540415.1,590602.8,179270.9,723215.5,439213.9,643827.5,651097.7,670801.6,485211.9,697686.3,434105.5,610881.6,429876.2
170,03238,51.606478260869565,13.687804347826088,Brandenburg,BB,Landkreis Elbe-Elster,12062.0,"(51.606478260869565, 13.687804347826088)",456874.4,592772.9,139705.1,544128.6,594316.4,191802.4,726929.1,442927.4,656359.1,663629.3,683333.2,488925.5,710217.9,372616.1,623413.2,368386.8
171,03246,51.72796666666667,13.758966666666666,Brandenburg,BB,Landkreis Elbe-Elster,12062.0,"(51.72796666666667, 13.758966666666666)",459755.1,571353.3,230326.3,547009.3,597197.1,170382.9,729809.8,445808.1,634939.6,642209.8,661913.6,491806.2,688798.3,425324.6,601993.7,436470.4
172,03249,51.7084,13.659,Brandenburg,BB,Landkreis Elbe-Elster,12062.0,"(51.7084, 13.659)",462944.9,567460.8,142269.2,550199.2,600386.9,166490.4,732999.6,448998.0,631047.1,638317.3,658021.1,494996.0,684905.8,421432.1,598101.2,370950.9
173,03253,51.652075,13.504425,Brandenburg,BB,Landkreis Elbe-Elster,12062.0,"(51.652075, 13.504425)",469921.1,526345.4,131596.9,496059.4,607363.0,183367.2,739975.7,455974.1,647923.8,594298.4,674897.9,501972.1,640887.0,364507.9,562997.1,360278.6
174,04103,51.3405,12.3827,Sachsen,SN,Kreisfreie Stadt Leipzig,14713.0,"(51.3405, 12.3827)",344904.2,420575.8,53533.8,393549.3,482346.1,180989.8,614958.8,348788.0,499656.9,488528.8,526631.0,381554.7,535117.4,258738.4,457227.6,254509.0
175,04105,51.3489,12.3688,Sachsen,SN,Kreisfreie Stadt Leipzig,14713.0,"(51.3489, 12.3688)",336901.7,413765.4,49882.8,385546.9,474343.7,177338.7,606956.4,340785.5,492846.5,481718.5,519820.6,373552.2,528307.0,251928.0,450417.2,247698.6
176,04107,51.3667,12.3833,Sachsen,SN,Kreisfreie Stadt Leipzig,14713.0,"(51.3667, 12.3833)",350720.2,426829.0,50340.6,399365.4,488162.2,177796.5,620774.9,354604.1,505910.1,494782.0,532884.1,387370.8,541370.6,264991.5,463480.7,260762.2
177,04109,51.342,12.375,Sachsen,SN,Kreisfreie Stadt Leipzig,14713.0,"(51.342, 12.375)",338217.9,413889.6,53049.4,386863.1,475659.9,180505.3,608272.6,342101.8,492970.7,481842.6,519944.8,374868.5,528431.2,252052.2,450541.4,247822.8
178,04129,51.3674,12.3909,Sachsen,SN,Kreisfreie Stadt Leipzig,14713.0,"(51.3674, 12.3909)",350702.5,426811.2,50322.8,399347.6,488144.4,177778.8,620757.1,354586.3,505892.3,494764.2,532866.4,387353.0,541352.8,264973.8,463463.0,260744.4
179,04155,51.3667,12.3833,Sachsen,SN,Kreisfreie Stadt Leipzig,14713.0,"(51.3667, 12.3833)",350720.2,426829.0,50340.6,399365.4,488162.2,177796.5,620774.9,354604.1,505910.1,494782.0,532884.1,387370.8,541370.6,264991.5,463480.7,260762.2
180,04157,51.3775,12.3599,Sachsen,SN,Kreisfreie Stadt Leipzig,14713.0,"(51.3775, 12.3599)",346212.1,422320.8,45832.4,394857.2,483654.0,173288.4,616266.7,350095.9,501401.9,490273.8,528376.0,382862.6,536862.4,260483.4,458972.6,256254.0
181,04158,51.4035,12.3418,Sachsen,SN,Kreisfreie Stadt Leipzig,14713.0,"(51.4035, 12.3418)",343825.0,419933.7,43445.4,392470.2,481267.0,170901.3,613879.7,347708.8,499014.8,487886.8,525988.9,380475.5,534475.3,258096.3,456585.5,253866.9
182,04159,51.3717,12.3321,Sachsen,SN,Kreisfreie Stadt Leipzig,14713.0,"(51.3717, 12.3321)",341275.5,417384.2,46441.8,389920.7,478717.5,173897.7,611330.2,345159.3,496465.3,485337.3,523439.4,377926.0,531925.8,255546.8,454036.0,251317.4
183,04177,51.3425,12.323,Sachsen,SN,Kreisfreie Stadt Leipzig,14713.0,"(51.3425, 12.323)",333023.5,409132.3,51097.9,381668.7,470465.5,178553.8,603078.2,336907.4,488213.3,477085.3,515187.4,369674.1,523673.8,247294.8,445784.0,243065.5
184,04178,51.3566,12.2643,Sachsen,SN,Kreisfreie Stadt Leipzig,14713.0,"(51.3566, 12.2643)",329520.3,405629.1,47594.7,378165.5,466962.3,175050.7,599575.0,333404.2,484710.2,473582.1,511684.2,366170.9,520170.7,243791.6,442280.8,239562.3
185,04179,51.329,12.3115,Sachsen,SN,Kreisfreie Stadt Leipzig,14713.0,"(51.329, 12.3115)",333743.3,409414.9,51205.3,382388.5,471185.2,178661.2,603797.9,337627.1,488496.0,477368.0,515470.1,370393.8,523956.5,247577.5,446066.7,243348.1
186,04205,51.3209,12.2793,Sachsen,SN,Kreisfreie Stadt Leipzig,14713.0,"(51.3209, 12.2793)",331875.2,407546.9,51052.8,380520.4,469317.2,178508.8,601929.9,335759.1,486627.9,475499.9,513602.0,368525.8,522088.5,245709.4,444198.6,241480.1
187,04207,51.312,12.3077,Sachsen,SN,Kreisfreie Stadt Leipzig,14713.0,"(51.312, 12.3077)",331350.4,407022.0,53547.6,379995.5,468792.3,181003.5,601405.0,335234.2,486103.1,474975.0,513077.2,368000.9,521563.6,245184.6,443673.8,240955.2
188,04209,51.3148,12.2912,Sachsen,SN,Kreisfreie Stadt Leipzig,14713.0,"(51.3148, 12.2912)",332727.4,408399.0,52368.3,381372.6,470169.4,179824.2,602782.1,336611.2,487480.1,476352.1,514454.2,369377.9,522940.6,246561.6,445050.8,242332.2
189,04229,51.3254,12.3341,Sachsen,SN,Kreisfreie Stadt Leipzig,14713.0,"(51.3254, 12.3341)",333806.6,409478.2,53142.1,382451.8,471248.6,180598.1,603861.3,337690.4,488559.3,477431.3,515533.4,370457.1,524019.8,247640.8,446130.0,243411.4
190,04249,51.3667,12.3833,Sachsen,SN,Kreisfreie Stadt Leipzig,14713.0,"(51.3667, 12.3833)",350720.2,426829.0,50340.6,399365.4,488162.2,177796.5,620774.9,354604.1,505910.1,494782.0,532884.1,387370.8,541370.6,264991.5,463480.7,260762.2
191,04275,51.3667,12.3833,Sachsen,SN,Kreisfreie Stadt Leipzig,14713.0,"(51.3667, 12.3833)",350720.2,426829.0,50340.6,399365.4,488162.2,177796.5,620774.9,354604.1,505910.1,494782.0,532884.1,387370.8,541370.6,264991.5,463480.7,260762.2
192,04277,51.3667,12.3833,Sachsen,SN,Kreisfreie Stadt Leipzig,14713.0,"(51.3667, 12.3833)",350720.2,426829.0,50340.6,399365.4,488162.2,177796.5,620774.9,354604.1,505910.1,494782.0,532884.1,387370.8,541370.6,264991.5,463480.7,260762.2
193,04279,51.3667,12.3833,Sachsen,SN,Kreisfreie Stadt Leipzig,14713.0,"(51.3667, 12.3833)",350720.2,426829.0,50340.6,399365.4,488162.2,177796.5,620774.9,354604.1,505910.1,494782.0,532884.1,387370.8,541370.6,264991.5,463480.7,260762.2
194,04288,51.3667,12.3833,Sachsen,SN,Kreisfreie Stadt Leipzig,14713.0,"(51.3667, 12.3833)",350720.2,426829.0,50340.6,399365.4,488162.2,177796.5,620774.9,354604.1,505910.1,494782.0,532884.1,387370.8,541370.6,264991.5,463480.7,260762.2
195,04289,51.3667,12.3833,Sachsen,SN,Kreisfreie Stadt Leipzig,14713.0,"(51.3667, 12.3833)",350720.2,426829.0,50340.6,399365.4,488162.2,177796.5,620774.9,354604.1,505910.1,494782.0,532884.1,387370.8,541370.6,264991.5,463480.7,260762.2
196,04299,51.3667,12.3833,Sachsen,SN,Kreisfreie Stadt Leipzig,14713.0,"(51.3667, 12.3833)",350720.2,426829.0,50340.6,399365.4,488162.2,177796.5,620774.9,354604.1,505910.1,494782.0,532884.1,387370.8,541370.6,264991.5,463480.7,260762.2
197,04315,51.3667,12.3833,Sachsen,SN,Kreisfreie Stadt Leipzig,14713.0,"(51.3667, 12.3833)",350720.2,426829.0,50340.6,399365.4,488162.2,177796.5,620774.9,354604.1,505910.1,494782.0,532884.1,387370.8,541370.6,264991.5,463480.7,260762.2
198,04316,51.3667,12.3833,Sachsen,SN,Kreisfreie Stadt Leipzig,14713.0,"(51.3667, 12.3833)",350720.2,426829.0,50340.6,399365.4,488162.2,177796.5,620774.9,354604.1,505910.1,494782.0,532884.1,387370.8,541370.6,264991.5,463480.7,260762.2
199,04317,51.3329,12.4047,Sachsen,SN,Kreisfreie Stadt Leipzig,14713.0,"(51.3329, 12.4047)",344711.3,420382.9,54932.6,393356.5,482153.3,182388.5,614766.0,348595.2,499464.0,488336.0,526438.1,381361.9,534924.5,258545.5,457034.7,254316.2
200,04318,51.3332,12.4195,Sachsen,SN,Kreisfreie Stadt Leipzig,14713.0,"(51.3332, 12.4195)",345786.8,421458.4,55419.6,394431.9,483228.7,182875.5,615841.4,349670.6,500539.5,489411.4,527513.6,382437.3,536000.0,259621.0,458110.2,255391.6
201,04319,51.3667,12.3833,Sachsen,SN,Kreisfreie Stadt Leipzig,14713.0,"(51.3667, 12.3833)",350720.2,426829.0,50340.6,399365.4,488162.2,177796.5,620774.9,354604.1,505910.1,494782.0,532884.1,387370.8,541370.6,264991.5,463480.7,260762.2
202,04328,51.348,12.4313,Sachsen,SN,Kreisfreie Stadt Leipzig,14713.0,"(51.348, 12.4313)",348969.5,424641.1,58363.4,397614.7,486411.5,185819.3,619024.2,352853.3,503722.2,492594.2,530696.3,385620.0,539182.7,262803.7,461292.9,258574.4
203,04329,51.3667,12.3833,Sachsen,SN,Kreisfreie Stadt Leipzig,14713.0,"(51.3667, 12.3833)",350720.2,426829.0,50340.6,399365.4,488162.2,177796.5,620774.9,354604.1,505910.1,494782.0,532884.1,387370.8,541370.6,264991.5,463480.7,260762.2
204,04347,51.3637,12.4312,Sachsen,SN,Kreisfreie Stadt Leipzig,14713.0,"(51.3637, 12.4312)",356080.4,432189.1,55700.7,404725.5,493522.3,183156.7,626135.0,359964.2,511270.2,500142.1,538244.3,392730.9,546730.7,270351.7,468840.9,266122.3
205,04349,51.3667,12.3833,Sachsen,SN,Kreisfreie Stadt Leipzig,14713.0,"(51.3667, 12.3833)",350720.2,426829.0,50340.6,399365.4,488162.2,177796.5,620774.9,354604.1,505910.1,494782.0,532884.1,387370.8,541370.6,264991.5,463480.7,260762.2
206,04356,51.3667,12.3833,Sachsen,SN,Kreisfreie Stadt Leipzig,14713.0,"(51.3667, 12.3833)",350720.2,426829.0,50340.6,399365.4,488162.2,177796.5,620774.9,354604.1,505910.1,494782.0,532884.1,387370.8,541370.6,264991.5,463480.7,260762.2
207,04357,51.3667,12.3833,Sachsen,SN,Kreisfreie Stadt Leipzig,14713.0,"(51.3667, 12.3833)",350720.2,426829.0,50340.6,399365.4,488162.2,177796.5,620774.9,354604.1,505910.1,494782.0,532884.1,387370.8,541370.6,264991.5,463480.7,260762.2
208,04416,51.2755,12.3691,Sachsen,SN,Landkreis Leipzig,14729.0,"(51.2755, 12.3691)",338124.9,413796.6,80637.6,386770.1,475566.9,208093.6,608179.6,342008.8,492877.6,481749.6,519851.7,374775.5,528338.2,251959.1,450448.3,247729.8
209,04420,51.3042,12.19605,Sachsen,SN,Landkreis Leipzig,14729.0,"(51.3042, 12.19605)",323150.9,399259.7,48930.7,371796.1,460592.9,176386.7,593205.6,327034.8,478340.8,467212.7,505314.9,359801.5,513801.3,237422.2,435911.4,233192.9
210,04425,51.3833,12.4833,Sachsen,SN,Landkreis Nordsachsen,14730.0,"(51.3833, 12.4833)",356174.1,435105.2,55794.5,404819.3,493616.1,183250.4,626228.8,360057.9,514186.3,503058.3,541160.4,392824.6,549646.8,273267.8,471757.0,269038.5
211,04435,51.3968,12.2214,Sachsen,SN,Landkreis Nordsachsen,14730.0,"(51.3968, 12.2214)",333255.6,409364.3,38969.6,381900.7,470697.5,166425.5,603310.2,337139.4,488445.4,477317.3,515419.5,369906.1,523905.9,247526.9,446016.1,243297.5
212,04442,51.2187,12.3301,Sachsen,SN,Landkreis Leipzig,14729.0,"(51.2187, 12.3301)",335352.6,411024.3,65582.5,383997.8,472794.6,193038.4,605407.3,339236.5,490105.4,478977.3,517079.4,372003.2,525565.9,249186.8,447676.0,244957.5
213,04451,51.35,12.5333,Sachsen,SN,Landkreis Leipzig,14729.0,"(51.35, 12.5333)",358759.8,434431.5,59408.6,407405.0,496201.8,186864.5,628814.5,362643.7,513512.6,502384.5,540486.6,395410.4,548973.1,272594.0,471083.2,268364.7
214,04463,51.2667,12.5,Sachsen,SN,Landkreis Leipzig,14729.0,"(51.2667, 12.5)",341716.9,417388.6,74001.6,390362.1,479158.9,201457.5,611771.6,345600.8,496469.7,485341.6,523443.7,378367.5,531930.2,255551.1,454040.3,251321.8
215,04509,51.50405555555555,12.352,Sachsen,SN,Landkreis Nordsachsen,14730.0,"(51.50405555555555, 12.352)",354672.7,410956.4,29022.2,403317.9,492114.7,161998.0,624727.4,358556.5,490037.4,478909.4,517011.5,391323.3,525497.9,249118.9,447608.1,244889.6
216,04519,51.4333,12.3833,Sachsen,SN,Landkreis Nordsachsen,14730.0,"(51.4333, 12.3833)",350209.1,426317.8,38602.5,398854.2,487651.0,177285.4,620263.7,354092.9,505398.9,494270.8,532373.0,386859.6,540859.4,264480.4,462969.6,260251.0
217,04523,51.15855,12.24235,Sachsen,SN,Landkreis Leipzig,14729.0,"(51.15855, 12.24235)",318877.9,413262.2,67820.4,369248.1,456319.8,195276.3,588932.5,322761.7,492343.3,481215.2,519317.4,355528.4,527803.8,251424.8,449914.0,247195.4
218,04539,51.1554,12.2828,Sachsen,SN,Landkreis Leipzig,14729.0,"(51.1554, 12.2828)",325225.6,415026.1,69584.3,373554.9,462667.5,197040.3,595280.2,329109.4,494107.2,482979.2,521081.3,361876.1,529567.7,253188.7,451677.9,248959.3
219,04552,51.116600000000005,12.488333333333337,Sachsen,SN,Landkreis Leipzig,14729.0,"(51.116600000000005, 12.488333333333337)",348869.8,428366.2,94523.3,379215.0,486311.8,221979.2,618924.5,334922.8,507447.2,496319.2,534421.3,380920.9,542907.8,266528.7,465017.9,262299.4
220,04564,51.2006,12.3862,Sachsen,SN,Landkreis Leipzig,14729.0,"(51.2006, 12.3862)",338442.7,414114.4,82340.0,387087.9,475884.7,209795.9,608497.4,347933.4,493195.5,482067.4,520169.6,375093.3,528656.0,252277.0,450766.2,248047.6
221,04565,51.0888,12.4384,Sachsen,SN,Landkreis Leipzig,14729.0,"(51.0888, 12.4384)",328472.0,426510.6,81068.8,376801.3,465913.9,208524.8,598526.6,312358.2,505591.7,494463.7,532565.8,358356.3,541052.2,264673.2,463162.4,260443.8
222,04567,51.1644,12.5526,Sachsen,SN,Landkreis Leipzig,14729.0,"(51.1644, 12.5526)",352463.8,425589.2,88479.8,398562.7,489905.8,215935.8,622518.5,338516.8,504670.2,493542.2,531644.3,384514.9,540130.8,263751.7,462240.9,259522.4
223,04571,51.1978,12.4145,Sachsen,SN,Landkreis Leipzig,14729.0,"(51.1978, 12.4145)",340206.1,415877.8,84103.4,388851.3,477648.1,211559.3,610260.8,344761.1,494958.9,483830.8,521932.9,376856.7,530419.4,254040.3,452529.5,249811.0
224,04575,51.1499,12.4109,Sachsen,SN,Landkreis Leipzig,14729.0,"(51.1499, 12.4109)",342336.7,418008.4,72566.6,390981.9,479778.7,200022.5,612391.4,341663.4,497089.4,485961.4,524063.5,378987.3,532550.0,256170.9,454660.1,251941.6
225,04600,50.9876,12.4368,Thüringen,TH,Altenburger Land,16077.0,"(50.9876, 12.4368)",311300.8,416919.6,110296.5,359630.1,448742.8,237752.4,581355.4,288270.0,496000.7,484872.6,522974.8,347951.3,515992.3,282302.0,453571.4,250349.1
226,04603,50.972825,12.4357,Thüringen,TH,Altenburger Land,16077.0,"(50.972825, 12.4357)",310306.1,418436.8,115968.1,361147.3,447748.1,243424.0,580360.8,296359.1,497517.9,486389.8,524492.0,342357.2,517509.5,287973.6,455088.6,251866.3
227,04610,51.05485,12.3527,Thüringen,TH,Altenburger Land,16077.0,"(51.05485, 12.3527)",315653.5,431475.0,86033.2,363982.8,453095.5,213489.1,585708.2,312071.0,510556.1,499428.0,537530.1,352304.1,520345.1,269637.5,468126.7,265408.2
228,04613,51.0973,12.3334,Thüringen,TH,Altenburger Land,16077.0,"(51.0973, 12.3334)",317491.9,427059.3,81617.6,365821.2,454933.9,209073.5,587546.6,300892.9,506140.4,495012.4,533114.5,354142.5,522183.5,265221.9,463711.1,260992.5
229,04617,51.014633333333336,12.36845,Thüringen,TH,Altenburger Land,16077.0,"(51.014633333333336, 12.36845)",317279.3,425318.1,90115.6,365608.6,454721.3,217571.5,587334.0,292467.1,504399.2,493271.1,531373.3,353929.9,521970.9,263480.7,461969.9,259251.3
230,04618,50.93514,12.58852,Thüringen,TH,Altenburger Land,16077.0,"(50.93514, 12.58852)",314024.0,436082.9,128866.4,378793.4,451465.9,256322.4,584078.6,300077.0,515164.0,504036.0,542138.1,346075.0,535155.7,300871.9,472734.7,269512.4
231,04626,50.89718666666667,12.301946666666668,Thüringen,TH,Altenburger Land,16077.0,"(50.89718666666667, 12.301946666666668)",297794.1,403412.9,116160.8,346123.4,435236.1,243616.7,567848.8,283057.9,482494.0,471366.0,509468.1,334444.7,502485.6,278146.2,440064.7,236842.4
232,04639,50.889,12.4329,Thüringen,TH,Altenburger Land,16077.0,"(50.889, 12.4329)",299962.7,415585.1,124126.3,358295.6,437404.7,251582.2,570017.4,286015.7,494666.2,483538.2,521640.3,332013.8,514657.9,290318.4,452236.9,249014.6
233,04643,51.0553,12.6967,Sachsen,SN,Landkreis Leipzig,14729.0,"(51.0553, 12.6967)",336286.8,445227.1,111384.2,400979.1,473728.8,238840.1,606341.5,322339.8,524308.2,513180.2,551282.3,368337.9,559768.7,283389.7,481878.9,279160.3
234,04651,51.1225,12.6389,Sachsen,SN,Landkreis Leipzig,14729.0,"(51.1225, 12.6389)",345632.4,437796.0,90353.7,390295.2,483074.4,217809.7,615687.1,331685.4,516877.1,505749.1,543851.2,377683.5,552337.6,275958.6,474447.8,271729.2
235,04654,51.0572,12.5575,Sachsen,SN,Landkreis Leipzig,14729.0,"(51.0572, 12.5575)",339238.2,436063.8,102220.9,378518.5,476680.2,229676.8,609292.9,325291.3,515144.9,504016.8,542118.9,371289.3,550605.4,274226.3,472715.5,269997.0
236,04668,51.21068333333333,12.723883333333331,Sachsen,SN,Landkreis Leipzig,14729.0,"(51.21068333333333, 12.723883333333331)",368221.7,443893.4,83204.7,416866.9,505663.7,210660.6,638276.4,345921.0,522974.5,511846.4,549948.5,404872.3,558435.0,282055.9,480545.1,277826.6
237,04680,51.13075,12.80985,Sachsen,SN,Landkreis Leipzig,14729.0,"(51.13075, 12.80985)",344755.7,455539.9,94851.2,409448.0,482197.7,222307.1,614810.4,330808.7,534621.0,523492.9,561595.0,376806.8,570081.5,293702.4,492191.6,289473.1
238,04683,51.2555,12.56915,Sachsen,SN,Landkreis Leipzig,14729.0,"(51.2555, 12.56915)",347070.8,422742.5,73464.7,395716.0,484512.8,200920.6,617125.5,350954.7,501823.6,490695.5,528797.6,383721.4,537284.1,260905.0,459394.2,256675.7
239,04687,51.2833,12.75,Sachsen,SN,Landkreis Leipzig,14729.0,"(51.2833, 12.75)",364982.2,440653.9,79965.2,413627.4,502424.2,207421.1,635036.9,368866.1,519735.0,508606.9,546709.0,401632.8,555195.5,278816.4,477305.6,274587.1
240,04703,51.15633333333333,12.941,Sachsen,SN,Landkreis Mittelsachsen,14522.0,"(51.15633333333333, 12.941)",345493.0,463755.9,103067.2,436729.4,482935.0,230523.1,615547.7,331546.0,542837.0,531708.9,569811.0,377544.1,578297.5,301918.4,500407.6,297689.1
241,04720,51.12993333333333,13.121216666666667,Sachsen,SN,Landkreis Mittelsachsen,14522.0,"(51.12993333333333, 13.121216666666667)",344628.0,472633.1,111944.4,431882.2,482070.0,239400.3,614682.7,330681.0,551714.2,540586.1,578688.2,376679.1,587174.7,310795.6,509284.8,306566.3
242,04736,51.0728,13.02,Sachsen,SN,Landkreis Mittelsachsen,14522.0,"(51.0728, 13.02)",340997.3,480622.5,119933.8,428251.5,478439.2,247389.8,611051.9,327050.3,559703.6,548575.5,586677.7,373048.3,584613.7,318785.1,517274.3,314555.7
243,04741,51.07415,13.1662,Sachsen,SN,Landkreis Mittelsachsen,14522.0,"(51.07415, 13.1662)",340491.2,480972.4,120283.7,427745.4,477933.2,247739.6,610545.8,326544.2,560053.4,548925.4,587027.5,372542.2,595514.0,319134.9,517624.1,314905.6
244,04746,51.0986,12.9739,Sachsen,SN,Landkreis Mittelsachsen,14522.0,"(51.0986, 12.9739)",339425.5,472331.0,111642.3,426679.7,476867.4,239098.2,609480.1,325478.5,551412.0,540284.0,578386.1,371476.5,586872.6,310493.5,508982.7,306264.2
245,04749,51.2,13.1667,Sachsen,SN,Landkreis Mittelsachsen,14522.0,"(51.2, 13.1667)",354996.2,475161.0,114472.3,448134.5,492438.2,241928.3,625050.9,341049.2,554242.1,543114.0,581216.2,387047.3,589702.6,313323.6,511812.8,309094.2
