,zipcode,lat,long,state,state_code,community_name,community_code,coor,AKB Kitzingen,AKB Dortmund,AKB Zörbig,AKB Schöneck,AKB Buch,Mosolf Etzin,Mosolf Kippenheim,BLG Kelheim,BLG Duisburg,BLG Neuss,Carservice Erkens,ARS Altmann Wolnzach,CAT Zülpich,Autohaus Siebrecht,Neu: FleetParQ Essen ,Neu: FleetParQ Kassel
1722,25578,53.872,9.53265,Schleswig-Holstein,SH,Kreis Steinburg,1061.0,"(53.872, 9.53265)",571736.9,389042.5,411566.0,549620.5,766667.4,333698.7,775503.4,765927.5,429840.5,453949.1,456814.6,798694.2,506154.0,332275.6,408976.4,365658.5
1723,25579,54.00045,9.75415,Schleswig-Holstein,SH,Kreis Steinburg,1061.0,"(54.00045, 9.75415)",580033.2,397338.8,419862.3,557916.8,774963.8,341687.4,783799.7,774223.8,438136.8,462245.5,465110.9,806990.5,514450.3,340572.0,417272.8,373954.9
1724,25581,54.0333,9.70835,Schleswig-Holstein,SH,Kreis Steinburg,1061.0,"(54.0333, 9.70835)",594564.3,411869.9,434393.4,572447.9,789494.9,351033.2,798330.9,788754.9,452668.0,476776.6,479642.0,821521.7,528981.4,355103.1,431803.9,388486.0
1725,25582,54.002925,9.51005,Schleswig-Holstein,SH,Kreis Steinburg,1061.0,"(54.002925, 9.51005)",583282.1,400587.7,423111.2,561165.7,778212.7,345244.0,787048.6,777472.7,441385.7,465494.4,468359.8,810239.4,517699.2,343820.9,420521.7,377203.8
1726,25584,54.04585,9.35405,Schleswig-Holstein,SH,Kreis Steinburg,1061.0,"(54.04585, 9.35405)",593615.9,410921.5,433445.0,571499.5,788546.4,355577.7,797382.4,787806.5,451719.5,475828.1,478693.6,820573.2,528033.0,354154.6,430855.4,387537.5
1727,25585,54.1583,9.4833,Schleswig-Holstein,SH,Kreis Rendsburg-Eckernförde,1058.0,"(54.1583, 9.4833)",603238.5,420544.1,443067.6,581122.1,798169.1,365200.4,807005.0,797429.1,461342.1,485450.8,488316.2,830195.8,537655.6,363777.3,440478.0,397160.1
1728,25587,53.9023,9.5412,Schleswig-Holstein,SH,Kreis Steinburg,1061.0,"(53.9023, 9.5412)",568333.6,385639.2,408162.7,546217.2,763264.2,330295.5,772100.1,762524.2,426437.2,450545.8,453411.3,795290.9,502750.7,328872.4,405573.1,362255.2
1729,25588,53.9784,9.4425,Schleswig-Holstein,SH,Kreis Steinburg,1061.0,"(53.9784, 9.4425)",581328.3,398633.9,421157.5,559211.9,776258.9,343290.2,785094.9,775519.0,439432.0,463540.6,466406.1,808285.7,515745.4,341867.1,418567.9,375250.0
1730,25590,54.1082,9.5744,Schleswig-Holstein,SH,Kreis Rendsburg-Eckernförde,1058.0,"(54.1082, 9.5744)",601345.6,418651.2,441174.7,579229.2,796276.2,361973.4,805112.1,795536.2,459449.2,483557.9,486423.3,828302.9,535762.7,361884.4,438585.1,395267.2
1731,25591,53.9711,9.5042,Schleswig-Holstein,SH,Kreis Steinburg,1061.0,"(53.9711, 9.5042)",578497.4,395803.0,418326.5,556381.0,773428.0,340459.3,782264.0,772688.1,436601.1,460709.7,463575.2,805454.8,512914.5,339036.2,415737.0,372419.1
1732,25593,54.05835,9.5583,Schleswig-Holstein,SH,Kreis Steinburg,1061.0,"(54.05835, 9.5583)",595366.4,412672.0,435195.5,573250.0,790297.0,357328.3,799132.9,789557.0,453470.0,477578.7,480444.1,822323.7,529783.5,355905.2,432606.0,389288.1
1733,25594,53.99096666666667,9.369733333333334,Schleswig-Holstein,SH,Kreis Steinburg,1061.0,"(53.99096666666667, 9.369733333333334)",587716.9,405022.5,427546.0,565600.5,782647.5,349678.8,791483.4,781907.5,445820.5,469929.2,472794.6,814674.2,522134.0,348255.7,424956.5,381638.6
1734,25596,54.029225,9.381,Schleswig-Holstein,SH,Kreis Steinburg,1061.0,"(54.029225, 9.381)",591718.5,409024.1,431547.6,569602.1,786649.1,353680.4,795485.0,785909.1,449822.1,473930.8,476796.2,818675.8,526135.6,352257.3,428958.0,385640.2
1735,25597,53.91218,9.6245,Schleswig-Holstein,SH,Kreis Steinburg,1061.0,"(53.91218, 9.6245)",574017.4,391323.0,413846.5,551901.0,768948.0,335979.3,777784.0,768208.1,432121.1,456229.7,459095.2,800974.8,508434.5,334556.2,411257.0,367939.1
1736,25599,53.85,9.4,Schleswig-Holstein,SH,Kreis Steinburg,1061.0,"(53.85, 9.4)",580432.2,397737.9,420261.4,558315.8,775362.8,342394.1,784198.8,774622.9,438535.9,462644.5,465510.0,807389.6,514849.3,340971.0,417671.8,374353.9
1737,25693,53.99355,9.0853,Schleswig-Holstein,SH,Kreis Dithmarschen,1051.0,"(53.99355, 9.0853)",607269.0,424574.6,447098.1,585152.6,802199.6,369230.9,811035.5,801459.6,465372.6,489481.3,492346.7,834226.3,541686.1,367807.8,444508.6,401190.7
1738,25704,54.093,9.079185714285714,Schleswig-Holstein,SH,Kreis Dithmarschen,1051.0,"(54.093, 9.079185714285714)",615820.4,433126.0,455649.5,593704.0,810751.0,377782.3,819586.9,810011.0,473924.0,498032.6,500898.1,842777.7,550237.5,376359.2,453059.9,409742.0
1739,25709,53.954483333333336,8.986916666666668,Schleswig-Holstein,SH,Kreis Dithmarschen,1051.0,"(53.954483333333336, 8.986916666666668)",612505.8,429811.4,452334.9,590389.4,807436.3,374467.6,816272.3,806696.4,470609.4,494718.0,497583.5,839463.1,546922.9,373044.5,449745.3,406427.4
1740,25712,54.00428571428571,9.230642857142856,Schleswig-Holstein,SH,Kreis Dithmarschen,1051.0,"(54.00428571428571, 9.230642857142856)",597027.1,414332.7,436856.2,574910.7,791957.6,358989.0,800793.6,791217.7,455130.7,479239.3,482104.8,823984.4,531444.2,357565.9,434266.6,390948.7
1741,25715,53.951625,9.13355,Schleswig-Holstein,SH,Kreis Dithmarschen,1051.0,"(53.951625, 9.13355)",600315.4,417621.0,440144.5,578199.0,795246.0,362277.3,804082.0,794506.0,458419.1,482527.7,485393.1,827272.7,534732.5,360854.2,437555.0,394237.1
1742,25718,54.0167,8.9167,Schleswig-Holstein,SH,Kreis Dithmarschen,1051.0,"(54.0167, 8.9167)",622424.4,439730.0,462253.5,600308.0,817355.0,384386.3,826191.0,816615.0,480528.1,504636.7,507502.1,849381.7,556841.5,382963.2,459664.0,416346.1
1743,25719,54.02895,9.04385,Schleswig-Holstein,SH,Kreis Dithmarschen,1051.0,"(54.02895, 9.04385)",623963.9,441269.5,463793.0,601847.5,818894.5,385925.8,827730.5,818154.6,482067.6,506176.2,509041.7,850921.3,558381.0,384502.7,461203.5,417885.6
1744,25721,54.05,9.2667,Schleswig-Holstein,SH,Kreis Dithmarschen,1051.0,"(54.05, 9.2667)",600803.4,418109.0,440632.5,578687.0,795734.0,362765.3,804570.0,794994.0,458907.1,483015.7,485881.1,827760.7,535220.5,361342.2,438043.0,394725.1
1745,25724,53.905566666666665,9.011133333333332,Schleswig-Holstein,SH,Kreis Dithmarschen,1051.0,"(53.905566666666665, 9.011133333333332)",607768.6,425074.2,447597.7,585652.2,802699.2,369730.5,811535.1,801959.2,465872.3,489980.9,492846.3,834725.9,542185.7,368307.4,445008.2,401690.3
1746,25725,54.09165,9.31665,Schleswig-Holstein,SH,Kreis Dithmarschen,1051.0,"(54.09165, 9.31665)",599425.7,416731.3,439254.8,577309.3,794356.3,361387.6,803192.3,793616.4,457529.4,481638.0,484503.5,826383.1,533842.8,359964.5,436665.3,393347.4
1747,25727,54.0498,9.1914,Schleswig-Holstein,SH,Kreis Dithmarschen,1051.0,"(54.0498, 9.1914)",605746.5,423052.1,445575.6,583630.1,800677.1,367708.4,809513.1,799937.2,463850.2,487958.8,490824.3,832703.9,540163.6,366285.3,442986.1,399668.2
1748,25729,54.05,9.1167,Schleswig-Holstein,SH,Kreis Dithmarschen,1051.0,"(54.05, 9.1167)",613734.7,431040.3,453563.8,591618.3,808665.3,375696.6,817501.2,807925.3,471838.4,495947.0,498812.4,840692.0,548151.8,374273.5,450974.3,407656.4
1749,25746,54.202,9.0776,Schleswig-Holstein,SH,Kreis Dithmarschen,1051.0,"(54.202, 9.0776)",621535.0,438840.6,461364.1,599418.6,816465.6,383496.9,825301.6,815725.6,479638.7,503747.3,506612.7,848492.3,555952.1,382073.8,458774.6,415456.7
1750,25761,54.15201666666667,8.873099999999999,Schleswig-Holstein,SH,Kreis Dithmarschen,1051.0,"(54.15201666666667, 8.873099999999999)",634241.8,451547.4,474070.9,612125.4,829172.4,396203.7,838008.3,828432.4,492345.5,516454.1,519319.5,861199.1,568658.9,394780.6,471481.4,428163.5
1751,25764,54.20459090909091,8.915272727272727,Schleswig-Holstein,SH,Kreis Dithmarschen,1051.0,"(54.20459090909091, 8.915272727272727)",632175.0,449480.6,472004.1,610058.6,827105.6,394136.9,835941.5,826365.6,490278.6,514387.3,517252.7,859132.3,566592.1,392713.8,469414.6,426096.7
1752,25767,54.155028571428566,9.303542857142856,Schleswig-Holstein,SH,Kreis Dithmarschen,1051.0,"(54.155028571428566, 9.303542857142856)",609024.6,426330.2,448853.7,586908.2,803955.2,370986.5,812791.2,803215.2,467128.3,491236.9,494102.3,835981.9,543441.7,369563.4,446264.2,402946.3
1753,25770,54.153,9.06375,Schleswig-Holstein,SH,Kreis Dithmarschen,1051.0,"(54.153, 9.06375)",621252.1,438557.7,461081.2,599135.7,816182.7,383214.0,825018.6,815442.7,479355.7,503464.4,506329.8,848209.4,555669.2,381790.9,458491.7,415173.8
1754,25774,54.309333333333335,9.00815,Schleswig-Holstein,SH,Kreis Dithmarschen,1051.0,"(54.309333333333335, 9.00815)",639911.7,457217.3,479740.8,617795.3,834842.3,401873.6,843678.3,834102.4,498015.4,522124.0,524989.5,866869.1,574328.8,400450.5,477151.3,433833.4
1755,25776,54.31346666666667,9.0616,Schleswig-Holstein,SH,Kreis Dithmarschen,1051.0,"(54.31346666666667, 9.0616)",639031.4,456337.0,478860.5,616915.0,833961.9,400993.2,842797.9,833222.0,497135.0,521243.6,524109.1,865988.7,573448.5,399570.1,476270.9,432953.0
1756,25779,54.274233333333335,9.158066666666668,Schleswig-Holstein,SH,Kreis Dithmarschen,1051.0,"(54.274233333333335, 9.158066666666668)",628776.1,446081.7,468605.2,606659.7,823706.7,390738.0,832542.6,822966.7,486879.7,510988.4,513853.8,855733.4,563193.2,389314.9,466015.7,422697.8
1757,25782,54.21835,9.275925,Schleswig-Holstein,SH,Kreis Dithmarschen,1051.0,"(54.21835, 9.275925)",616888.9,434194.5,456718.0,594772.5,811819.5,378850.8,820655.5,811079.5,474992.6,499101.2,501966.6,843846.2,551306.0,377427.7,454128.5,410810.6
1758,25785,54.14076666666667,9.1869,Schleswig-Holstein,SH,Kreis Dithmarschen,1051.0,"(54.14076666666667, 9.1869)",612027.1,429332.7,451856.2,589910.7,806957.7,373989.0,815793.7,806217.7,470130.8,494239.4,497104.8,838984.4,546444.2,372565.9,449266.7,405948.8
1759,25786,54.2333,9.3667,Schleswig-Holstein,SH,Kreis Dithmarschen,1051.0,"(54.2333, 9.3667)",622484.6,439790.2,462313.7,600368.2,817415.2,384446.5,826251.2,816675.2,480588.3,504696.9,507562.3,849441.9,556901.7,383023.4,459724.2,416406.3
1760,25788,54.2912,9.2473,Schleswig-Holstein,SH,Kreis Dithmarschen,1051.0,"(54.2912, 9.2473)",628453.6,445759.2,468282.7,606337.2,823384.2,390415.5,832220.1,822644.2,486557.2,510665.8,513531.3,855410.9,562870.7,388992.4,465693.1,422375.2
1761,25791,54.24165,9.1833,Schleswig-Holstein,SH,Kreis Dithmarschen,1051.0,"(54.24165, 9.1833)",629127.3,446432.9,468956.4,607010.9,824057.9,391089.2,832893.8,823317.9,487230.9,511339.6,514205.0,856084.6,563544.4,389666.1,466366.8,423048.9
1762,25792,54.2516,8.979099999999999,Schleswig-Holstein,SH,Kreis Dithmarschen,1051.0,"(54.2516, 8.979099999999999)",631616.7,448922.3,471445.8,609500.3,826547.3,393578.6,835383.2,825807.3,489720.3,513829.0,516694.4,858574.0,566033.8,392155.5,468856.3,425538.4
1763,25794,54.2642,9.3239,Schleswig-Holstein,SH,Kreis Dithmarschen,1051.0,"(54.2642, 9.3239)",622924.2,440229.8,462753.3,600807.8,817854.7,384886.0,826690.7,817114.8,481027.8,505136.4,508001.9,849881.5,557341.3,383462.9,460163.7,416845.8
1764,25795,54.2505,9.0705,Schleswig-Holstein,SH,Kreis Dithmarschen,1051.0,"(54.2505, 9.0705)",626733.8,444039.4,466562.9,604617.4,821664.4,388695.7,830500.4,820924.5,484837.5,508946.1,511811.5,853691.2,561150.9,387272.6,463973.4,420655.5
1765,25797,54.1667,9.0,Schleswig-Holstein,SH,Kreis Dithmarschen,1051.0,"(54.1667, 9.0)",625428.5,442734.1,465257.6,603312.1,820359.1,387390.4,829195.0,819619.1,483532.2,507640.8,510506.2,852385.8,559845.6,385967.3,462668.1,419350.2
1766,25799,54.2131,9.3821,Schleswig-Holstein,SH,Kreis Dithmarschen,1051.0,"(54.2131, 9.3821)",617603.1,434908.7,457432.2,595486.7,812533.7,379565.0,821369.7,811793.7,475706.8,499815.4,502680.8,844560.4,552020.2,378141.9,454842.7,411524.8
1767,25813,54.4577,9.0619,Schleswig-Holstein,SH,Kreis Nordfriesland,1054.0,"(54.4577, 9.0619)",655676.5,472982.1,495505.6,633560.1,850607.1,417638.4,859443.1,849867.2,513780.2,537888.8,540754.3,882633.9,590093.6,416215.3,492916.1,449598.2
1768,25821,54.605371428571424,8.985771428571429,Schleswig-Holstein,SH,Kreis Nordfriesland,1054.0,"(54.605371428571424, 8.985771428571429)",676287.9,493593.5,516117.0,654171.5,871218.5,438249.8,880054.5,870478.6,534391.6,558500.2,561365.7,903245.3,610705.0,436826.7,513527.5,470209.6
1769,25826,54.3036,8.6414,Schleswig-Holstein,SH,Kreis Nordfriesland,1054.0,"(54.3036, 8.6414)",656857.9,474163.5,496687.0,634741.5,851788.5,418819.8,860624.5,851048.6,514961.6,539070.2,541935.7,883815.3,591275.0,417396.7,494097.5,450779.6
1770,25832,54.32605,8.9234,Schleswig-Holstein,SH,Kreis Nordfriesland,1054.0,"(54.32605, 8.9234)",640120.0,457425.7,479949.2,618003.6,835050.6,402081.9,843886.6,834310.7,498223.7,522332.3,525197.8,867077.4,574537.2,400658.8,477359.6,434041.7
1771,25836,54.3277625,8.784525,Schleswig-Holstein,SH,Kreis Nordfriesland,1054.0,"(54.3277625, 8.784525)",650316.6,467622.2,490145.7,628200.2,845247.1,412278.4,854083.1,844507.2,508420.2,532528.8,535394.3,877273.9,584733.7,410855.3,487556.1,444238.2
1772,25840,54.3795,9.0767,Schleswig-Holstein,SH,Kreis Nordfriesland,1054.0,"(54.3795, 9.0767)",651139.8,468445.4,490968.9,629023.4,846070.4,413101.7,854906.3,845330.4,509243.4,533352.1,536217.5,878097.1,585556.9,411678.6,488379.3,445061.4
1773,25842,54.679175,8.929175,Schleswig-Holstein,SH,Kreis Nordfriesland,1054.0,"(54.679175, 8.929175)",698899.3,516204.9,538728.4,676782.9,893829.9,455368.2,902665.8,893089.9,557002.9,581111.6,583977.0,925856.6,633316.4,459438.1,536138.9,492821.0
1774,25845,54.50675,8.885100000000001,Schleswig-Holstein,SH,Kreis Nordfriesland,1054.0,"(54.50675, 8.885100000000001)",674265.1,491570.8,514094.3,652148.8,869195.7,436227.0,878031.7,868455.8,532368.8,556477.4,559342.9,901222.5,608682.3,434803.9,511504.7,468186.8
1775,25849,54.5161,8.6451,Schleswig-Holstein,SH,Kreis Nordfriesland,1054.0,"(54.5161, 8.6451)",694990.9,512296.5,534820.0,672874.5,889921.5,456952.8,898757.5,889181.6,553094.6,577203.2,580068.7,921948.3,629408.0,455529.7,532230.5,488912.6
1776,25850,54.5667,9.2417,Schleswig-Holstein,SH,Kreis Nordfriesland,1054.0,"(54.5667, 9.2417)",663382.8,480688.4,503211.9,641266.4,858313.3,419851.7,867149.3,857573.4,521486.4,545595.0,548460.5,890340.1,597799.9,423921.5,500622.3,457304.4
1777,25852,54.6333,8.9333,Schleswig-Holstein,SH,Kreis Nordfriesland,1054.0,"(54.6333, 8.9333)",681200.7,498506.3,521029.8,659084.3,876131.3,460949.8,884967.2,875391.3,539304.3,563412.9,566278.4,908158.0,615617.8,441739.5,518440.2,475122.3
1778,25853,54.594433333333335,9.055566666666667,Schleswig-Holstein,SH,Kreis Nordfriesland,1054.0,"(54.594433333333335, 9.055566666666667)",675800.3,493105.9,515629.4,653683.9,870730.9,435371.5,879566.8,869990.9,533903.9,558012.6,560878.0,902757.6,610217.4,436339.1,513039.9,469722.0
1779,25855,54.6,9.1833,Schleswig-Holstein,SH,Kreis Nordfriesland,1054.0,"(54.6, 9.1833)",679732.4,497038.0,519561.5,657616.0,874663.0,436201.3,883499.0,873923.0,537836.1,561944.7,564810.1,906689.7,614149.5,440271.2,516972.0,473654.1
1780,25856,54.53886666666667,9.0111,Schleswig-Holstein,SH,Kreis Nordfriesland,1054.0,"(54.53886666666667, 9.0111)",668339.8,485645.4,508168.9,646223.4,863270.4,430301.7,872106.3,862530.4,526443.4,550552.1,553417.5,895297.1,602756.9,428878.6,505579.3,462261.4
1781,25858,54.65,9.0667,Schleswig-Holstein,SH,Kreis Nordfriesland,1054.0,"(54.65, 9.0667)",690851.8,508157.4,530680.9,668735.4,885782.3,447320.7,894618.3,885042.4,548955.4,573064.0,575929.5,917809.1,625268.9,451390.5,528091.3,484773.4
1782,25859,54.57,8.5481,Schleswig-Holstein,SH,Kreis Nordfriesland,1054.0,"(54.57, 8.5481)",731106.0,548411.6,570935.1,708989.6,926036.6,487574.9,934872.6,925296.6,589209.7,613318.3,616183.7,958063.3,665523.1,491644.8,568345.6,525027.7
1783,25860,54.5305,9.088833333333334,Schleswig-Holstein,SH,Kreis Nordfriesland,1054.0,"(54.5305, 9.088833333333334)",665835.9,483141.5,505665.0,643719.5,860766.4,427797.8,869602.4,860026.5,523939.5,548048.1,550913.6,892793.2,600253.0,426374.7,503075.4,459757.5
1784,25862,54.658325000000005,9.12915,Schleswig-Holstein,SH,Kreis Nordfriesland,1054.0,"(54.658325000000005, 9.12915)",686168.9,503474.5,525998.0,664052.5,881099.5,442637.8,889935.4,880359.5,544272.5,568381.2,571246.6,913126.2,620586.0,446707.7,523408.5,480090.6
1785,25863,54.6333,8.6333,Schleswig-Holstein,SH,Kreis Nordfriesland,1054.0,"(54.6333, 8.6333)",734019.4,551325.0,573848.5,711903.0,928949.9,490488.3,937785.9,928210.0,592123.0,616231.6,619097.1,960976.7,668436.5,494558.1,571258.9,527941.0
1786,25864,54.6216,9.1726,Schleswig-Holstein,SH,Kreis Nordfriesland,1054.0,"(54.6216, 9.1726)",681933.8,499239.4,521762.9,659817.4,876864.4,438402.7,885700.3,876124.4,540037.4,564146.1,567011.5,908891.1,616350.9,442472.6,519173.4,475855.5
1787,25866,54.4667,9.1,Schleswig-Holstein,SH,Kreis Nordfriesland,1054.0,"(54.4667, 9.1)",659688.8,476994.4,499517.9,637572.4,854619.4,421650.7,863455.3,853879.4,517792.4,541901.1,544766.5,886646.1,594105.9,420227.6,496928.4,453610.5
1788,25867,,,,,,,"(nan, nan)",0.0,0.0,0.0,0.0,0.0,0.0,0.0,0.0,0.0,0.0,0.0,0.0,0.0,0.0,0.0,0.0
1789,25869,54.6333,8.7167,Schleswig-Holstein,SH,Kreis Nordfriesland,1054.0,"(54.6333, 8.7167)",709876.7,527182.3,549705.8,687760.3,904807.3,466345.6,913643.3,904067.3,567980.4,592089.0,594954.4,936834.0,644293.8,470415.5,547116.3,503798.4
1790,25870,54.38815,8.9184,Schleswig-Holstein,SH,Kreis Nordfriesland,1054.0,"(54.38815, 8.9184)",648222.0,465527.6,488051.1,626105.6,843152.6,410183.9,851988.5,842412.6,506325.6,530434.3,533299.7,875179.3,582639.1,408760.8,485461.5,442143.7
1791,25872,54.46535,9.21715,Schleswig-Holstein,SH,Kreis Nordfriesland,1054.0,"(54.46535, 9.21715)",664910.1,482215.7,504739.2,642793.7,859840.7,421379.0,868676.6,859100.7,523013.7,547122.4,549987.8,891867.4,599327.2,425448.9,502149.6,458831.7
1792,25873,54.44370000000001,9.149,Schleswig-Holstein,SH,Kreis Nordfriesland,1054.0,"(54.44370000000001, 9.149)",660500.5,477806.1,500329.6,638384.1,855431.1,422462.4,864267.1,854691.2,518604.2,542712.8,545578.3,887457.9,594917.6,421039.3,497740.1,454422.2
1793,25876,54.39568333333333,9.200016666666668,Schleswig-Holstein,SH,Kreis Nordfriesland,1054.0,"(54.39568333333333, 9.200016666666668)",645554.2,462859.9,485383.4,623437.8,840484.8,407516.1,849320.8,839744.9,503657.9,527766.5,530632.0,872511.6,579971.3,406093.0,482793.8,439475.9
1794,25878,54.36115,9.16225,Schleswig-Holstein,SH,Kreis Nordfriesland,1054.0,"(54.36115, 9.16225)",642306.9,459612.5,482136.0,620190.5,837237.5,404268.8,846073.5,836497.5,500410.6,524519.2,527384.6,869264.2,576724.0,402845.7,479546.5,436228.6
1795,25879,54.35,9.2167,Schleswig-Holstein,SH,Kreis Schleswig-Flensburg,1059.0,"(54.35, 9.2167)",639011.4,456317.0,478840.5,616895.0,833942.0,400973.3,842777.9,833202.0,497115.0,521223.6,524089.1,865968.7,573428.5,399550.2,476250.9,432933.0
1796,25881,54.360025,8.700625,Schleswig-Holstein,SH,Kreis Nordfriesland,1054.0,"(54.360025, 8.700625)",657616.5,474922.1,497445.6,635500.1,852547.1,419578.4,861383.0,851807.1,515720.1,539828.7,542694.2,884573.8,592033.6,418155.3,494856.0,451538.1
1797,25882,54.3521,8.8279,Schleswig-Holstein,SH,Kreis Nordfriesland,1054.0,"(54.3521, 8.8279)",648666.5,465972.1,488495.6,626550.1,843597.1,410628.4,852433.0,842857.1,506770.1,530878.8,533744.2,875623.8,583083.6,409205.3,485906.0,442588.1
1798,25884,54.5883,9.163966666666669,Schleswig-Holstein,SH,Kreis Nordfriesland,1054.0,"(54.5883, 9.163966666666669)",670695.2,488000.9,510524.4,648578.8,865625.8,427164.2,874461.8,864885.9,528798.9,552907.5,555773.0,897652.6,605112.4,431234.0,507934.8,464616.9
1799,25885,54.48942,9.22452,Schleswig-Holstein,SH,Kreis Nordfriesland,1054.0,"(54.48942, 9.22452)",661003.0,478308.6,500832.2,638886.6,855933.6,417472.0,864769.6,855193.7,519106.7,543215.3,546080.8,887960.4,595420.1,421541.8,498242.6,454924.7
1800,25887,54.4333,9.2,Schleswig-Holstein,SH,Kreis Nordfriesland,1054.0,"(54.4333, 9.2)",650432.4,467738.0,490261.5,628316.0,845362.9,424820.2,854198.9,844623.0,508536.0,532644.6,535510.1,877389.7,584849.5,410971.1,487671.9,444354.0
1801,25889,54.40765,8.9536,Schleswig-Holstein,SH,Kreis Nordfriesland,1054.0,"(54.40765, 8.9536)",650915.1,468220.7,490744.2,628798.7,845845.7,412877.0,854681.6,845105.7,509018.7,533127.4,535992.8,877872.4,585332.2,411453.9,488154.7,444836.8
1802,25899,54.77720000000001,8.80834,Schleswig-Holstein,SH,Kreis Nordfriesland,1054.0,"(54.77720000000001, 8.80834)",710101.1,527406.7,549930.2,687984.7,905031.7,466570.0,913867.6,904291.7,568204.7,592313.4,595178.8,937058.4,644518.2,470639.9,547340.7,504022.8
1803,25917,54.770633333333336,9.007516666666666,Schleswig-Holstein,SH,Kreis Nordfriesland,1054.0,"(54.770633333333336, 9.007516666666666)",694936.7,512242.3,534765.8,672820.3,889867.3,451405.6,898703.3,889127.4,553040.4,577149.0,580014.4,921894.1,629353.8,455475.5,532176.3,488858.4
