,zipcode,lat,long,state,state_code,community_name,community_code,coor,AKB Kitzingen,AKB Dortmund,AKB Zörbig,AKB Schöneck,AKB Buch,Mosolf Etzin,Mosolf Kippenheim,BLG Kelheim,BLG Duisburg,BLG Neuss,Carservice Erkens,ARS Altmann Wolnzach,CAT Zülpich,Autohaus Siebrecht,Neu: FleetParQ Essen ,Neu: FleetParQ Kassel
8093,99089,50.9968,11.0079,Thüringen,TH,"Erfurt, Stadt",16051.0,"(50.9968, 11.0079)",206583.2,323279.5,143084.8,265990.0,401513.8,279809.3,491872.9,334508.9,402360.6,391232.5,429334.7,354643.9,422352.2,161964.6,359931.3,156709.0
8094,99090,,,,,,,"(nan, nan)",0.0,0.0,0.0,0.0,0.0,0.0,0.0,0.0,0.0,0.0,0.0,0.0,0.0,0.0,0.0,0.0
8095,99091,51.0143,10.9929,Thüringen,TH,"Erfurt, Stadt",16051.0,"(51.0143, 10.9929)",204199.6,320895.8,144305.9,263606.3,399130.2,281030.4,489489.3,344567.4,399976.9,388848.9,426951.0,352260.3,419968.6,159580.9,357547.6,154325.3
8096,99092,50.973,10.9787,Thüringen,TH,"Erfurt, Stadt",16051.0,"(50.973, 10.9787)",195456.3,312152.5,156168.4,254863.0,390386.9,307372.2,480746.0,335824.1,391233.6,380105.6,418207.7,343517.0,411225.2,165725.4,348804.3,145582.0
8097,99094,50.9833,11.0333,Thüringen,TH,"Erfurt, Stadt",16051.0,"(50.9833, 11.0333)",199231.0,315725.3,142505.6,258435.8,394161.6,292730.5,484318.7,331662.8,394806.4,383678.3,421780.4,364429.5,414798.0,164937.0,352377.0,149154.7
8098,99095,,,,,,,"(nan, nan)",0.0,0.0,0.0,0.0,0.0,0.0,0.0,0.0,0.0,0.0,0.0,0.0,0.0,0.0,0.0,0.0
8099,99096,50.9643,11.041,Thüringen,TH,"Erfurt, Stadt",16051.0,"(50.9643, 11.041)",197095.6,313589.8,164148.1,256300.3,392026.2,291604.0,482183.3,330536.3,392670.9,381542.9,419645.0,345156.3,412662.6,167578.4,350241.6,147019.3
8100,99097,50.9833,11.0333,Thüringen,TH,"Erfurt, Stadt",16051.0,"(50.9833, 11.0333)",199231.0,315725.3,142505.6,258435.8,394161.6,292730.5,484318.7,331662.8,394806.4,383678.3,421780.4,364429.5,414798.0,164937.0,352377.0,149154.7
8101,99098,50.9833,11.0333,Thüringen,TH,"Erfurt, Stadt",16051.0,"(50.9833, 11.0333)",199231.0,315725.3,142505.6,258435.8,394161.6,292730.5,484318.7,331662.8,394806.4,383678.3,421780.4,364429.5,414798.0,164937.0,352377.0,149154.7
8102,99099,50.9751,11.0637,Thüringen,TH,"Erfurt, Stadt",16051.0,"(50.9751, 11.0637)",199494.6,315988.8,145634.2,258699.3,394425.2,290724.5,484582.3,329656.8,395069.9,383941.9,422044.0,362423.5,415061.6,167824.2,352640.6,149418.3
8103,99100,51.04315,10.842916666666667,Thüringen,TH,Landkreis Gotha,16067.0,"(51.04315, 10.842916666666667)",214177.3,297044.7,152579.1,239755.2,409107.9,289303.6,465638.1,354545.1,376125.8,364997.7,403099.8,362238.0,396117.4,148256.6,333696.4,130474.2
8104,99102,50.9091,11.0954,Thüringen,TH,Weimarer Land,16071.0,"(50.9091, 11.0954)",195908.4,312402.6,173075.4,255113.1,390839.0,300531.3,480996.0,339463.6,391483.7,380355.6,418457.8,343969.1,411475.3,187693.6,349054.4,145832.1
8105,99189,51.0799,10.940342857142856,Thüringen,TH,Landkreis Sömmerda,16068.0,"(51.0799, 10.940342857142856)",212865.6,300833.4,151267.4,243543.9,407796.2,287991.9,469426.8,353233.4,379914.5,368786.4,406888.6,360926.3,399906.1,152425.3,337485.2,134262.9
8106,99192,50.9303,10.89496,Thüringen,TH,Landkreis Gotha,16067.0,"(50.9303, 10.89496)",198370.3,300043.5,158413.0,242754.0,393300.9,310286.2,468636.9,338738.1,379124.6,367996.5,406098.7,346431.0,399116.2,162276.8,336695.3,133473.0
8107,99195,51.08434285714286,11.089714285714283,Thüringen,TH,Landkreis Sömmerda,16068.0,"(51.08434285714286, 11.089714285714283)",214504.7,331200.9,131851.4,273911.4,409435.3,268576.0,499794.4,343512.2,410282.0,399154.0,437256.1,362565.4,430273.7,206224.4,367852.7,164630.4
8108,99198,51.02332,11.14332,Thüringen,TH,Landkreis Sömmerda,16068.0,"(51.02332, 11.14332)",220011.5,330369.6,145913.9,273080.1,414942.1,291452.8,498963.0,330385.1,409450.7,398322.6,436424.8,363151.8,429442.3,220286.9,367021.4,163799.1
8109,99310,50.8332,11.0161375,Thüringen,TH,Ilm-Kreis,16070.0,"(50.8332, 11.0161375)",176705.2,311616.6,181231.2,254327.1,371635.8,308687.1,465258.3,317073.0,390697.7,379569.6,417671.8,324765.9,410689.3,186907.6,348268.4,145046.1
8110,99326,50.75465,11.08295,Thüringen,TH,Ilm-Kreis,16070.0,"(50.75465, 11.08295)",178394.2,330794.3,183041.7,273504.8,373324.8,310497.6,466947.3,318762.0,409875.4,398747.3,436849.4,326454.9,429867.0,206085.2,367446.0,164223.7
8111,99330,50.76415,10.80525,Thüringen,TH,Landkreis Gotha,16067.0,"(50.76415, 10.80525)",159744.1,302007.1,209021.6,244717.6,354674.7,336477.6,448297.2,300112.0,381088.2,369960.1,408062.3,307804.8,401079.8,177298.1,338658.9,135436.6
8112,99331,,,,,,,"(nan, nan)",0.0,0.0,0.0,0.0,0.0,0.0,0.0,0.0,0.0,0.0,0.0,0.0,0.0,0.0,0.0,0.0
8113,99334,50.873775,11.046675,Thüringen,TH,Ilm-Kreis,16070.0,"(50.873775, 11.046675)",183454.9,313742.8,174415.6,256453.3,378385.5,301871.5,482336.2,323822.7,392823.9,381695.8,419798.0,331515.6,412815.5,189033.8,350394.6,147172.3
8114,99338,50.769575,10.874925,Thüringen,TH,Ilm-Kreis,16070.0,"(50.769575, 10.874925)",161005.4,310599.8,192573.2,224231.6,355936.0,320029.2,449558.4,301373.2,389680.9,378552.9,416655.0,309066.1,409672.5,185890.8,347251.6,144029.3
8115,99423,50.9804,11.3263,Thüringen,TH,"Weimar, Stadt",16055.0,"(50.9804, 11.3263)",215422.2,331916.4,149337.8,274626.9,410352.8,276793.7,500509.8,315726.0,410997.5,399869.4,437971.6,348492.7,430989.1,207207.4,368568.2,165345.9
8116,99425,50.9833,11.3167,Thüringen,TH,"Weimar, Stadt",16055.0,"(50.9833, 11.3167)",214144.1,330638.3,149021.4,273348.8,409074.6,276477.4,499231.7,315409.7,409719.4,398591.3,436693.4,348176.4,429711.0,205929.3,367290.0,164067.7
8117,99427,50.9867,11.3156,Thüringen,TH,"Weimar, Stadt",16055.0,"(50.9867, 11.3156)",214370.0,330864.2,149407.5,273574.7,409300.6,276863.5,499457.6,315795.7,409945.3,398817.2,436919.4,348562.4,429936.9,206155.2,367516.0,164293.7
8118,99428,50.9807375,11.2256,Thüringen,TH,Weimarer Land,16071.0,"(50.9807375, 11.2256)",209855.5,326349.7,151274.9,269060.2,404786.1,278730.8,494943.2,317663.1,405430.8,394302.8,432404.9,350429.8,425422.5,201640.7,363001.5,159779.2
8119,99438,50.916825,11.2835125,Thüringen,TH,Weimarer Land,16071.0,"(50.916825, 11.2835125)",213493.7,329987.9,147867.6,272698.4,408424.3,275323.5,498581.3,314255.8,409069.0,397940.9,436043.1,347022.5,429060.6,205278.9,366639.7,163417.4
8120,99439,51.05514705882353,11.300076470588236,Thüringen,TH,Weimarer Land,16071.0,"(51.05514705882353, 11.300076470588236)",222107.8,338602.0,141286.7,281312.5,417038.4,290983.0,507195.4,329915.3,417683.1,406555.0,444657.2,362682.0,437674.7,215659.6,375253.8,172031.5
8121,99441,50.93956153846154,11.43233846153846,Thüringen,TH,Weimarer Land,16071.0,"(50.93956153846154, 11.43233846153846)",219840.1,336334.3,140203.7,279044.8,414770.7,267659.6,504927.7,306591.9,415415.4,404287.3,442389.5,339358.6,435407.0,211625.3,372986.1,169763.8
8122,99444,50.8599,11.3439,Thüringen,TH,Weimarer Land,16071.0,"(50.8599, 11.3439)",199143.0,332715.3,142801.1,275425.8,394073.6,270257.0,501308.7,309189.3,411796.4,400668.3,438770.4,341956.0,431788.0,208006.2,369367.0,166144.7
8123,99448,50.86105,11.1939,Thüringen,TH,Weimarer Land,16071.0,"(50.86105, 11.1939)",188604.1,324416.2,166759.5,267126.7,383534.7,294215.4,493009.6,333147.7,403497.3,392369.2,430471.4,365914.4,423488.9,199707.2,361068.0,157845.7
8124,99510,51.05019411764706,11.481576470588235,Thüringen,TH,Weimarer Land,16071.0,"(51.05019411764706, 11.481576470588235)",235863.0,352357.2,119602.6,295067.7,430793.6,247058.6,520950.6,322614.8,431438.3,420310.3,458412.4,355381.5,451429.9,222951.4,389009.0,185786.7
8125,99518,51.08568888888889,11.59128888888889,Thüringen,TH,Weimarer Land,16071.0,"(51.08568888888889, 11.59128888888889)",243636.8,360131.0,109642.2,302841.5,437182.7,237098.2,528724.4,303624.6,439212.1,428084.0,466186.2,336391.3,459203.7,229036.7,396782.8,193560.5
8126,99610,51.1369,11.197333333333331,Thüringen,TH,Landkreis Sömmerda,16068.0,"(51.1369, 11.197333333333331)",230198.0,358658.7,122448.3,289604.8,425128.6,259172.8,515487.7,355121.9,437739.8,426611.7,464713.9,387888.6,445967.0,196821.3,395310.5,192591.9
8127,99625,51.1962,11.261233333333331,Thüringen,TH,Landkreis Sömmerda,16068.0,"(51.1962, 11.261233333333331)",234281.1,355172.8,118962.4,293687.8,429211.6,255686.9,519570.7,359205.0,434253.9,423125.8,461227.9,391971.7,450050.0,193335.3,391824.5,189106.0
8128,99628,51.135525,11.3937,Thüringen,TH,Landkreis Sömmerda,16068.0,"(51.135525, 11.3937)",235981.1,368154.6,108033.8,295185.8,430911.7,250399.0,521068.7,330410.3,447235.7,436107.6,474209.8,363177.0,451548.0,206317.2,404806.4,202087.8
8129,99631,51.21283333333333,11.049833333333334,Thüringen,TH,Landkreis Sömmerda,16068.0,"(51.21283333333333, 11.049833333333334)",232830.7,322109.2,123979.0,263509.0,427761.3,260703.5,489392.0,360814.9,401190.3,390062.3,428164.4,380891.4,436650.8,160271.8,358761.0,156042.4
8130,99634,51.15694,10.96306,Thüringen,TH,Landkreis Sömmerda,16068.0,"(51.15694, 10.96306)",222661.0,323764.8,130713.4,253339.3,417591.6,267437.9,479222.3,363028.9,402845.9,391717.8,429820.0,370721.7,409701.6,161927.4,360416.6,157698.0
8131,99636,51.1875,11.3768,Thüringen,TH,Landkreis Sömmerda,16068.0,"(51.1875, 11.3768)",244643.5,361769.7,105046.5,304050.2,439574.0,250707.9,529933.1,338708.2,440850.8,429722.8,467824.9,371474.9,460412.4,199932.3,398421.5,195702.9
8132,99638,51.25048,11.10522,Thüringen,TH,Landkreis Sömmerda,16068.0,"(51.25048, 11.10522)",237270.7,326090.3,114456.6,267949.0,432201.3,251181.1,493831.9,364889.6,405171.4,394043.3,432145.4,385331.4,424311.2,164252.8,362742.0,160023.5
8133,99706,51.3697,10.8701,Thüringen,TH,Kyffhäuserkreis,16065.0,"(51.3697, 10.8701)",252716.8,294061.9,121814.1,259502.2,447647.4,258538.6,485385.1,393084.6,373143.0,362014.9,400117.1,400777.5,408603.5,132224.5,330713.7,127995.1
8134,99707,51.3571625,11.01465,Thüringen,TH,Kyffhäuserkreis,16065.0,"(51.3571625, 11.01465)",267459.5,308066.6,113283.9,273949.2,462390.1,250008.4,499832.1,392383.4,387147.7,376019.7,414121.8,425150.1,422608.2,146229.2,344718.4,141999.8
8135,99713,51.27903,10.74739,Thüringen,TH,Kyffhäuserkreis,16065.0,"(51.27903, 10.74739)",219035.9,285243.2,149602.6,244243.3,413966.5,286327.2,470126.2,359403.7,364324.3,353196.3,391298.4,367096.6,399784.8,123405.8,321895.0,119176.5
8136,99718,51.25608888888889,10.942344444444444,Thüringen,TH,Kyffhäuserkreis,16065.0,"(51.25608888888889, 10.942344444444444)",234412.2,312323.8,129669.3,265090.5,429342.8,266393.8,490973.5,374780.1,391404.9,380276.9,418379.0,382472.9,426865.4,150486.4,348975.6,146257.0
8137,99734,51.5018,10.7957,Thüringen,TH,Landkreis Nordhausen,16062.0,"(51.5018, 10.7957)",269822.7,279200.8,122671.0,297095.9,464753.3,259395.5,522978.9,416424.4,358281.9,347153.8,385256.0,449191.1,393742.4,117363.4,315852.6,113134.0
8138,99735,51.46645555555556,10.697477777777776,Thüringen,TH,Landkreis Nordhausen,16062.0,"(51.46645555555556, 10.697477777777776)",309687.3,269675.8,131064.9,287570.9,504617.9,267789.4,513453.9,424818.3,348756.9,337628.8,375731.0,457585.0,384217.4,107838.4,306327.6,103609.0
8139,99752,51.45934,10.56948,Thüringen,TH,Landkreis Nordhausen,16062.0,"(51.45934, 10.56948)",304891.3,264879.7,144380.1,282774.9,499821.8,281104.6,508657.8,438133.4,343960.8,332832.8,370934.9,470900.1,379421.3,103042.3,301531.5,98812.9
8140,99755,51.53775,10.62145,Thüringen,TH,Landkreis Nordhausen,16062.0,"(51.53775, 10.62145)",324293.9,284282.3,139423.0,302177.5,519224.5,276147.5,528060.4,433176.3,363363.4,352235.4,390337.5,465943.0,398823.9,92183.6,320934.1,118215.6
8141,99759,51.408925,10.58815,Thüringen,TH,Landkreis Nordhausen,16062.0,"(51.408925, 10.58815)",305295.8,265284.3,145196.5,283179.4,500226.4,281921.0,509062.4,438949.9,344365.4,333237.3,371339.5,471716.6,379825.9,103446.9,301936.1,99217.5
8142,99765,51.449357142857146,10.893671428571428,Thüringen,TH,Landkreis Nordhausen,16062.0,"(51.449357142857146, 10.893671428571428)",271181.4,287334.0,120836.3,305229.1,466112.0,257560.8,531112.1,414589.7,366415.1,355287.0,393389.2,447356.4,401875.6,125496.6,323985.8,121267.2
8143,99768,51.5757,10.7847,Thüringen,TH,Landkreis Nordhausen,16062.0,"(51.5757, 10.7847)",279208.6,288002.3,132335.1,305897.5,474139.2,260499.4,531780.4,426088.5,367083.4,355955.4,394057.5,458855.2,402543.9,126164.9,324654.1,121935.5
8144,99817,50.9807,10.3152,Thüringen,TH,Wartburgkreis,16063.0,"(50.9807, 10.3152)",178439.3,249834.9,223050.7,192545.4,373369.9,350506.6,418428.4,349477.6,328916.0,317788.0,355890.1,357170.4,348907.6,125125.9,286486.7,83264.4
8145,99819,50.93292,10.27716,Thüringen,TH,Wartburgkreis,16063.0,"(50.93292, 10.27716)",171710.0,277507.7,232477.3,186432.4,366640.6,359933.3,412315.3,339453.6,356588.8,332873.0,383562.9,347146.4,342794.6,129076.7,314159.5,87215.1
8146,99820,51.0217,10.5101,Thüringen,TH,Wartburgkreis,16063.0,"(51.0217, 10.5101)",227817.6,262990.7,222485.8,205701.2,422748.2,349941.7,431584.2,348912.6,342071.8,330943.8,369045.9,356605.5,362063.5,138281.7,299642.5,96420.2
8147,99826,51.085075,10.3350375,Thüringen,TH,Wartburgkreis,16063.0,"(51.085075, 10.3350375)",223994.6,244940.7,232578.8,201878.2,418925.2,360034.7,427761.2,359005.7,324021.8,312893.8,350995.9,366698.5,358240.5,113300.9,281592.5,78370.2
8148,99830,51.1369,10.2336,Thüringen,TH,Wartburgkreis,16063.0,"(51.1369, 10.2336)",228068.7,235702.2,244258.1,205952.3,422999.2,371714.0,431835.2,370685.0,314783.3,303655.3,341757.4,378377.8,362314.5,100324.9,272354.0,69131.7
8149,99831,51.0598,10.2154,Thüringen,TH,Wartburgkreis,16063.0,"(51.0598, 10.2154)",217452.2,233050.3,233641.6,195335.8,412382.8,361097.5,421218.7,360068.5,312131.4,301003.3,339105.4,367761.4,351698.0,108341.3,269702.0,66479.8
8150,99834,50.968875,10.1423,Thüringen,TH,Wartburgkreis,16063.0,"(50.968875, 10.1423)",197842.5,266801.5,241510.6,175726.1,392773.1,368966.5,401609.1,351127.6,345882.6,322166.8,372856.6,358820.5,332088.4,118370.4,303453.2,76508.9
8151,99837,50.93205,10.0271,Thüringen,TH,Wartburgkreis,16063.0,"(50.93205, 10.0271)",188393.9,257352.9,253877.7,166277.6,383324.5,381333.6,392160.5,394153.9,336434.0,312718.2,363408.1,401846.8,322639.8,116546.2,294004.6,74684.7
8152,99842,50.893,10.3657,Thüringen,TH,Wartburgkreis,16063.0,"(50.893, 10.3657)",166824.9,263855.5,222236.0,206566.0,361755.4,349691.9,432448.9,334568.4,342936.6,331808.5,369910.6,342261.3,362928.2,139146.4,300507.2,97284.9
8153,99846,50.9167,10.4167,Thüringen,TH,Wartburgkreis,16063.0,"(50.9167, 10.4167)",173090.6,261651.6,212389.5,204362.1,368021.1,339845.4,430245.1,338816.4,340732.7,329604.7,367706.8,346509.2,360724.4,136942.6,298303.4,95081.1
8154,99848,50.96275,10.4051,Thüringen,TH,Wartburgkreis,16063.0,"(50.96275, 10.4051)",176256.3,255350.5,213888.6,198061.0,371186.8,341344.5,423943.9,340315.4,334431.6,323303.5,361405.6,348008.3,354423.2,130641.5,292002.2,88779.9
8155,99867,50.9482,10.7019,Thüringen,TH,Landkreis Gotha,16067.0,"(50.9482, 10.7019)",177840.4,280801.5,192247.4,223512.0,372771.0,319703.3,449394.9,318208.3,359882.6,348754.5,386856.7,325901.1,379874.2,146599.2,317453.3,114231.0
8156,99869,50.96799642857143,10.706303571428572,Thüringen,TH,Landkreis Gotha,16067.0,"(50.96799642857143, 10.706303571428572)",179449.6,282104.6,193856.6,224815.1,374380.2,321312.5,450698.0,319817.4,361185.7,350057.6,388159.7,327510.3,381177.3,145055.1,318756.3,115534.0
8157,99880,50.93042,10.58577,Thüringen,TH,Landkreis Gotha,16067.0,"(50.93042, 10.58577)",191251.8,272756.1,205192.7,215466.6,386182.4,332648.7,441349.5,331619.6,351837.2,340709.2,378811.3,339312.5,371828.8,148047.1,309407.9,106185.6
8158,99885,50.8068,10.748833333333332,Thüringen,TH,Landkreis Gotha,16067.0,"(50.8068, 10.748833333333332)",161882.3,295198.3,198440.8,237908.8,356812.9,325896.7,450435.3,302250.1,374279.4,363151.3,401253.4,309943.0,394271.0,170489.3,331850.0,128627.7
8159,99887,50.84146,10.68992,Thüringen,TH,Landkreis Gotha,16067.0,"(50.84146, 10.68992)",165332.1,290729.3,193971.8,233439.8,360262.7,321427.8,459322.8,305699.9,369810.4,358682.4,396784.5,313392.8,389802.1,166020.3,327381.1,124158.8
8160,99891,50.8854,10.459,Thüringen,TH,Landkreis Gotha,16067.0,"(50.8854, 10.459)",170918.6,272544.7,209249.1,215255.2,365849.2,336705.1,441138.1,338662.2,351625.8,340497.7,378599.8,346355.0,371617.4,147835.7,309196.4,105974.1
8161,99894,50.85230000000001,10.591633333333332,Thüringen,TH,Landkreis Gotha,16067.0,"(50.85230000000001, 10.591633333333332)",173478.9,281934.9,200122.8,224645.4,368409.5,327578.7,450528.3,313846.8,361016.0,349887.9,387990.1,321539.6,381007.6,157225.9,318586.7,115364.4
8162,99897,50.7925,10.6157,Thüringen,TH,Landkreis Gotha,16067.0,"(50.7925, 10.6157)",159024.9,291943.0,202367.3,234653.5,353955.5,329823.2,460536.4,313862.2,371024.1,359896.0,397998.2,321555.0,391015.7,167234.0,328594.8,125372.5
8163,99947,51.15702727272728,10.638018181818182,Thüringen,TH,Unstrut-Hainich-Kreis,16064.0,"(51.15702727272728, 10.638018181818182)",205677.9,288934.6,180961.6,229159.4,400608.5,317686.1,455042.4,346045.7,368015.7,356887.6,394989.8,353738.6,385521.7,127097.2,325586.4,122867.8
8164,99955,51.17313636363636,10.802,Thüringen,TH,Unstrut-Hainich-Kreis,16064.0,"(51.17313636363636, 10.802)",229782.1,300895.7,143116.3,238229.0,424712.6,279840.8,464111.9,370149.9,379976.8,368848.7,406950.9,377842.7,394591.2,139058.3,337547.5,134828.9
8165,99958,51.09585,10.7583,Thüringen,TH,Landkreis Gotha,16067.0,"(51.09585, 10.7583)",228688.8,287861.5,167090.6,230572.0,423619.4,303815.1,456454.9,369056.7,366942.6,355814.6,393916.7,376749.5,386934.2,139453.4,324513.3,121291.0
8166,99974,51.236450000000005,10.45,Thüringen,TH,Unstrut-Hainich-Kreis,16064.0,"(51.236450000000005, 10.45)",248858.2,266714.6,174760.2,226741.8,443788.8,311484.7,452624.7,360187.2,345795.7,334667.6,372769.7,367880.1,381256.2,104877.1,303366.3,100647.8
8167,99976,51.24778333333333,10.328933333333334,Thüringen,TH,Unstrut-Hainich-Kreis,16064.0,"(51.24778333333333, 10.328933333333334)",256331.7,262557.5,181452.1,234215.3,451262.3,318176.6,460098.2,368394.1,341638.6,330510.5,368612.6,376087.0,377099.1,100720.0,299209.2,96490.7
8168,99986,51.14403333333333,10.440516666666666,Thüringen,TH,Unstrut-Hainich-Kreis,16064.0,"(51.14403333333333, 10.440516666666666)",240300.1,277960.4,181498.1,218183.7,435230.7,318222.6,444066.6,355912.0,357041.5,345913.4,384015.5,363604.9,374545.9,116122.9,314612.1,90851.6
8169,99988,51.1729,10.29045,Thüringen,TH,Unstrut-Hainich-Kreis,16064.0,"(51.1729, 10.29045)",236530.0,238432.6,193896.6,214413.6,431460.6,330621.2,440296.6,371541.1,317513.7,306385.6,344487.8,379233.9,352974.2,99709.5,275084.4,71862.1
8170,99991,51.14846666666667,10.5533,Thüringen,TH,Unstrut-Hainich-Kreis,16064.0,"(51.14846666666667, 10.5533)",206039.6,281053.1,181323.3,229521.1,400970.1,318047.8,455404.1,346407.4,360134.2,349006.2,387108.3,354100.2,385883.3,119215.7,317704.9,114986.3
8171,99994,51.23985,10.67085,Thüringen,TH,Unstrut-Hainich-Kreis,16064.0,"(51.23985, 10.67085)",214849.2,281926.4,158080.5,240056.5,409779.7,294805.0,465939.5,355217.0,361007.5,349879.4,387981.6,362909.8,396468.0,120089.0,318578.2,115859.6
8172,99996,51.2888,10.58035,Thüringen,TH,Unstrut-Hainich-Kreis,16064.0,"(51.2888, 10.58035)",224226.0,271339.6,164183.6,239278.7,419156.6,300908.1,465161.6,364593.8,350420.7,339292.6,377394.8,372286.7,385881.2,109502.2,307991.4,105272.8
8173,99998,51.2125,10.5625,Thüringen,TH,Unstrut-Hainich-Kreis,16064.0,"(51.2125, 10.5625)",224273.8,278282.1,169000.3,232369.0,419204.4,305724.8,458251.9,364641.6,357363.2,346235.2,384337.3,372334.5,392823.7,116444.7,314933.9,112215.3
