,zipcode,lat,long,state,state_code,community_name,community_code,coor,AKB Kitzingen,AKB Dortmund,AKB Zörbig,AKB Schöneck,AKB Buch,Mosolf Etzin,Mosolf Kippenheim,BLG Kelheim,BLG Duisburg,BLG Neuss,Carservice Erkens,ARS Altmann Wolnzach,CAT Zülpich,Autohaus Siebrecht,Neu: FleetParQ Essen ,Neu: FleetParQ Kassel
3034,42279,51.3077,7.2522,Nordrhein-Westfalen,NW,"Wuppertal, Stadt",5124.0,"(51.3077, 7.2522)",364790.2,43382.0,423926.5,213171.3,559720.8,492461.5,445699.8,567627.5,65112.0,45942.8,98252.5,575320.3,97035.1,201001.8,42105.4,191206.6
3035,42281,51.2878,7.194,Nordrhein-Westfalen,NW,"Wuppertal, Stadt",5124.0,"(51.2878, 7.194)",361627.9,50716.7,431261.2,258043.5,556558.5,499796.2,442537.5,564465.2,60566.2,41397.0,93706.7,572158.0,94237.4,208336.5,49440.1,198541.3
3036,42283,51.2699,7.1838,Nordrhein-Westfalen,NW,"Wuppertal, Stadt",5124.0,"(51.2699, 7.1838)",361627.2,50715.9,431260.5,258042.8,556557.8,499795.4,442536.8,564464.5,60565.4,41396.2,93706.0,572157.3,94236.7,208335.8,49439.4,198540.6
3037,42285,51.259,7.1695,Nordrhein-Westfalen,NW,"Wuppertal, Stadt",5124.0,"(51.259, 7.1695)",359334.2,52106.3,432650.9,255749.7,554264.8,501185.8,440243.8,562171.4,58272.4,39103.2,91412.9,569864.3,91943.7,209726.2,41639.2,199931.0
3038,42287,51.2432,7.2066,Nordrhein-Westfalen,NW,"Wuppertal, Stadt",5124.0,"(51.2432, 7.2066)",356865.1,58472.9,438605.6,253280.6,551795.7,507140.5,437774.7,559702.3,58973.3,39804.1,92113.8,567395.2,89110.0,215680.9,44407.9,205885.7
3039,42289,51.2667,7.1833,Nordrhein-Westfalen,NW,"Wuppertal, Stadt",5124.0,"(51.2667, 7.1833)",361379.7,50468.4,431013.0,257795.3,556310.3,499547.9,442289.3,564217.0,60317.9,41148.8,93458.5,571909.8,93989.2,208088.3,49191.9,198293.1
3040,42327,51.2424,7.06,Nordrhein-Westfalen,NW,"Wuppertal, Stadt",5124.0,"(51.2424, 7.06)",357057.5,59629.9,440174.4,253473.0,551988.0,508709.4,437967.0,559894.7,44026.4,36826.5,77166.9,567587.6,89666.9,217249.7,35959.3,207454.6
3041,42329,51.2221,7.0639,Nordrhein-Westfalen,NW,"Wuppertal, Stadt",5124.0,"(51.2221, 7.0639)",349358.1,60143.5,440688.1,245773.7,544288.7,509223.0,430267.7,552195.4,48296.3,29127.2,81436.9,559888.2,81967.6,217763.4,37736.5,207968.2
3042,42349,51.216,7.1418,Nordrhein-Westfalen,NW,"Wuppertal, Stadt",5124.0,"(51.216, 7.1418)",357248.0,64053.5,443824.9,253663.6,552178.6,512359.8,438157.6,560085.2,56186.2,37017.0,89326.8,567778.1,89857.5,220900.2,41620.8,211105.0
3043,42369,51.2298,7.202,Nordrhein-Westfalen,NW,"Wuppertal, Stadt",5124.0,"(51.2298, 7.202)",355392.9,55615.2,435747.8,251808.4,550323.5,504282.8,436302.5,558230.1,60142.5,40973.3,93283.0,565923.0,87637.8,212823.1,54338.6,203027.9
3044,42389,51.2732,7.235,Nordrhein-Westfalen,NW,"Wuppertal, Stadt",5124.0,"(51.2732, 7.235)",356848.8,47316.1,427448.7,209730.1,551779.4,495983.7,437758.4,559686.0,63209.5,44040.4,96350.1,567378.9,89093.7,204524.0,46039.5,194728.8
3045,42399,51.2667,7.1833,Nordrhein-Westfalen,NW,"Wuppertal, Stadt",5124.0,"(51.2667, 7.1833)",361379.7,50468.4,431013.0,257795.3,556310.3,499547.9,442289.3,564217.0,60317.9,41148.8,93458.5,571909.8,93989.2,208088.3,49191.9,198293.1
3046,42477,51.2022,7.3603,Nordrhein-Westfalen,NW,Oberbergischer Kreis,5374.0,"(51.2022, 7.3603)",319722.7,66468.2,446600.8,195397.0,514653.3,515135.8,420986.5,522559.9,90566.1,71668.7,123706.6,530252.8,87817.7,223676.1,65191.6,213880.9
3047,42489,51.282,7.0382,Nordrhein-Westfalen,NW,Mettmann,5158.0,"(51.282, 7.0382)",362043.2,66014.6,446559.1,258458.8,556973.8,515094.1,442952.8,564880.5,37763.9,41812.3,70904.4,572573.3,94652.7,223634.4,30433.8,213839.2
3048,42499,51.1498,7.3447,Nordrhein-Westfalen,NW,Oberbergischer Kreis,5374.0,"(51.1498, 7.3447)",319245.5,69113.3,449245.9,194919.8,514176.1,517780.8,420509.4,522082.8,86678.5,67781.1,119819.0,529775.6,83930.2,226321.2,67836.7,216526.0
3049,42549,51.3336,7.027,Nordrhein-Westfalen,NW,Mettmann,5158.0,"(51.3336, 7.027)",366604.5,53509.8,451120.4,263020.0,561535.1,519655.3,447514.1,569441.7,37922.3,34260.7,71062.8,577134.6,99213.9,228195.7,24092.5,218400.5
3050,42551,51.3434,7.0594,Nordrhein-Westfalen,NW,Mettmann,5158.0,"(51.3434, 7.0594)",363705.0,52524.5,448220.9,260120.5,558635.6,516755.8,444614.6,566542.2,42323.2,43474.0,75463.7,574235.1,96314.5,225296.2,23107.2,215501.0
3051,42553,51.3005,7.0914,Nordrhein-Westfalen,NW,Mettmann,5158.0,"(51.3005, 7.0914)",361813.6,58295.6,438840.2,258229.1,556744.2,507375.1,442723.2,564650.8,49714.6,41582.6,82855.1,572343.7,94423.1,215915.5,30498.6,206120.3
3052,42555,51.3515,7.1302,Nordrhein-Westfalen,NW,Mettmann,5158.0,"(51.3515, 7.1302)",367646.8,41672.7,439914.7,264062.4,562577.4,508449.6,448556.4,570484.1,48583.7,47415.8,75378.3,578176.9,100256.3,216990.0,24376.5,207194.8
3053,42579,51.3266,6.9711,Nordrhein-Westfalen,NW,Mettmann,5158.0,"(51.3266, 6.9711)",360813.3,56391.2,456231.6,257228.9,555743.9,523892.6,441722.9,563650.5,29914.3,30534.5,63054.8,571343.4,93422.8,233306.9,26973.8,223511.7
3054,42651,51.1728,7.094,Nordrhein-Westfalen,NW,"Solingen, Stadt",5122.0,"(51.1728, 7.094)",341378.8,67440.8,447985.4,237794.4,536309.4,516520.3,422288.4,544216.1,52307.7,33138.5,85448.2,551909.0,73988.3,225060.7,45008.1,215265.5
3055,42653,51.1878,7.0785,Nordrhein-Westfalen,NW,"Solingen, Stadt",5122.0,"(51.1878, 7.0785)",342284.4,64142.3,444686.9,238699.9,537215.0,513221.8,423194.0,545121.6,49815.5,30646.3,82956.1,552814.5,74893.8,221762.1,41735.3,211967.0
3056,42655,51.176,7.0653,Nordrhein-Westfalen,NW,"Solingen, Stadt",5122.0,"(51.176, 7.0653)",340022.9,68221.6,448766.2,236438.5,534953.5,517301.1,420932.5,542860.2,55514.6,33303.4,88655.2,550553.0,72632.4,225841.5,45788.9,216046.3
3057,42657,51.1532,7.0595,Nordrhein-Westfalen,NW,"Solingen, Stadt",5122.0,"(51.1532, 7.0595)",337867.8,70016.5,450561.1,234283.4,532798.4,519096.0,418777.4,540705.1,53359.5,34462.2,86500.1,548397.9,70477.3,227636.4,59888.8,217841.2
3058,42659,51.1595,7.1036,Nordrhein-Westfalen,NW,"Solingen, Stadt",5122.0,"(51.1595, 7.1036)",341109.3,69524.2,450068.8,237524.9,536039.9,518603.7,422018.9,543946.6,56601.0,35078.0,89741.6,551639.4,73718.8,227144.1,47091.5,217348.9
3059,42697,51.1611,7.0016,Nordrhein-Westfalen,NW,"Solingen, Stadt",5122.0,"(51.1611, 7.0016)",336537.2,70724.5,451269.1,232952.7,531467.8,519804.0,417446.8,539374.4,46711.1,25735.2,79851.6,547067.3,69146.7,228344.4,53240.4,218549.2
3060,42699,51.156,7.0152,Nordrhein-Westfalen,NW,"Solingen, Stadt",5122.0,"(51.156, 7.0152)",336238.8,72763.8,453308.3,232654.4,531169.4,521843.3,417148.4,539076.0,51730.5,27668.4,84871.1,546768.9,68848.3,230383.6,58259.8,220588.5
3061,42719,51.1825,7.0454,Nordrhein-Westfalen,NW,"Solingen, Stadt",5122.0,"(51.1825, 7.0454)",340455.5,68020.6,448565.2,236871.0,535386.1,517100.1,421365.1,543292.7,47586.1,28416.9,80726.6,550985.6,73065.0,225640.5,45613.6,215845.3
3062,42781,51.1938,7.0133,Nordrhein-Westfalen,NW,Mettmann,5158.0,"(51.1938, 7.0133)",344883.8,65107.5,445652.1,241299.4,539814.4,514187.0,425793.4,547721.1,43822.0,24652.8,76962.6,555413.9,77493.3,222727.4,42700.5,212932.2
3063,42799,51.1063,7.0187,Nordrhein-Westfalen,NW,Rheinisch-Bergischer Kreis,5378.0,"(51.1063, 7.0187)",330297.7,84287.1,464831.7,226713.3,525228.3,533366.6,411207.3,533134.9,51641.3,32743.9,84781.8,540827.8,65236.5,241907.0,58170.6,232111.8
3064,42853,51.1802,7.1872,Nordrhein-Westfalen,NW,"Remscheid, Stadt",5120.0,"(51.1802, 7.1872)",349337.2,61941.3,442073.9,245752.8,544267.8,510608.9,430246.8,552174.4,61903.7,42734.5,95044.3,559867.3,81582.1,219149.2,60664.7,209354.0
3065,42855,51.1807,7.2066,Nordrhein-Westfalen,NW,"Remscheid, Stadt",5120.0,"(51.1807, 7.2066)",348170.1,60774.2,440906.8,244585.7,543100.7,509441.8,429079.7,551007.4,63123.0,43953.8,96263.5,558700.2,80415.0,217982.1,59497.6,208187.0
3066,42857,51.1775,7.1661,Nordrhein-Westfalen,NW,"Remscheid, Stadt",5120.0,"(51.1775, 7.1661)",351086.5,63690.6,443823.2,247502.0,546017.1,512358.1,431996.1,553923.7,64408.7,45239.5,97549.2,561616.6,83331.4,220898.5,47930.6,211103.3
3067,42859,51.1833,7.2,Nordrhein-Westfalen,NW,"Remscheid, Stadt",5120.0,"(51.1833, 7.2)",348632.6,61236.7,441369.4,245048.2,543563.2,509904.3,429542.2,551469.9,62964.7,43795.5,96105.2,559162.7,80877.5,218444.6,59960.2,208649.5
3068,42897,51.1833,7.2556,Nordrhein-Westfalen,NW,"Remscheid, Stadt",5120.0,"(51.1833, 7.2556)",346679.7,59763.3,439896.0,203848.7,541610.3,508430.9,427589.2,549516.9,81672.9,62775.6,114813.4,557209.8,78924.6,216971.2,58486.8,207176.1
3069,42899,51.2201,7.2407,Nordrhein-Westfalen,NW,"Remscheid, Stadt",5120.0,"(51.2201, 7.2407)",349815.1,53278.4,433411.1,246230.6,544745.6,501946.0,430724.6,552652.3,63727.2,44558.0,96867.7,560345.2,82060.0,210486.4,52001.9,200691.2
3070,42929,51.1397,7.2158,Nordrhein-Westfalen,NW,Rheinisch-Bergischer Kreis,5378.0,"(51.1397, 7.2158)",340623.9,65576.3,445708.9,237039.5,535554.5,514243.8,421533.5,543461.2,75617.2,56719.8,108757.7,551154.1,72868.9,222784.2,64299.7,212989.0
3071,44135,51.5125,7.477,Nordrhein-Westfalen,NW,"Dortmund, Stadt",5913.0,"(51.5125, 7.477)",347932.2,2246.7,398158.5,223606.5,542862.8,467217.5,449196.0,573624.3,65263.6,76519.4,92237.7,581317.1,129803.7,175233.8,34424.7,165438.7
3072,44137,51.5097,7.4601,Nordrhein-Westfalen,NW,"Dortmund, Stadt",5913.0,"(51.5097, 7.4601)",347792.2,3227.3,398496.8,223466.5,542722.8,468198.1,449056.1,573962.5,64022.9,75278.7,90996.9,581655.4,130737.0,175572.1,33184.0,165776.9
3073,44139,51.4995,7.4717,Nordrhein-Westfalen,NW,"Dortmund, Stadt",5913.0,"(51.4995, 7.4717)",346717.7,3817.9,397255.6,222392.0,541648.3,469547.4,447981.5,572721.3,64127.8,75383.6,91101.9,580414.2,128589.2,174330.9,33288.9,164535.7
3074,44141,51.5044,7.4998,Nordrhein-Westfalen,NW,"Dortmund, Stadt",5913.0,"(51.5044, 7.4998)",364930.9,7697.9,395225.1,223900.6,559861.5,467517.0,449490.2,570690.9,66538.5,77794.4,93512.6,578383.7,129783.9,172300.4,35699.7,162505.3
3075,44143,51.5208,7.5184,Nordrhein-Westfalen,NW,"Dortmund, Stadt",5913.0,"(51.5208, 7.5184)",364880.4,4716.6,395174.6,225163.4,559810.9,464933.4,450753.0,570640.3,80102.9,84458.2,107077.0,578333.2,131046.7,172249.9,37878.1,162454.7
3076,44145,51.529,7.4802,Nordrhein-Westfalen,NW,"Dortmund, Stadt",5913.0,"(51.529, 7.4802)",370009.1,0.0,429463.9,225545.9,564939.7,465995.4,451135.5,575769.1,71285.5,78457.2,98259.6,583462.0,131743.2,177378.7,36362.5,167583.5
3077,44147,51.5198,7.4378,Nordrhein-Westfalen,NW,"Dortmund, Stadt",5913.0,"(51.5198, 7.4378)",356872.7,4254.8,400798.8,232546.9,551803.2,467345.2,458136.5,576264.5,68396.2,75567.9,95370.3,583957.3,131026.1,177874.0,33473.1,168078.9
3078,44149,51.5005,7.4063,Nordrhein-Westfalen,NW,"Dortmund, Stadt",5913.0,"(51.5005, 7.4063)",352397.5,9097.2,414387.8,228071.8,547328.1,479730.9,453661.4,589853.5,59609.4,70865.3,86583.5,597546.4,126323.5,191463.1,28770.5,181667.9
3079,44225,51.4759,7.4434,Nordrhein-Westfalen,NW,"Dortmund, Stadt",5913.0,"(51.4759, 7.4434)",345261.1,7897.7,407251.4,220935.4,540191.7,475786.3,446525.0,582717.1,64409.3,75665.2,91383.4,590410.0,127132.6,184326.7,33570.5,174531.5
3080,44227,51.444,7.4546,Nordrhein-Westfalen,NW,"Dortmund, Stadt",5913.0,"(51.444, 7.4546)",345773.4,11811.3,407763.7,221447.6,540704.0,476298.6,447037.2,583229.4,68473.1,69897.0,95447.2,590922.3,116485.6,184838.9,37634.2,175043.8
3081,44229,51.4455,7.4642,Nordrhein-Westfalen,NW,"Dortmund, Stadt",5913.0,"(51.4455, 7.4642)",346710.1,12748.0,408700.3,222384.3,541640.6,477235.3,447973.9,584166.1,69409.8,71301.4,96383.9,591858.9,117890.0,185775.6,38570.9,175980.4
3082,44263,51.4847,7.4996,Nordrhein-Westfalen,NW,"Dortmund, Stadt",5913.0,"(51.4847, 7.4996)",344672.4,6707.9,398641.5,220346.6,539603.0,470767.6,445936.2,574107.2,67397.1,79955.3,94371.2,581800.1,126543.8,175716.8,36558.2,165921.6
3083,44265,51.461,7.4837,Nordrhein-Westfalen,NW,"Dortmund, Stadt",5913.0,"(51.461, 7.4837)",341265.1,13915.4,403255.3,216939.3,536195.6,471790.3,442528.9,578721.1,68416.9,76548.0,95391.0,586413.9,123136.5,180330.6,37578.1,170535.4
3084,44267,51.469,7.5154,Nordrhein-Westfalen,NW,"Dortmund, Stadt",5913.0,"(51.469, 7.5154)",345272.7,11897.3,399590.2,220946.9,540203.2,468871.1,446536.5,575055.9,72424.5,80555.6,99398.6,582748.8,127144.1,176665.5,41585.7,166870.3
3085,44269,51.4856,7.5366,Nordrhein-Westfalen,NW,"Dortmund, Stadt",5913.0,"(51.4856, 7.5366)",364528.4,10995.4,394822.7,220645.7,559459.0,463696.1,446235.3,570288.4,85983.9,79940.5,112958.0,577981.3,126529.0,171898.0,40471.0,162102.8
3086,44287,51.4996,7.5495,Nordrhein-Westfalen,NW,"Dortmund, Stadt",5913.0,"(51.4996, 7.5495)",363011.7,9750.2,393305.9,221913.4,557942.3,462179.4,447502.9,568771.7,84738.8,81208.1,111712.8,576464.5,127796.7,170381.2,39037.8,160586.1
3087,44289,51.5161,7.4683,Nordrhein-Westfalen,NW,"Dortmund, Stadt",5913.0,"(51.5161, 7.4683)",348628.8,2247.6,398595.0,224303.0,543559.4,467218.4,449892.6,574060.7,70821.6,76926.0,97795.7,581753.6,130500.2,175670.3,34831.2,165875.1
3088,44309,51.5251,7.5475,Nordrhein-Westfalen,NW,"Dortmund, Stadt",5913.0,"(51.5251, 7.5475)",363212.2,6722.5,393506.5,226313.4,558142.8,462379.9,451903.0,568972.2,81311.8,85608.2,108285.9,576665.1,132196.7,170581.8,40472.9,160786.6
3089,44319,51.5301,7.5972,Nordrhein-Westfalen,NW,"Dortmund, Stadt",5913.0,"(51.5301, 7.5972)",361467.6,10248.6,391761.8,233723.1,556398.2,459279.1,459312.7,567227.6,84837.9,93017.8,111812.0,574920.4,139606.4,168837.1,43218.5,159041.9
3090,44328,51.553,7.5385,Nordrhein-Westfalen,NW,"Dortmund, Stadt",5913.0,"(51.553, 7.5385)",366618.3,7237.3,422304.0,228923.9,561548.9,458835.5,454513.4,572378.3,78370.2,88218.6,105344.3,580071.2,134807.2,173987.9,45424.4,164192.7
3091,44329,51.5161,7.4683,Nordrhein-Westfalen,NW,"Dortmund, Stadt",5913.0,"(51.5161, 7.4683)",348628.8,2247.6,398595.0,224303.0,543559.4,467218.4,449892.6,574060.7,70821.6,76926.0,97795.7,581753.6,130500.2,175670.3,34831.2,165875.1
3092,44339,51.5607,7.4657,Nordrhein-Westfalen,NW,"Dortmund, Stadt",5913.0,"(51.5607, 7.4657)",374101.0,6095.8,426024.4,232879.6,569031.6,462555.9,458469.2,579861.0,77752.8,80590.9,104726.9,587553.9,136049.2,181470.6,38496.2,171675.4
3093,44357,51.5161,7.4683,Nordrhein-Westfalen,NW,"Dortmund, Stadt",5913.0,"(51.5161, 7.4683)",348628.8,2247.6,398595.0,224303.0,543559.4,467218.4,449892.6,574060.7,70821.6,76926.0,97795.7,581753.6,130500.2,175670.3,34831.2,165875.1
3094,44359,51.5724,7.3892,Nordrhein-Westfalen,NW,"Dortmund, Stadt",5913.0,"(51.5724, 7.3892)",383088.3,11269.4,430298.3,240223.6,578018.9,466829.9,465813.1,588848.3,67603.9,83244.5,94578.0,596541.1,138702.8,190457.8,32056.3,180662.7
3095,44369,51.5287,7.4137,Nordrhein-Westfalen,NW,"Dortmund, Stadt",5913.0,"(51.5287, 7.4137)",357495.8,7130.0,435237.1,233170.1,552426.4,471768.6,458759.7,580085.9,69019.4,76191.1,95993.4,587778.7,131649.3,181695.4,34096.3,171900.3
3096,44379,51.525,7.3676,Nordrhein-Westfalen,NW,"Dortmund, Stadt",5913.0,"(51.525, 7.3676)",354975.9,9226.5,439590.3,230650.2,549906.5,476121.9,456239.7,592431.9,65283.0,73671.1,92257.1,600124.8,129129.4,194041.5,31576.4,184246.3
3097,44388,51.501,7.3371,Nordrhein-Westfalen,NW,"Dortmund, Stadt",5913.0,"(51.501, 7.3371)",354573.4,13107.4,416563.6,230247.6,549503.9,480608.8,469641.7,592029.4,54262.9,65518.7,81237.0,599722.2,120977.0,193638.9,23424.0,183843.7
3098,44532,51.6067,7.5241,Nordrhein-Westfalen,NW,Unna,5978.0,"(51.6067, 7.5241)",371933.7,13473.7,419143.8,234700.8,566864.3,455675.3,460290.4,577693.7,79609.5,103718.2,106583.6,585386.6,140584.1,179303.3,46663.7,169508.1
3099,44534,51.6189,7.5222,Nordrhein-Westfalen,NW,Unna,5978.0,"(51.6189, 7.5222)",372902.3,16107.9,420112.4,237335.0,567832.9,456643.9,462924.5,578662.3,80003.0,104111.6,106977.1,586355.2,143218.3,180271.9,47057.1,170476.7
3100,44536,51.5993,7.4681,Nordrhein-Westfalen,NW,Unna,5978.0,"(51.5993, 7.4681)",378670.4,14920.3,425880.5,236147.4,573601.0,462412.0,461736.9,584430.4,78815.4,102924.0,105789.4,592123.3,142030.7,186040.0,45869.5,176244.8
3101,44575,51.55,7.3167,Nordrhein-Westfalen,NW,Recklinghausen,5562.0,"(51.55, 7.3167)",363260.7,17799.3,437308.9,238935.0,558191.3,473840.4,464524.6,595858.8,57169.5,81278.1,84143.6,603551.7,134084.3,197468.4,26378.3,187673.2
3102,44577,51.55,7.3167,Nordrhein-Westfalen,NW,Recklinghausen,5562.0,"(51.55, 7.3167)",363260.7,17799.3,437308.9,238935.0,558191.3,473840.4,464524.6,595858.8,57169.5,81278.1,84143.6,603551.7,134084.3,197468.4,26378.3,187673.2
3103,44579,51.55,7.3167,Nordrhein-Westfalen,NW,Recklinghausen,5562.0,"(51.55, 7.3167)",363260.7,17799.3,437308.9,238935.0,558191.3,473840.4,464524.6,595858.8,57169.5,81278.1,84143.6,603551.7,134084.3,197468.4,26378.3,187673.2
3104,44581,51.55,7.3167,Nordrhein-Westfalen,NW,Recklinghausen,5562.0,"(51.55, 7.3167)",363260.7,17799.3,437308.9,238935.0,558191.3,473840.4,464524.6,595858.8,57169.5,81278.1,84143.6,603551.7,134084.3,197468.4,26378.3,187673.2
3105,44623,51.5426,7.219,Nordrhein-Westfalen,NW,"Herne, Stadt",5916.0,"(51.5426, 7.219)",367147.2,24662.6,444172.1,242821.4,562077.8,480703.7,473074.7,602722.1,48859.7,72968.4,75833.8,610414.9,124410.1,204331.6,18068.6,194536.5
3106,44625,51.5324,7.206,Nordrhein-Westfalen,NW,"Herne, Stadt",5916.0,"(51.5324, 7.206)",365712.9,26438.8,445948.3,241387.1,560643.4,482479.9,471640.4,603168.9,48439.7,59084.2,75413.8,610861.7,122975.7,204778.4,17648.6,194983.2
3107,44627,51.55,7.2167,Nordrhein-Westfalen,NW,"Herne, Stadt",5916.0,"(51.55, 7.2167)",367885.2,24024.6,443534.1,243559.5,562815.8,480065.6,473812.8,602084.0,48233.3,72342.0,75207.4,609776.9,125148.1,203693.6,17442.2,193898.4
3108,44628,51.55,7.2167,Nordrhein-Westfalen,NW,"Herne, Stadt",5916.0,"(51.55, 7.2167)",367885.2,24024.6,443534.1,243559.5,562815.8,480065.6,473812.8,602084.0,48233.3,72342.0,75207.4,609776.9,125148.1,203693.6,17442.2,193898.4
3109,44629,51.5493,7.2149,Nordrhein-Westfalen,NW,"Herne, Stadt",5916.0,"(51.5493, 7.2149)",367738.1,26275.3,449260.5,243412.3,562668.6,485792.1,473665.6,605194.1,48086.1,72194.8,75060.2,612886.9,125000.9,206803.6,17295.0,197008.4
3110,44649,51.5329,7.1611,Nordrhein-Westfalen,NW,"Herne, Stadt",5916.0,"(51.5329, 7.1611)",371612.4,29024.4,448533.9,247286.7,566543.0,485065.5,477540.0,607083.9,45080.7,60372.1,72054.8,614776.8,128875.3,208693.4,10794.0,198898.3
3111,44651,51.55,7.2167,Nordrhein-Westfalen,NW,"Herne, Stadt",5916.0,"(51.55, 7.2167)",367885.2,24024.6,443534.1,243559.5,562815.8,480065.6,473812.8,602084.0,48233.3,72342.0,75207.4,609776.9,125148.1,203693.6,17442.2,193898.4
3112,44652,51.5312,7.1704,Nordrhein-Westfalen,NW,"Herne, Stadt",5916.0,"(51.5312, 7.1704)",370523.2,27935.1,447444.7,246197.4,565453.7,483976.2,476450.7,605994.6,46538.2,60365.5,73512.2,613687.5,127786.0,207604.2,15747.0,197809.0
3113,44653,51.5448,7.1691,Nordrhein-Westfalen,NW,"Herne, Stadt",5916.0,"(51.5448, 7.1691)",370292.4,27704.4,447213.9,245966.6,565223.0,483745.4,476219.9,605763.8,46307.4,70416.0,73281.4,613456.7,127555.3,207373.4,15516.2,197578.2
3114,44787,51.4803,7.2183,Nordrhein-Westfalen,NW,"Bochum, Stadt",5911.0,"(51.4803, 7.2183)",361312.5,23409.1,423302.8,236986.8,556243.1,490910.5,467575.2,598768.5,45094.0,56349.8,72068.0,606461.4,118910.6,200378.1,14255.1,190582.9
3115,44789,51.4661,7.2491,Nordrhein-Westfalen,NW,"Bochum, Stadt",5911.0,"(51.4661, 7.2491)",357814.7,22565.2,419805.0,233489.0,552745.3,490066.6,464077.4,595270.7,49025.3,60281.2,75999.4,602963.6,115412.8,196880.3,18186.4,187085.1
