,zipcode,lat,long,state,state_code,community_name,community_code,coor,AKB Kitzingen,AKB Dortmund,AKB Zörbig,AKB Schöneck,AKB Buch,Mosolf Etzin,Mosolf Kippenheim,BLG Kelheim,BLG Duisburg,BLG Neuss,Carservice Erkens,ARS Altmann Wolnzach,CAT Zülpich,Autohaus Siebrecht,Neu: FleetParQ Essen ,Neu: FleetParQ Kassel
1968,27619,53.5333,8.65,Niedersachsen,NI,Landkreis Cuxhaven,3352.0,"(53.5333, 8.65)",542491.1,281620.6,382320.2,492848.8,737421.7,418851.7,718438.4,736681.7,322418.6,346527.3,349392.7,769448.4,398732.1,303029.9,301554.6,336412.8
1969,27624,53.5972625,8.8196,Niedersachsen,NI,Landkreis Cuxhaven,3352.0,"(53.5972625, 8.8196)",557789.9,296919.4,397619.1,508147.6,752720.5,434150.6,733737.2,751980.6,337717.5,361826.1,364691.5,784747.3,414030.9,318328.7,316853.4,351711.6
1970,27628,53.34901666666667,8.619483333333333,Niedersachsen,NI,Landkreis Cuxhaven,3352.0,"(53.34901666666667, 8.619483333333333)",528690.7,279237.1,368519.9,490465.3,723621.3,405051.4,716054.9,722881.4,320035.1,344143.8,347009.2,755648.1,396348.6,289229.5,299171.1,322612.4
1971,27639,53.697183333333335,8.558966666666668,Niedersachsen,NI,Landkreis Cuxhaven,3352.0,"(53.697183333333335, 8.558966666666668)",566002.9,305132.4,405832.0,516360.6,760933.5,442363.5,741950.2,760193.5,345930.4,370039.1,372904.5,792960.2,422243.9,326541.7,325066.4,359924.6
1972,27711,53.227,8.7953,Niedersachsen,NI,Landkreis Osterholz,3356.0,"(53.227, 8.7953)",507355.7,257902.0,347184.8,469130.2,702286.3,383716.3,694719.8,701546.3,298700.1,322808.7,325674.1,734313.0,375013.5,267894.5,277836.0,301277.3
1973,27721,53.1829,8.7355,Niedersachsen,NI,Landkreis Osterholz,3356.0,"(53.1829, 8.7355)",499260.5,249806.8,339089.6,461035.0,694191.1,375621.1,686624.6,693451.1,290604.9,314713.5,317578.9,726217.8,366918.3,259799.3,269740.8,293182.1
1974,27726,53.2167,8.9333,Niedersachsen,NI,Landkreis Osterholz,3356.0,"(53.2167, 8.9333)",501334.0,269136.0,341163.1,480364.2,696264.6,377694.6,705953.8,695524.6,309934.1,334042.7,336908.1,728291.3,386247.5,261872.8,289070.0,295255.7
1975,27729,53.33926,8.830020000000001,Niedersachsen,NI,Landkreis Osterholz,3356.0,"(53.33926, 8.830020000000001)",520786.6,271333.0,360615.7,482561.2,715717.2,397147.3,708150.8,714977.3,312131.0,336239.7,339105.1,747744.0,388444.5,281325.4,291267.0,314708.3
1976,27749,53.0509,8.6291,Niedersachsen,NI,"Delmenhorst, Stadt",3401.0,"(53.0509, 8.6291)",499334.1,222004.4,340075.9,433232.6,694264.7,376607.5,658822.1,694437.5,262802.4,286911.0,289776.5,712787.0,339115.9,260785.6,241938.3,296908.5
1977,27751,53.048,8.6606,Niedersachsen,NI,"Delmenhorst, Stadt",3401.0,"(53.048, 8.6606)",502748.9,225419.2,338569.9,436647.4,697679.5,375101.5,662236.9,692931.5,266217.2,290325.8,293191.3,716201.8,342530.7,259279.6,245353.1,300323.3
1978,27753,53.0628,8.6236,Niedersachsen,NI,"Delmenhorst, Stadt",3401.0,"(53.0628, 8.6236)",497707.4,220377.6,341530.1,431605.8,692637.9,378061.6,657195.4,695891.6,261175.6,285284.3,288149.7,711160.2,337489.1,262239.8,240311.6,295281.7
1979,27755,53.0275,8.6385,Niedersachsen,NI,"Delmenhorst, Stadt",3401.0,"(53.0275, 8.6385)",497181.9,219852.2,338607.0,431080.3,692112.5,375138.5,656669.9,702941.9,260650.2,284758.8,287624.3,710634.8,336963.6,259316.7,239786.1,294756.3
1980,27777,53.0333,8.5333,Niedersachsen,NI,Landkreis Oldenburg,3458.0,"(53.0333, 8.5333)",492538.1,215208.3,346899.6,426436.5,687468.7,383431.1,652026.1,698298.1,256006.4,280115.0,282980.4,705990.9,332319.8,267609.3,235142.3,290112.4
1981,27793,52.8945,8.4338,Niedersachsen,NI,Landkreis Oldenburg,3458.0,"(52.8945, 8.4338)",474325.6,196995.8,356097.4,408224.0,669256.2,392628.9,633813.6,680085.6,237793.9,261902.5,264768.0,687778.4,314107.3,266544.0,216929.8,271900.0
1982,27798,53.1167,8.4667,Niedersachsen,NI,Landkreis Oldenburg,3458.0,"(53.1167, 8.4667)",510399.2,233069.5,356872.5,444297.7,705329.8,393404.0,669887.2,716159.2,273867.5,297976.1,300841.6,723852.1,350181.0,277582.2,253003.4,307973.6
1983,27801,52.9333,8.3833,Niedersachsen,NI,Landkreis Oldenburg,3458.0,"(52.9333, 8.3833)",479775.7,202445.9,360385.9,413674.1,674706.3,396917.4,639263.7,685535.7,243244.0,267352.6,270218.0,693228.5,319557.4,271994.1,222379.9,277350.0
1984,27804,53.1814,8.4822,Niedersachsen,NI,Wesermarsch,3461.0,"(53.1814, 8.4822)",513491.0,236161.2,362541.8,447389.4,708421.5,399073.3,672979.0,719250.9,276959.2,301067.9,303933.3,726943.8,353272.7,283251.4,256095.2,311065.3
1985,27809,53.1667,8.6167,Niedersachsen,NI,Wesermarsch,3461.0,"(53.1667, 8.6167)",514005.5,236675.7,345076.7,447903.9,708936.1,381608.2,673493.5,699438.2,277473.8,301582.4,304447.8,732204.9,353787.2,265786.4,256609.7,311579.8
1986,28195,53.0889,8.7906,Bremen,HB,Kreisfreie Stadt Bremen,4011.0,"(53.0889, 8.7906)",512021.3,234691.6,330856.7,445919.8,706951.9,367388.2,671509.4,685218.2,275489.6,299598.3,302463.7,717984.9,351803.1,251566.4,254625.6,309595.7
1987,28197,53.0854,8.7463,Bremen,HB,Kreisfreie Stadt Bremen,4011.0,"(53.0854, 8.7463)",512139.4,234809.6,331972.1,446037.8,707070.0,368503.6,671627.4,686333.6,275607.7,299716.3,302581.7,719100.3,351921.1,252681.8,254743.6,309713.8
1988,28199,53.0618,8.79,Bremen,HB,Kreisfreie Stadt Bremen,4011.0,"(53.0618, 8.79)",508645.4,231315.7,327114.7,442543.9,703576.0,363646.2,668133.5,681476.2,272113.7,296222.4,299087.8,714242.9,348427.2,247824.3,251249.7,306219.8
1989,28201,53.0577,8.8036,Bremen,HB,Kreisfreie Stadt Bremen,4011.0,"(53.0577, 8.8036)",508237.2,230907.5,326706.4,442135.7,703167.8,363237.9,667725.2,681068.0,271705.5,295814.1,298679.6,713834.7,348019.0,247416.1,250841.4,305811.6
1990,28203,53.0711,8.8317,Bremen,HB,Kreisfreie Stadt Bremen,4011.0,"(53.0711, 8.8317)",513587.6,236257.8,325559.4,447486.0,708518.1,362090.9,673075.6,679920.9,277055.8,301164.5,304029.9,712687.6,353369.3,246269.0,256191.8,311161.9
1991,28205,53.0709,8.846,Bremen,HB,Kreisfreie Stadt Bremen,4011.0,"(53.0709, 8.846)",513097.0,235767.3,324993.6,446995.4,708027.6,361525.1,672585.0,679355.1,276565.3,300673.9,303539.4,712121.8,352878.7,245703.2,255701.2,310671.4
1992,28207,53.0687,8.8697,Bremen,HB,Kreisfreie Stadt Bremen,4011.0,"(53.0687, 8.8697)",513261.4,235931.7,322976.7,447159.9,708192.0,359508.2,672749.4,677338.2,276729.7,300838.3,303703.8,710104.9,353043.2,243686.4,255865.6,310835.8
1993,28209,53.0841,8.8271,Bremen,HB,Kreisfreie Stadt Bremen,4011.0,"(53.0841, 8.8271)",515477.5,238147.8,325427.8,449376.0,710408.1,361959.3,674965.5,679789.3,278945.8,303054.4,305919.9,712556.0,355259.3,246137.4,258081.7,313051.9
1994,28211,53.0859,8.8549,Bremen,HB,Kreisfreie Stadt Bremen,4011.0,"(53.0859, 8.8549)",516051.5,238721.8,323324.9,449949.9,710982.1,359856.4,675539.5,677686.4,279519.8,303628.4,306493.9,710453.1,355833.2,244034.6,258655.7,313625.9
1995,28213,53.1094,8.7814,Bremen,HB,Kreisfreie Stadt Bremen,4011.0,"(53.1094, 8.7814)",514166.7,236836.9,331208.3,448065.1,709097.3,367739.9,673654.7,685569.9,277635.0,301743.6,304609.0,718336.6,353948.4,251918.0,256770.9,311741.1
1996,28215,53.0926,8.8073,Bremen,HB,Kreisfreie Stadt Bremen,4011.0,"(53.0926, 8.8073)",513167.9,235838.1,330764.7,447066.3,708098.5,367296.2,672655.9,685126.2,276636.2,300744.8,303610.2,717892.9,352949.6,251474.3,255772.1,310742.3
1997,28217,53.0938,8.783,Bremen,HB,Kreisfreie Stadt Bremen,4011.0,"(53.0938, 8.783)",512254.7,234925.0,331292.7,446153.2,707185.3,367824.2,671742.8,685654.2,275723.0,299831.7,302697.1,718420.9,352036.5,252002.4,254859.0,309829.1
1998,28219,53.1036,8.7875,Bremen,HB,Kreisfreie Stadt Bremen,4011.0,"(53.1036, 8.7875)",513402.6,236072.9,329892.0,447301.1,708333.2,366423.5,672890.6,684253.5,276870.9,300979.5,303845.0,717020.2,353184.4,250601.6,256006.8,310977.0
1999,28237,53.1165,8.7595,Bremen,HB,Kreisfreie Stadt Bremen,4011.0,"(53.1165, 8.7595)",515445.5,238115.8,332487.2,449344.0,710376.1,369018.7,674933.5,686848.7,278913.8,303022.4,305887.9,719615.4,355227.3,253196.9,258049.7,313019.9
2000,28239,53.124,8.7464,Bremen,HB,Kreisfreie Stadt Bremen,4011.0,"(53.124, 8.7464)",516720.8,239391.0,336732.1,450619.2,711651.4,373263.7,676208.8,691093.7,280189.1,304297.7,307163.1,723860.4,356502.5,257441.8,259325.0,314295.2
2001,28259,53.0543,8.7457,Bremen,HB,Kreisfreie Stadt Bremen,4011.0,"(53.0543, 8.7457)",507783.8,230454.1,330888.0,441682.3,702714.4,367419.5,667271.9,685249.5,271252.1,295360.8,298226.2,718016.2,347565.6,251597.7,250388.1,305358.2
2002,28277,53.1094,8.7814,Bremen,HB,Kreisfreie Stadt Bremen,4011.0,"(53.1094, 8.7814)",514166.7,236836.9,331208.3,448065.1,709097.3,367739.9,673654.7,685569.9,277635.0,301743.6,304609.0,718336.6,353948.4,251918.0,256770.9,311741.1
2003,28279,53.0483,8.8383,Bremen,HB,Kreisfreie Stadt Bremen,4011.0,"(53.0483, 8.8383)",510053.3,232723.5,324094.7,443951.7,704983.8,360626.2,669541.3,678456.2,273521.5,297630.2,300495.6,711222.9,349835.0,244804.4,252657.5,307627.6
2004,28307,53.0441,8.9558,Bremen,HB,Kreisfreie Stadt Bremen,4011.0,"(53.0441, 8.9558)",476187.4,239720.8,316016.5,450949.0,671118.0,352548.0,676538.6,670378.0,280518.9,304627.5,307492.9,703144.7,356832.3,236726.2,259654.8,270109.0
2005,28309,53.0515,8.8896,Bremen,HB,Kreisfreie Stadt Bremen,4011.0,"(53.0515, 8.8896)",511861.5,234531.7,321576.8,445759.9,706792.1,358108.3,671349.5,675938.3,275329.8,299438.4,302303.9,708705.0,351643.2,242286.5,254465.7,309435.9
2006,28325,53.1094,8.7814,Bremen,HB,Kreisfreie Stadt Bremen,4011.0,"(53.1094, 8.7814)",514166.7,236836.9,331208.3,448065.1,709097.3,367739.9,673654.7,685569.9,277635.0,301743.6,304609.0,718336.6,353948.4,251918.0,256770.9,311741.1
2007,28327,53.081,8.8925,Bremen,HB,Kreisfreie Stadt Bremen,4011.0,"(53.081, 8.8925)",481303.9,238839.4,321133.0,450067.6,676234.5,357664.5,675657.1,675494.5,279637.4,303746.0,306611.5,708261.2,355950.9,241842.7,258773.3,275225.6
2008,28329,53.0815,8.8721,Bremen,HB,Kreisfreie Stadt Bremen,4011.0,"(53.0815, 8.8721)",515708.8,238379.0,322757.1,449607.2,710639.4,359288.6,675196.8,677118.6,279177.1,303285.7,306151.1,709885.3,355490.5,243466.8,258313.0,313283.2
2009,28355,53.1001,8.9029,Bremen,HB,Kreisfreie Stadt Bremen,4011.0,"(53.1001, 8.9029)",483181.2,250983.2,323010.3,462211.4,678111.8,359541.8,687801.0,677371.8,291781.3,315889.9,318755.3,710138.5,368094.7,243720.0,270917.2,277102.9
2010,28357,53.1178,8.8947,Bremen,HB,Kreisfreie Stadt Bremen,4011.0,"(53.1178, 8.8947)",486959.0,254761.1,326788.2,465989.3,681889.6,363319.7,691578.9,681149.7,295559.1,319667.8,322533.2,713916.4,371872.6,247497.8,274695.1,280880.7
2011,28359,53.1003,8.8752,Bremen,HB,Kreisfreie Stadt Bremen,4011.0,"(53.1003, 8.8752)",518063.2,240733.5,324235.3,451961.7,712993.8,360766.8,677551.2,678596.8,281531.5,305640.1,308505.6,711363.5,357845.0,244945.0,260667.4,315637.6
2012,28717,53.1735,8.7045,Bremen,HB,Kreisfreie Stadt Bremen,4011.0,"(53.1735, 8.7045)",498495.7,249042.1,338324.8,460270.3,693426.3,374856.3,685859.8,692686.3,289840.1,313948.7,316814.2,725453.0,366153.6,259034.5,268976.0,292417.4
2013,28719,53.1728,8.7135,Bremen,HB,Kreisfreie Stadt Bremen,4011.0,"(53.1728, 8.7135)",498705.5,249251.8,338534.6,460480.0,693636.1,375066.1,686069.6,692896.1,290049.9,314158.5,317024.0,725662.8,366363.3,259244.3,269185.8,292627.2
2014,28755,53.1094,8.7814,Bremen,HB,Kreisfreie Stadt Bremen,4011.0,"(53.1094, 8.7814)",514166.7,236836.9,331208.3,448065.1,709097.3,367739.9,673654.7,685569.9,277635.0,301743.6,304609.0,718336.6,353948.4,251918.0,256770.9,311741.1
2015,28757,53.1094,8.7814,Bremen,HB,Kreisfreie Stadt Bremen,4011.0,"(53.1094, 8.7814)",514166.7,236836.9,331208.3,448065.1,709097.3,367739.9,673654.7,685569.9,277635.0,301743.6,304609.0,718336.6,353948.4,251918.0,256770.9,311741.1
2016,28759,53.1094,8.7814,Bremen,HB,Kreisfreie Stadt Bremen,4011.0,"(53.1094, 8.7814)",514166.7,236836.9,331208.3,448065.1,709097.3,367739.9,673654.7,685569.9,277635.0,301743.6,304609.0,718336.6,353948.4,251918.0,256770.9,311741.1
2017,28777,53.1094,8.7814,Bremen,HB,Kreisfreie Stadt Bremen,4011.0,"(53.1094, 8.7814)",514166.7,236836.9,331208.3,448065.1,709097.3,367739.9,673654.7,685569.9,277635.0,301743.6,304609.0,718336.6,353948.4,251918.0,256770.9,311741.1
2018,28779,53.1094,8.7814,Bremen,HB,Kreisfreie Stadt Bremen,4011.0,"(53.1094, 8.7814)",514166.7,236836.9,331208.3,448065.1,709097.3,367739.9,673654.7,685569.9,277635.0,301743.6,304609.0,718336.6,353948.4,251918.0,256770.9,311741.1
2019,28790,53.2321,8.5407,Niedersachsen,NI,Landkreis Osterholz,3356.0,"(53.2321, 8.5407)",522700.3,245370.6,353248.1,456598.8,717630.9,389779.6,682188.4,707609.6,286168.6,310277.3,313142.7,740376.3,362482.1,273957.7,265304.5,320274.7
2020,28816,53.0333,8.75,Niedersachsen,NI,Landkreis Diepholz,3251.0,"(53.0333, 8.75)",503265.5,225935.8,331226.3,437164.0,698196.1,367757.8,662753.5,685587.8,266733.8,290842.4,293707.9,718354.5,343047.3,251935.9,245869.7,300839.9
2021,28832,53.0142,9.0263,Niedersachsen,NI,Landkreis Verden,3361.0,"(53.0142, 9.0263)",469820.8,244251.5,309649.9,455479.7,664751.4,346181.4,681069.2,664011.4,285049.5,309158.1,312023.6,696778.1,361363.0,230359.6,264185.4,263742.5
2022,28844,52.989,8.8314,Niedersachsen,NI,Landkreis Diepholz,3251.0,"(52.989, 8.8314)",509206.0,231876.3,331996.2,443104.4,704136.6,368527.7,668694.0,686357.7,272674.3,296782.9,299648.4,719124.4,348987.7,252705.9,251810.2,306780.4
2023,28857,52.9135,8.8221,Niedersachsen,NI,Landkreis Diepholz,3251.0,"(52.9135, 8.8221)",457890.0,234700.0,314721.9,445928.2,652820.6,351253.4,671517.8,669083.4,275498.0,299606.7,302472.1,671342.9,351811.5,198869.0,254634.0,255464.4
2024,28865,53.1419,8.9034,Niedersachsen,NI,Landkreis Osterholz,3356.0,"(53.1419, 8.9034)",490066.4,257868.5,329895.5,469096.7,684997.0,366427.0,694686.2,684257.0,298666.5,322775.1,325640.6,717023.7,374980.0,250605.2,277802.4,283988.1
2025,28870,53.1292,9.1068,Niedersachsen,NI,Landkreis Verden,3361.0,"(53.1292, 9.1068)",481299.0,261368.2,321128.1,472596.4,676229.6,357659.6,698186.0,675489.6,302166.3,326274.9,329140.3,708256.3,378479.7,241837.8,281302.2,275220.7
2026,28876,53.05,9.0167,Niedersachsen,NI,Landkreis Verden,3361.0,"(53.05, 9.0167)",473127.7,244946.8,312956.8,456175.0,668058.3,349488.3,681764.6,667318.3,285744.9,309853.5,312718.9,700085.0,362058.3,233666.5,264880.8,267049.3
2027,28879,53.1833,8.9833,Niedersachsen,NI,Landkreis Osterholz,3356.0,"(53.1833, 8.9833)",492647.2,264466.4,332476.3,475694.6,687577.8,369007.8,701284.1,686837.8,305264.4,329373.0,332238.5,719604.5,381577.9,253186.0,284400.3,286568.9
2028,29221,52.6175,10.085,Niedersachsen,NI,Landkreis Celle,3351.0,"(52.6175, 10.085)",401475.1,250245.6,212209.2,379358.7,596405.7,248740.8,605241.6,566570.8,313831.8,321102.0,340805.9,599337.5,367690.6,162013.9,280885.9,195396.8
2029,29223,52.6333,10.0842,Niedersachsen,NI,Landkreis Celle,3351.0,"(52.6333, 10.0842)",403266.1,252036.6,214000.3,381149.7,598196.7,250531.8,607032.7,568361.8,315622.8,322893.0,342596.9,601128.5,369481.6,163804.9,282676.9,197187.8
2030,29225,52.6122,10.0402,Niedersachsen,NI,Landkreis Celle,3351.0,"(52.6122, 10.0402)",401472.3,241923.5,215104.9,379355.9,596402.9,251636.4,605238.9,569466.4,305509.7,312779.9,332483.8,602233.1,359368.5,162011.1,272563.8,195394.0
2031,29227,52.611,10.0993,Niedersachsen,NI,Landkreis Celle,3351.0,"(52.611, 10.0993)",399978.0,248748.5,210712.2,377861.6,594908.6,247243.7,603744.6,565073.7,312334.7,319604.9,339308.8,597840.4,366193.5,160516.8,279388.9,193899.7
2032,29229,52.6167,10.0833,Niedersachsen,NI,Landkreis Celle,3351.0,"(52.6167, 10.0833)",401542.5,250313.0,212276.7,379426.1,596473.1,248808.2,605309.1,566638.2,313899.2,321169.4,340873.3,599404.9,367758.0,162081.3,280953.3,195464.2
2033,29303,52.8084,9.9637,Niedersachsen,NI,Landkreis Celle,3351.0,"(52.8084, 9.9637)",425697.3,261293.2,236431.5,403580.9,620627.9,272963.0,629463.9,590793.0,324879.4,332149.6,351853.5,623559.7,378738.2,186236.1,291933.5,219619.0
2034,29308,52.6837,9.9095,Niedersachsen,NI,Landkreis Celle,3351.0,"(52.6837, 9.9095)",407425.9,245376.9,227565.7,385309.5,602356.5,264097.2,611192.5,581927.2,308963.1,316233.3,335937.2,614693.9,362821.9,167964.7,276017.3,201347.6
2035,29313,52.6333,9.9833,Niedersachsen,NI,Landkreis Celle,3351.0,"(52.6333, 9.9833)",403438.7,241389.7,219883.5,381322.3,598369.3,256415.0,607205.3,574245.0,304975.9,312246.1,331950.0,607011.7,358834.7,163977.5,272030.1,197360.4
2036,29320,52.8325,10.0896,Niedersachsen,NI,Landkreis Celle,3351.0,"(52.8325, 10.0896)",428504.9,270007.2,239239.0,406388.5,623435.5,275770.5,632271.4,593600.5,333593.4,340863.6,360567.5,626367.2,387452.2,189043.7,300647.5,222426.6
2037,29323,52.65,9.8333,Niedersachsen,NI,Landkreis Celle,3351.0,"(52.65, 9.8333)",413827.1,248719.2,253656.2,391710.7,608757.6,290187.7,617593.6,608017.7,312305.4,319575.6,339279.5,640784.4,366164.2,174365.8,279359.5,207748.7
2038,29328,52.9,10.1667,Niedersachsen,NI,Landkreis Celle,3351.0,"(52.9, 10.1667)",464383.2,299275.3,245716.0,442266.8,659313.7,282247.5,668149.7,600077.5,362861.5,370131.7,389835.5,632844.3,416720.2,224921.9,329915.6,258304.8
2039,29331,52.6167,10.25,Niedersachsen,NI,Landkreis Celle,3351.0,"(52.6167, 10.25)",412391.3,261161.7,212513.7,390274.9,607321.8,249045.2,616157.8,566875.2,324747.9,332018.2,351722.0,599641.9,378606.7,172930.0,291802.1,206312.9
2040,29336,52.557,10.1021,Niedersachsen,NI,Landkreis Celle,3351.0,"(52.557, 10.1021)",395009.7,243780.1,207820.4,372893.3,589940.2,244351.9,598776.2,562181.9,307366.3,314636.6,334340.4,594948.6,361225.1,155548.4,274420.5,188931.3
2041,29339,52.5369,10.1507,Niedersachsen,NI,Landkreis Celle,3351.0,"(52.5369, 10.1507)",399510.0,248280.5,203903.9,377393.6,594440.6,240435.4,603276.5,558265.4,311866.7,319136.9,338840.8,591032.1,365725.5,160048.8,278920.8,193431.7
2042,29342,52.5802,10.1886,Niedersachsen,NI,Landkreis Celle,3351.0,"(52.5802, 10.1886)",402074.6,255111.1,205119.1,379958.2,597005.2,241650.7,605841.2,559480.7,318697.4,325967.6,345671.4,592247.4,372556.1,162613.4,285751.5,195996.3
2043,29345,52.8347,10.2969,Niedersachsen,NI,Landkreis Celle,3351.0,"(52.8347, 10.2969)",432720.9,287464.9,232754.0,410604.5,627651.5,269285.5,636487.4,587115.5,351051.1,358321.4,378025.2,619882.2,404909.9,193259.7,318105.3,226642.6
2044,29348,52.72580000000001,10.25935,Niedersachsen,NI,Landkreis Celle,3351.0,"(52.72580000000001, 10.25935)",420393.5,269163.9,222730.4,398277.1,615324.1,259261.9,624160.0,577091.9,332750.1,340020.4,359724.2,609858.6,386608.9,180932.3,299804.3,214315.1
2045,29351,52.6833,10.3333,Niedersachsen,NI,Landkreis Celle,3351.0,"(52.6833, 10.3333)",415044.0,268525.5,215077.1,392927.6,609974.6,251608.6,618810.6,569438.6,332111.7,339381.9,359085.8,602205.3,385970.5,175582.8,299165.8,208965.7
2046,29352,52.564,10.0604,Niedersachsen,NI,Landkreis Celle,3351.0,"(52.564, 10.0604)",392081.4,240851.8,210891.7,369965.0,587012.0,247423.2,595847.9,565253.2,304438.1,311708.3,331412.1,598019.9,358296.8,152620.2,271492.2,186003.0
2047,29353,52.6107,10.2853,Niedersachsen,NI,Landkreis Celle,3351.0,"(52.6107, 10.2853)",409283.7,263226.4,212328.3,387167.3,604214.3,248859.8,613050.3,566689.8,326812.6,334082.8,353786.7,599456.5,380671.4,169822.5,293866.7,203205.4
2048,29355,52.6429,10.2591,Niedersachsen,NI,Landkreis Celle,3351.0,"(52.6429, 10.2591)",412397.0,261167.5,214877.6,390280.6,607327.6,251409.1,616163.6,569239.1,324753.7,332023.9,351727.8,602005.8,378612.5,172935.8,291807.8,206318.7
2049,29356,52.5163,10.2151,Niedersachsen,NI,Landkreis Celle,3351.0,"(52.5163, 10.2151)",393724.7,250568.2,196769.2,371608.3,588655.2,233300.7,597491.2,551130.7,314154.4,321424.6,341128.4,583897.4,368013.1,154263.4,281208.5,187646.3
