,zipcode,lat,long,state,state_code,community_name,community_code,coor,AKB Kitzingen,AKB Dortmund,AKB Zörbig,AKB Schöneck,AKB Buch,Mosolf Etzin,Mosolf Kippenheim,BLG Kelheim,BLG Duisburg,BLG Neuss,Carservice Erkens,ARS Altmann Wolnzach,CAT Zülpich,Autohaus Siebrecht,Neu: FleetParQ Essen ,Neu: FleetParQ Kassel
574,09399,50.725,12.75,Sachsen,SN,Erzgebirgskreis,14521.0,"(50.725, 12.75)",287221.6,443852.2,157862.3,386562.7,424663.6,285318.2,557276.3,273274.7,522933.3,511805.2,549907.4,319272.7,542924.9,329867.8,480504.0,277281.7
575,09405,50.75745,13.0468,Sachsen,SN,Erzgebirgskreis,14521.0,"(50.75745, 13.0468)",315082.8,469795.7,162229.7,412506.2,452524.7,289685.6,585137.4,301135.8,548876.8,537748.7,575850.8,347133.8,568868.4,334235.2,506447.4,303225.1
576,09419,50.6708,12.9509,Sachsen,SN,Erzgebirgskreis,14521.0,"(50.6708, 12.9509)",299682.3,471528.2,163962.2,424875.5,437124.3,291418.1,569737.0,285735.4,550609.3,539481.2,577583.3,331733.4,570600.9,335967.7,508179.9,304957.6
577,09423,50.7055,12.9694,Sachsen,SN,Erzgebirgskreis,14521.0,"(50.7055, 12.9694)",304481.9,475122.2,167556.2,417832.7,441923.9,295012.1,574536.6,290534.9,554203.2,543075.2,581177.3,336533.0,574194.9,339561.7,511773.9,308551.6
578,09427,50.6493,12.9701,Sachsen,SN,Erzgebirgskreis,14521.0,"(50.6493, 12.9701)",303623.6,474862.0,167296.1,428816.7,441065.6,294752.0,573678.3,289676.6,553943.1,542815.1,580917.2,335674.7,573934.7,339301.5,511513.8,308291.5
579,09429,50.6555,13.0713,Sachsen,SN,Erzgebirgskreis,14521.0,"(50.6555, 13.0713)",314878.7,484577.9,177012.0,440071.9,452320.7,304467.9,584933.4,300931.8,563659.0,552530.9,590633.1,346929.8,583650.6,349017.4,521229.7,318007.4
580,09430,50.6875,13.01735,Sachsen,SN,Erzgebirgskreis,14521.0,"(50.6875, 13.01735)",307159.6,476160.2,168594.2,418870.7,444601.6,296050.2,577214.3,293212.6,555241.3,544113.2,582215.4,339210.7,575232.9,340599.7,512812.0,309589.7
581,09432,50.7,13.0833,Sachsen,SN,Erzgebirgskreis,14521.0,"(50.7, 13.0833)",324685.9,479398.8,171832.8,422109.3,462127.8,299288.7,594740.5,310738.9,558479.9,547351.8,585453.9,356736.9,578471.5,343838.3,516050.5,312828.2
582,09434,,,,,,,"(nan, nan)",0.0,0.0,0.0,0.0,0.0,0.0,0.0,0.0,0.0,0.0,0.0,0.0,0.0,0.0,0.0,0.0
583,09437,50.75835,13.125,Sachsen,SN,Erzgebirgskreis,14521.0,"(50.75835, 13.125)",322288.6,481466.4,169435.5,424176.9,459730.6,296891.5,592343.3,308341.6,560547.5,549419.5,587521.6,354339.7,580539.2,341441.0,518118.2,314895.9
584,09439,50.75,13.0056,Sachsen,SN,Erzgebirgskreis,14521.0,"(50.75, 13.0056)",313450.9,468163.8,160597.9,410874.3,450892.9,288053.8,583505.6,299503.9,547244.9,536116.9,574219.0,345502.0,567236.6,332603.3,504815.6,301593.3
585,09456,50.583200000000005,13.03945,Sachsen,SN,Erzgebirgskreis,14521.0,"(50.583200000000005, 13.03945)",314328.6,478959.0,189723.8,439521.8,451770.6,317179.7,584383.3,250021.6,558040.1,546912.0,585014.2,296019.7,578031.7,361729.2,515610.8,312388.5
586,09465,50.5167,12.9833,Sachsen,SN,Erzgebirgskreis,14521.0,"(50.5167, 12.9833)",317169.5,481799.9,192564.7,442362.7,454611.5,320020.6,587224.2,244836.0,560881.0,549753.0,587855.1,290834.1,580872.6,364570.2,518451.7,315229.4
587,09468,50.61685,12.92935,Sachsen,SN,Erzgebirgskreis,14521.0,"(50.61685, 12.92935)",302670.8,467301.2,178066.0,427864.0,440112.8,305521.9,572725.5,288723.8,546382.3,535254.3,573356.4,334721.9,566373.9,350071.4,503953.0,300730.7
588,09471,50.525,13.04165,Sachsen,SN,Erzgebirgskreis,14521.0,"(50.525, 13.04165)",319939.5,484569.9,195334.7,445132.7,457381.5,322790.6,589994.2,241783.9,563651.0,552523.0,590625.1,287781.9,583642.7,367340.2,521221.7,317999.4
589,09474,50.5167,12.95,Sachsen,SN,Erzgebirgskreis,14521.0,"(50.5167, 12.95)",314409.5,479039.9,189804.7,439602.6,451851.5,317260.6,584464.2,243055.6,558121.0,546992.9,585095.1,289053.7,578112.6,361810.1,515691.7,312469.4
590,09477,50.5123,13.0946,Sachsen,SN,Erzgebirgskreis,14521.0,"(50.5123, 13.0946)",323323.6,487954.0,198718.7,448516.7,460765.5,326174.7,593378.2,245269.9,567035.1,555907.0,594009.1,291268.0,587026.7,370724.2,524605.7,321383.4
591,09481,50.5584,12.8903,Sachsen,SN,Erzgebirgskreis,14521.0,"(50.5584, 12.8903)",304581.8,469212.3,179977.0,429775.0,442023.8,307433.0,574636.5,290634.9,548293.4,537165.3,575267.4,336632.9,568285.0,351982.5,505864.0,302641.7
592,09484,50.4167,12.9833,Sachsen,SN,Erzgebirgskreis,14521.0,"(50.4167, 12.9833)",294512.1,496347.0,207111.8,419705.3,436176.2,334567.7,568788.9,228346.5,575428.1,564300.1,602402.2,274344.6,595419.8,379117.3,532998.8,329776.5
593,09487,50.5588,12.9527,Sachsen,SN,Erzgebirgskreis,14521.0,"(50.5588, 12.9527)",309188.3,473818.7,184583.5,434381.5,446630.3,312039.4,579243.0,249499.1,552899.8,541771.8,579873.9,295497.2,572891.5,356589.0,510470.5,307248.2
594,09488,50.6111,13.0138,Sachsen,SN,Erzgebirgskreis,14521.0,"(50.6111, 13.0138)",309886.8,474517.2,185281.9,435079.9,447328.7,312737.9,579941.4,253226.5,553598.3,542470.2,580572.3,299224.5,573589.9,357287.4,511168.9,307946.6
595,09496,50.627,13.20305,Sachsen,SN,Erzgebirgskreis,14521.0,"(50.627, 13.20305)",328507.3,490486.1,182920.1,433196.6,465949.2,310376.1,598561.9,314560.3,569567.2,558439.1,596541.3,360558.3,589558.8,354925.6,527137.8,323915.6
596,09509,50.7241,13.2798,Sachsen,SN,Erzgebirgskreis,14521.0,"(50.7241, 13.2798)",336475.4,494789.0,168779.3,437499.5,473917.4,296235.2,606530.1,322528.4,573870.1,562742.0,600844.2,368526.5,593861.7,359228.5,531440.8,328218.5
597,09514,50.7191,13.1929,Sachsen,SN,Erzgebirgskreis,14521.0,"(50.7191, 13.1929)",328909.8,487223.4,179657.5,429933.9,466351.8,307113.4,598964.5,314962.8,566304.5,555176.5,593278.6,360960.9,586296.1,351662.9,523875.2,320652.9
598,09518,50.6333,13.1167,Sachsen,SN,Erzgebirgskreis,14521.0,"(50.6333, 13.1167)",322839.1,488899.6,181333.6,431610.1,460281.1,308789.6,592893.8,260669.8,567980.7,556852.6,594954.7,306667.9,587972.3,353339.1,525551.3,322329.1
599,09526,50.68066666666667,13.364166666666668,Sachsen,SN,Erzgebirgskreis,14521.0,"(50.68066666666667, 13.364166666666668)",348206.3,505588.6,173680.6,448299.1,485648.3,301136.5,618261.0,334259.4,584669.7,573541.6,611643.7,380257.4,604661.3,372531.8,542240.3,339018.0
600,09544,50.675,13.4667,Sachsen,SN,Landkreis Mittelsachsen,14522.0,"(50.675, 13.4667)",350108.9,510501.0,178593.0,453211.5,487550.8,306048.9,620163.5,291232.0,589582.1,578454.0,616556.1,337230.0,609573.7,377444.2,547152.7,343930.4
601,09548,50.63335,13.45835,Sachsen,SN,Erzgebirgskreis,14521.0,"(50.63335, 13.45835)",351167.4,513606.3,184711.8,456316.8,488609.4,312167.7,621222.1,285007.6,592687.3,581559.3,619661.4,331005.7,612679.0,378045.8,550258.0,347035.7
602,09557,50.8561,13.0741,Sachsen,SN,Landkreis Mittelsachsen,14522.0,"(50.8561, 13.0741)",324526.4,469070.1,147864.5,411780.6,461968.4,275320.5,594581.1,310579.4,548151.2,537023.1,575125.3,356577.5,568142.8,333789.0,505721.9,302499.6
603,09569,50.860625,13.177325,Sachsen,SN,Landkreis Mittelsachsen,14522.0,"(50.860625, 13.177325)",335708.3,480252.0,145633.9,422962.5,473150.3,273089.8,605763.0,321761.3,559333.1,548205.1,586307.2,367759.4,579324.8,344971.0,516903.8,313681.5
604,09573,50.80595,13.13435,Sachsen,SN,Landkreis Mittelsachsen,14522.0,"(50.80595, 13.13435)",320466.8,478155.7,170869.2,420866.2,457908.8,298325.1,590521.5,306519.8,557236.8,546108.7,584210.9,352517.9,577228.4,342874.6,514807.5,311585.2
605,09575,50.8,13.2333,Sachsen,SN,Landkreis Mittelsachsen,14522.0,"(50.8, 13.2333)",342149.8,486693.5,155295.6,429404.0,479591.8,282751.6,612204.5,328202.8,565774.6,554646.6,592748.7,374200.9,585766.2,351412.5,523345.3,320123.0
606,09577,50.8667,13.0167,Sachsen,SN,Landkreis Mittelsachsen,14522.0,"(50.8667, 13.0167)",318598.5,463142.2,155855.7,405852.7,456040.5,283311.6,588653.2,304651.5,542223.3,531095.2,569197.4,350649.6,562214.9,327861.1,499794.0,296571.7
607,09579,50.7702,13.16645,Sachsen,SN,Erzgebirgskreis,14521.0,"(50.7702, 13.16645)",325920.5,485098.3,173067.4,427808.8,463362.5,300523.4,595975.2,311973.5,564179.4,553051.4,591153.5,357971.6,584171.1,345072.9,521750.1,318527.8
608,09599,50.9109,13.3388,Sachsen,SN,Landkreis Mittelsachsen,14522.0,"(50.9109, 13.3388)",343350.3,505828.3,145139.7,430604.5,480792.3,272595.6,613405.0,329403.3,584909.4,573781.4,611883.5,375401.4,586966.7,343990.9,542480.1,339761.5
609,09600,50.91033333333333,13.3632,Sachsen,SN,Landkreis Mittelsachsen,14522.0,"(50.91033333333333, 13.3632)",345424.9,505962.1,145273.5,432679.2,482866.9,272729.4,615479.6,331478.0,585043.2,573915.2,612017.3,377476.0,589041.4,344124.7,542613.9,339895.4
610,09603,50.966,13.2859,Sachsen,SN,Landkreis Mittelsachsen,14522.0,"(50.966, 13.2859)",349726.5,503769.4,143080.7,436980.7,487168.4,270536.6,619781.1,335779.5,582850.5,571722.4,609824.5,381777.5,593342.9,341931.9,540421.1,337702.6
611,09618,50.80615,13.32365,Sachsen,SN,Landkreis Mittelsachsen,14522.0,"(50.80615, 13.32365)",350076.8,517869.1,157180.5,437331.0,487518.7,284636.4,620131.4,336129.8,596950.2,585822.2,623924.3,382127.8,593693.2,356031.7,554520.9,351802.4
612,09619,50.7593,13.429466666666665,Sachsen,SN,Landkreis Mittelsachsen,14522.0,"(50.7593, 13.429466666666665)",363010.7,527638.8,166950.1,450265.0,500452.7,294406.0,633065.4,349063.7,606719.9,595591.8,633693.9,395061.8,606627.2,365801.3,564290.5,361572.0
613,09623,50.7703,13.53645,Sachsen,SN,Landkreis Mittelsachsen,14522.0,"(50.7703, 13.53645)",369654.2,530912.3,170223.6,456908.4,507096.1,297679.5,639708.8,355707.2,609993.4,598865.3,636967.5,401705.2,613270.6,369074.9,567564.0,364845.5
614,09627,50.90495,13.4206,Sachsen,SN,Landkreis Mittelsachsen,14522.0,"(50.90495, 13.4206)",349759.5,510779.1,150090.4,437013.7,487201.5,277546.4,619814.2,335812.5,589860.2,578732.1,616834.3,381810.6,593376.0,348941.7,547430.8,344712.3
615,09629,51.0082,13.3654,Sachsen,SN,Landkreis Mittelsachsen,14522.0,"(51.0082, 13.3654)",347736.9,494411.0,133722.4,434991.1,485178.8,261178.3,617791.5,333789.9,573492.1,562364.1,600466.2,379787.9,591353.3,332573.6,531062.8,328344.2
616,09633,50.95,13.35,Sachsen,SN,Landkreis Mittelsachsen,14522.0,"(50.95, 13.35)",354505.2,501592.1,140903.4,441759.4,491947.2,268359.3,624559.9,340558.2,580673.2,569545.1,607647.2,386556.3,598121.6,339754.6,538243.8,335525.3
617,09634,51.0311,13.3081,Sachsen,SN,Landkreis Mittelsachsen,14522.0,"(51.0311, 13.3081)",342230.9,495773.8,135085.2,429485.1,479672.8,262541.1,612285.5,328283.9,574854.9,563726.9,601829.0,374281.9,585847.3,333936.4,532425.6,329707.1
618,09638,50.8333,13.4167,Sachsen,SN,Landkreis Mittelsachsen,14522.0,"(50.8333, 13.4167)",356139.5,517397.6,156708.9,443393.7,493581.4,284164.9,626194.1,342192.5,596478.7,585350.6,623452.8,388190.5,599755.9,355560.2,554049.4,351330.8
619,09648,51.00096666666667,12.9807,Sachsen,SN,Landkreis Mittelsachsen,14522.0,"(51.00096666666667, 12.9807)",326356.5,470900.2,133721.3,413610.7,463798.5,261177.2,596411.2,312409.5,549981.3,538853.3,576955.4,358407.6,569972.9,332572.5,507552.0,304329.7
620,09661,50.956,13.051075,Sachsen,SN,Landkreis Mittelsachsen,14522.0,"(50.956, 13.051075)",322221.1,466764.8,135048.0,409475.3,459663.1,262503.9,592275.8,308274.1,545845.9,534717.9,572820.0,354272.2,565837.6,331483.8,503416.6,300194.3
621,09669,50.9259,13.0596,Sachsen,SN,Landkreis Mittelsachsen,14522.0,"(50.9259, 13.0596)",318283.7,462827.5,137445.4,405538.0,455725.7,264901.3,588338.4,304336.8,541908.6,530780.5,568882.6,350334.8,561900.2,327546.4,499479.2,296256.9
622,10115,52.5323,13.3846,Berlin,BE,"Berlin, Stadt",11000.0,"(52.5323, 13.3846)",500979.4,493976.0,152949.0,549624.6,638421.4,53129.1,771034.1,504863.2,557562.2,564832.5,584536.3,537629.9,611421.0,347947.3,524616.4,381330.2
623,10117,52.517,13.3872,Berlin,BE,"Berlin, Stadt",11000.0,"(52.517, 13.3872)",498500.8,491497.4,150470.4,547146.0,635942.7,50327.8,768555.4,502384.6,555083.6,562353.8,582057.7,535151.3,608942.4,345468.7,522137.8,378851.5
624,10119,52.5305,13.4053,Berlin,BE,"Berlin, Stadt",11000.0,"(52.5305, 13.4053)",502910.7,495907.4,154880.3,551555.9,640352.7,53333.9,772965.4,506794.6,559493.6,566763.8,586467.7,539561.3,613352.4,349878.6,526547.7,383261.5
625,10178,52.5213,13.4096,Berlin,BE,"Berlin, Stadt",11000.0,"(52.5213, 13.4096)",500040.7,493037.3,152010.3,548685.9,637482.7,51867.8,770095.4,503924.6,556623.6,563893.8,583597.6,536691.3,610482.3,347008.6,523677.7,380391.5
626,10179,52.5122,13.4164,Berlin,BE,"Berlin, Stadt",11000.0,"(52.5122, 13.4164)",504223.0,497219.6,156192.6,552868.2,641665.0,52627.0,774277.6,508106.8,560805.8,568076.0,587779.9,540873.5,614664.6,351190.9,527860.0,384573.7
627,10243,52.5123,13.4394,Berlin,BE,"Berlin, Stadt",11000.0,"(52.5123, 13.4394)",502891.1,495887.7,154860.7,551536.2,640333.0,54718.1,772945.7,506774.9,559473.9,566744.1,586448.0,539541.6,613332.7,349858.9,526528.0,383241.8
628,10245,52.5007,13.4647,Berlin,BE,"Berlin, Stadt",11000.0,"(52.5007, 13.4647)",508691.3,501688.0,160660.9,557336.5,646133.3,56589.5,778746.0,512575.2,565274.2,572544.4,592248.3,545341.9,619133.0,355659.2,532328.3,389042.1
629,10247,52.5161,13.4656,Berlin,BE,"Berlin, Stadt",11000.0,"(52.5161, 13.4656)",504190.0,497186.6,156159.6,552835.1,641631.9,56017.0,774244.6,508073.8,560772.8,568043.0,587746.9,540840.5,614631.6,351157.8,527826.9,384540.7
630,10249,52.5238,13.4428,Berlin,BE,"Berlin, Stadt",11000.0,"(52.5238, 13.4428)",502606.3,495602.9,154575.9,551251.5,640048.2,54433.3,772660.9,506490.1,559189.1,566459.3,586163.2,539256.8,613047.9,349574.2,526243.3,382957.0
631,10315,52.5132,13.5148,Berlin,BE,"Berlin, Stadt",11000.0,"(52.5132, 13.5148)",519683.8,512680.4,171653.4,568329.0,657125.8,86469.1,789738.5,523567.6,576266.7,583536.9,603240.7,556334.4,630125.4,366651.7,543320.8,400034.6
632,10317,52.4979,13.4908,Berlin,BE,"Berlin, Stadt",11000.0,"(52.4979, 13.4908)",518229.5,511226.1,170199.1,566874.7,655671.5,86087.1,788284.2,522113.3,574812.3,582082.6,601786.4,554880.0,628671.1,365197.4,541866.5,398580.3
633,10318,52.4835,13.5287,Berlin,BE,"Berlin, Stadt",11000.0,"(52.4835, 13.5287)",514984.5,507981.1,166954.1,563629.7,652426.5,64069.7,785039.2,518868.3,571567.3,578837.6,598541.4,551635.0,625426.1,361952.4,538621.5,395335.3
634,10319,52.4992,13.5188,Berlin,BE,"Berlin, Stadt",11000.0,"(52.4992, 13.5188)",517283.3,510279.9,169252.9,565928.5,654725.3,87035.3,787338.0,521167.2,573866.2,581136.4,600840.2,553933.9,627724.9,364251.2,540920.3,397634.1
635,10365,52.5206,13.4969,Berlin,BE,"Berlin, Stadt",11000.0,"(52.5206, 13.4969)",506984.3,499981.0,158953.9,555629.5,644426.3,83407.3,777039.0,510868.2,563567.2,570837.4,590541.2,543634.9,617425.9,353952.2,530621.3,387335.1
636,10367,52.5246,13.4821,Berlin,BE,"Berlin, Stadt",11000.0,"(52.5246, 13.4821)",506282.8,499279.4,158252.4,554928.0,643724.8,82135.7,776337.5,510166.7,562865.7,570135.9,589839.7,542933.4,616724.4,353250.7,529919.8,386633.6
637,10369,52.5295,13.4695,Berlin,BE,"Berlin, Stadt",11000.0,"(52.5295, 13.4695)",504822.4,497819.0,156792.0,553467.5,642264.3,81693.8,774877.0,508706.2,561405.2,568675.4,588379.3,541472.9,615264.0,351790.2,528459.4,385173.1
638,10405,52.5352,13.4257,Berlin,BE,"Berlin, Stadt",11000.0,"(52.5352, 13.4257)",502030.6,495027.3,154000.2,550675.8,639472.6,79276.3,772085.3,505914.5,558613.5,565883.7,585587.6,538681.2,612472.3,348998.5,525667.6,382381.4
639,10407,52.5336,13.4492,Berlin,BE,"Berlin, Stadt",11000.0,"(52.5336, 13.4492)",506420.1,499416.7,158389.7,555065.2,643862.0,80254.5,776474.7,510303.9,563002.9,570273.1,589977.0,543070.6,616861.7,353387.9,530057.0,386770.8
640,10409,52.5443,13.4414,Berlin,BE,"Berlin, Stadt",11000.0,"(52.5443, 13.4414)",505268.8,498265.4,157238.4,553913.9,642710.7,78805.5,775323.4,509152.6,561851.6,569121.8,588825.7,541919.3,615710.4,352236.6,528905.7,385619.5
641,10435,52.5378,13.4112,Berlin,BE,"Berlin, Stadt",11000.0,"(52.5378, 13.4112)",503218.5,496215.1,155188.1,551863.7,640660.4,79643.7,773273.1,507102.3,559801.3,567071.5,586775.4,539869.0,613660.1,350186.3,526855.5,383569.2
642,10437,52.5449,13.4126,Berlin,BE,"Berlin, Stadt",11000.0,"(52.5449, 13.4126)",503522.0,496518.6,155491.6,552167.2,640964.0,78760.6,773576.7,507405.8,560104.8,567375.1,587078.9,540172.5,613963.6,350489.9,527159.0,383872.8
643,10439,52.5522,13.4121,Berlin,BE,"Berlin, Stadt",11000.0,"(52.5522, 13.4121)",502575.7,495572.4,154545.3,551220.9,640017.7,78084.5,772630.4,506459.6,559158.6,566428.8,586132.7,539226.3,613017.4,349543.6,526212.7,382926.5
644,10551,52.5307,13.3372,Berlin,BE,"Berlin, Stadt",11000.0,"(52.5307, 13.3372)",497181.8,490178.4,149151.4,545827.0,634623.8,48052.4,767236.5,501065.6,553764.6,561034.9,580738.7,533832.3,607623.4,344149.7,520818.8,377532.6
645,10553,52.5305,13.3215,Berlin,BE,"Berlin, Stadt",11000.0,"(52.5305, 13.3215)",495874.5,488871.1,147844.1,544519.7,633316.5,47285.6,765929.1,499758.3,552457.3,559727.5,579431.4,532525.0,606316.1,342842.4,519511.5,376225.2
646,10555,52.5215,13.3355,Berlin,BE,"Berlin, Stadt",11000.0,"(52.5215, 13.3355)",495372.3,488368.9,147341.9,544017.5,632814.3,47199.4,765427.0,499256.1,551955.2,559225.4,578929.2,532022.8,605813.9,342340.2,519009.3,375723.1
647,10557,52.5233,13.3594,Berlin,BE,"Berlin, Stadt",11000.0,"(52.5233, 13.3594)",496953.6,489950.2,148923.2,545598.8,634395.6,48780.7,767008.3,500837.4,553536.5,560806.7,580510.5,533604.1,607395.2,343921.5,520590.6,377304.4
648,10559,52.5301,13.3499,Berlin,BE,"Berlin, Stadt",11000.0,"(52.5301, 13.3499)",498666.9,491663.5,150636.5,547312.1,636108.9,48540.0,768721.6,502550.7,555249.8,562520.0,582223.8,535317.4,609108.5,345634.8,522303.9,379017.7
649,10585,52.5152,13.3057,Berlin,BE,"Berlin, Stadt",11000.0,"(52.5152, 13.3057)",492666.1,485662.7,144635.7,541311.3,630108.1,44493.2,762720.8,496550.0,549249.0,556519.2,576223.0,529316.7,603107.7,339634.0,516303.1,373016.9
650,10587,52.5184,13.3195,Berlin,BE,"Berlin, Stadt",11000.0,"(52.5184, 13.3195)",493774.7,486771.3,145744.3,542419.9,631216.7,45601.7,763829.4,497658.5,550357.5,557627.8,577331.6,530425.2,604216.3,340742.6,517411.7,374125.4
651,10589,52.5276,13.3057,Berlin,BE,"Berlin, Stadt",11000.0,"(52.5276, 13.3057)",494898.7,487895.4,146868.3,543543.9,632340.7,46011.7,764953.4,498782.6,551481.6,558751.8,578455.7,531549.3,605340.4,341866.6,518535.7,375249.5
652,10623,52.5088,13.3274,Berlin,BE,"Berlin, Stadt",11000.0,"(52.5088, 13.3274)",494108.3,487104.9,146077.9,542753.4,631550.2,45935.3,764162.9,497992.1,550691.1,557961.3,577665.2,530758.8,604549.9,341076.1,517745.3,374459.0
653,10625,52.5095,13.3147,Berlin,BE,"Berlin, Stadt",11000.0,"(52.5095, 13.3147)",493157.6,486154.3,145127.2,541802.8,630599.6,44984.7,763212.3,497041.5,549740.5,557010.7,576714.6,529808.2,603599.3,340125.5,516794.6,373508.4
654,10627,52.508,13.303,Berlin,BE,"Berlin, Stadt",11000.0,"(52.508, 13.303)",491614.0,484610.6,143583.6,540259.2,629056.0,44041.0,761668.7,495497.9,548196.9,555467.1,575170.9,528264.6,602055.6,338581.9,515251.0,371964.8
655,10629,52.5028,13.3086,Berlin,BE,"Berlin, Stadt",11000.0,"(52.5028, 13.3086)",492507.7,485504.4,144477.3,541152.9,629949.7,44957.0,762562.4,496391.6,549090.6,556360.8,576064.6,529158.3,602949.3,339475.6,516144.7,372858.5
