,zipcode,lat,long,state,state_code,community_name,community_code,coor,AKB Kitzingen,AKB Dortmund,AKB Zörbig,AKB Schöneck,AKB Buch,Mosolf Etzin,Mosolf Kippenheim,BLG Kelheim,BLG Duisburg,BLG Neuss,Carservice Erkens,ARS Altmann Wolnzach,CAT Zülpich,Autohaus Siebrecht,Neu: FleetParQ Essen ,Neu: FleetParQ Kassel
2870,39122,52.0891,11.6586,Sachsen-Anhalt,ST,Landeshauptstadt Magdeburg,15003.0,"(52.0891, 11.6586)",365194.0,360672.6,81114.8,431988.7,569034.4,135476.6,657871.6,435476.3,424258.8,431529.0,451232.9,468243.0,478117.6,214643.8,391312.9,248026.7
2871,39124,52.1638,11.6333,Sachsen-Anhalt,ST,Landeshauptstadt Magdeburg,15003.0,"(52.1638, 11.6333)",382204.8,348172.0,98125.5,419488.1,586045.2,124615.2,645371.0,452487.0,411758.2,419028.4,438732.3,485253.7,465617.0,202143.2,378812.3,235526.1
2872,39126,52.1805,11.6504,Sachsen-Anhalt,ST,Landeshauptstadt Magdeburg,15003.0,"(52.1805, 11.6504)",384798.0,350765.2,100718.8,422081.3,588638.4,122125.6,647964.2,455080.3,414351.4,421621.7,441325.5,487847.0,468210.2,204736.5,381405.6,238119.3
2873,39128,52.1624,11.6165,Sachsen-Anhalt,ST,Landeshauptstadt Magdeburg,15003.0,"(52.1624, 11.6165)",379693.3,345660.5,95614.1,416976.6,583533.7,126402.9,642859.5,449975.6,409246.7,416517.0,436220.8,482742.3,463105.5,199631.8,376300.9,233014.7
2874,39130,52.1561,11.5789,Sachsen-Anhalt,ST,Landeshauptstadt Magdeburg,15003.0,"(52.1561, 11.5789)",376408.1,343049.0,92328.8,414365.0,580248.5,128140.4,640248.0,446690.4,406635.2,413905.4,433609.3,479457.1,460494.0,197020.2,373689.3,230403.1
2875,39164,52.0633,11.41835,Sachsen-Anhalt,ST,Börde,15083.0,"(52.0633, 11.41835)",353592.1,341490.0,89773.6,412806.1,577693.2,145559.4,638689.0,444135.1,405076.2,412346.4,432050.3,476901.8,458935.0,195461.2,372130.3,228844.1
2876,39167,52.1390125,11.4449875,Sachsen-Anhalt,ST,Börde,15083.0,"(52.1390125, 11.4449875)",382283.1,336681.2,98203.8,407997.2,586123.4,136489.4,633880.2,452565.3,400267.4,407537.6,427241.5,485332.0,454126.2,190652.4,367321.5,224035.3
2877,39171,52.0167,11.55,Sachsen-Anhalt,ST,Börde,15083.0,"(52.0167, 11.55)",351210.0,358583.7,80788.2,429899.7,568707.8,145952.0,655782.7,435149.7,422169.9,429440.1,449144.0,467916.4,476028.7,212554.9,389224.0,245937.8
2878,39175,52.14175,11.7565125,Sachsen-Anhalt,ST,Jerichower Land,15086.0,"(52.14175, 11.7565125)",382393.9,360915.8,98314.7,432231.9,586234.3,121088.3,658114.8,452676.2,424502.0,431772.3,451476.1,485442.9,478360.8,214887.1,391556.2,248270.0
2879,39179,52.19256666666666,11.5963,Sachsen-Anhalt,ST,Börde,15083.0,"(52.19256666666666, 11.5963)",379213.4,345180.6,95134.1,416496.7,583053.8,123436.4,642379.6,449495.6,408766.8,416037.0,435740.9,482262.4,462625.6,199151.8,375820.9,232534.7
2880,39217,52.0183,11.724,Sachsen-Anhalt,ST,Salzlandkreis,15089.0,"(52.0183, 11.724)",358259.6,368890.7,74180.3,417666.4,562100.0,156259.1,643549.3,428541.9,432476.9,439747.2,459451.0,461308.6,486335.7,222862.0,399531.1,256244.8
2881,39218,52.0183,11.724,Sachsen-Anhalt,ST,Salzlandkreis,15089.0,"(52.0183, 11.724)",358259.6,368890.7,74180.3,417666.4,562100.0,156259.1,643549.3,428541.9,432476.9,439747.2,459451.0,461308.6,486335.7,222862.0,399531.1,256244.8
2882,39221,51.9675625,11.7097125,Sachsen-Anhalt,ST,Salzlandkreis,15089.0,"(51.9675625, 11.7097125)",358325.2,368956.3,74245.9,417731.9,562165.6,156324.7,643614.9,428607.5,432542.5,439812.8,459516.6,461374.2,486401.3,222927.6,399596.7,256310.4
2883,39240,51.8947125,11.837,Sachsen-Anhalt,ST,Salzlandkreis,15089.0,"(51.8947125, 11.837)",351198.9,386769.9,47461.1,410605.7,555039.3,174138.3,636488.6,421481.2,450356.1,457626.3,477330.2,454247.9,504214.9,211212.3,417410.2,244595.2
2884,39245,52.060425,11.8315,Sachsen-Anhalt,ST,Jerichower Land,15086.0,"(52.060425, 11.8315)",372523.4,383154.5,88444.1,431930.1,576363.8,127277.7,657813.1,442805.6,446740.7,454010.9,473714.8,475572.3,500599.5,237125.7,413794.8,270508.6
2885,39249,51.972766666666665,11.837433333333331,Sachsen-Anhalt,ST,Salzlandkreis,15089.0,"(51.972766666666665, 11.837433333333331)",366141.4,376772.6,65899.7,425548.2,569981.8,164140.9,651431.1,436423.7,440358.8,447629.0,467332.9,469190.4,494217.6,230743.8,407412.9,264126.7
2886,39261,51.9662,12.0852,Sachsen-Anhalt,ST,Anhalt-Bitterfeld,15082.0,"(51.9662, 12.0852)",404718.5,391224.6,56688.1,453363.6,542160.4,126575.8,674773.1,408602.3,454810.8,462081.0,481784.9,441369.0,508669.6,230117.4,421865.0,263500.2
2887,39264,51.99757307692308,12.082661538461538,Sachsen-Anhalt,ST,Anhalt-Bitterfeld,15082.0,"(51.99757307692308, 12.082661538461538)",408412.7,402519.7,60382.3,457057.9,545854.7,114327.7,678467.4,412296.6,466105.9,473376.1,493080.0,445063.3,519964.7,233403.5,433160.0,266786.4
2888,39279,52.094671428571424,12.053757142857142,Sachsen-Anhalt,ST,Jerichower Land,15086.0,"(52.094671428571424, 12.053757142857142)",423932.8,388976.2,75902.4,460292.3,561374.7,100784.2,686175.2,427816.6,452562.4,459832.6,479536.5,460583.3,506421.2,242947.4,419616.5,276330.3
2889,39288,52.2667,11.8631,Sachsen-Anhalt,ST,Jerichower Land,15086.0,"(52.2667, 11.8631)",401289.8,367257.0,117210.6,438573.1,605130.2,105152.8,664456.0,471572.1,430843.2,438113.4,457817.3,504338.8,484702.0,221228.3,397897.4,254611.1
2890,39291,52.21354324324325,11.94894054054054,Sachsen-Anhalt,ST,Jerichower Land,15086.0,"(52.21354324324325, 11.94894054054054)",415043.9,381011.1,87589.5,452327.2,618884.3,102083.6,678210.1,485326.2,444597.3,451867.6,471571.4,518092.9,498456.1,234982.4,411651.5,268365.3
2891,39307,52.38342,12.1923,Sachsen-Anhalt,ST,Jerichower Land,15086.0,"(52.38342, 12.1923)",431861.4,397828.6,113238.0,469144.7,598710.4,55297.9,695027.6,465152.2,461414.8,468685.1,488388.9,497918.9,515273.6,251799.9,428469.0,285182.8
2892,39317,52.3833,12.0167,Sachsen-Anhalt,ST,Jerichower Land,15086.0,"(52.3833, 12.0167)",424256.6,390223.8,140177.4,461539.9,628097.0,65648.2,687422.8,494538.9,453810.0,461080.2,480784.1,527305.6,507668.8,244195.1,420864.2,277577.9
2893,39319,52.47595,12.07545,Sachsen-Anhalt,ST,Jerichower Land,15086.0,"(52.47595, 12.07545)",442269.6,408236.8,140129.7,479552.9,646110.0,80217.4,705435.8,512551.9,471823.0,479093.2,498797.1,545318.6,525681.8,262208.1,438877.2,295590.9
2894,39326,52.251250000000006,11.60286,Sachsen-Anhalt,ST,Börde,15083.0,"(52.251250000000006, 11.60286)",388132.7,354099.9,104053.4,425415.9,591973.1,129126.1,651298.9,458414.9,417686.1,424956.3,444660.2,491181.6,471544.9,208071.1,384740.2,241454.0
2895,39340,52.3006,11.4303,Sachsen-Anhalt,ST,Börde,15083.0,"(52.3006, 11.4303)",393009.5,339757.7,108930.2,411073.7,596849.9,144889.7,636956.7,463291.7,403343.9,410614.1,430318.0,496058.4,457202.7,193728.9,370398.0,227111.8
2896,39343,52.2288,11.272060869565218,Sachsen-Anhalt,ST,Börde,15083.0,"(52.2288, 11.272060869565218)",397150.3,326725.4,113071.1,398041.5,600990.7,149602.6,623924.4,467432.6,390311.7,397581.9,417285.7,500199.3,444170.4,180696.7,357365.8,214079.6
2897,39345,52.3234,11.391316666666668,Sachsen-Anhalt,ST,Börde,15083.0,"(52.3234, 11.391316666666668)",397558.4,341105.2,113479.2,412421.3,601398.8,149438.7,638304.2,467840.7,404691.4,411961.6,431665.5,500607.4,458550.2,195076.5,371745.6,228459.3
2898,39356,52.31201,11.09866,Sachsen-Anhalt,ST,Börde,15083.0,"(52.31201, 11.09866)",403485.6,310053.1,128851.7,381369.2,598416.2,165383.3,607252.1,483213.3,373639.3,380909.6,400613.4,515980.0,427498.1,164024.4,340693.5,197407.3
2899,39359,52.39066666666667,11.179733333333331,Sachsen-Anhalt,ST,Börde,15083.0,"(52.39066666666667, 11.179733333333331)",415675.5,322243.1,133432.6,393559.1,621352.3,169392.1,619442.1,487794.1,385829.3,393099.5,412803.4,520560.8,439688.1,176214.3,352883.4,209597.2
2900,39365,52.147215384615386,11.22092307692308,Sachsen-Anhalt,ST,Börde,15083.0,"(52.147215384615386, 11.22092307692308)",414785.8,321353.3,117013.6,392669.4,604933.3,153545.1,618552.3,471375.1,384939.5,392209.8,411913.6,504141.8,438798.3,175324.6,351993.7,208707.4
2901,39387,52.0493875,11.194325,Sachsen-Anhalt,ST,Börde,15083.0,"(52.0493875, 11.194325)",356707.6,336900.9,108808.2,389414.2,596727.8,164594.0,615297.1,463169.7,400487.2,407757.4,427461.2,495936.4,454345.9,172069.4,367541.3,205452.3
2902,39393,52.0894,11.055922222222222,Sachsen-Anhalt,ST,Börde,15083.0,"(52.0894, 11.055922222222222)",378313.5,325183.3,133978.6,396499.3,621898.2,170510.1,622382.2,488340.1,388769.5,396039.7,415743.5,521106.8,442628.2,179154.5,355823.6,212537.4
2903,39397,51.94935,11.2032,Sachsen-Anhalt,ST,Börde,15083.0,"(51.94935, 11.2032)",347732.3,346141.5,95070.0,375292.1,542662.9,171606.8,601175.0,449859.7,409727.7,416997.9,436701.8,482626.4,463586.5,157947.3,376781.8,191330.2
2904,39418,51.8343,11.5759,Sachsen-Anhalt,ST,Salzlandkreis,15089.0,"(51.8343, 11.5759)",325291.8,386796.1,53741.7,384698.5,542089.5,174164.5,610581.5,408531.4,450382.3,457652.6,477356.4,441298.1,504241.1,184672.5,417436.5,218055.4
2905,39435,51.92671428571429,11.482228571428571,Sachsen-Anhalt,ST,Salzlandkreis,15089.0,"(51.92671428571429, 11.482228571428571)",333246.4,372992.9,72507.6,392653.1,560427.3,160361.3,618536.0,426869.2,436579.1,443849.3,463553.2,459635.9,490437.9,189812.5,403633.3,223195.3
2906,39439,51.799,11.613333333333337,Sachsen-Anhalt,ST,Salzlandkreis,15089.0,"(51.799, 11.613333333333337)",321843.5,391767.1,51166.2,381250.3,539514.0,179135.5,607133.2,405955.9,455353.4,462623.6,482327.4,438722.6,509212.1,182166.9,422407.5,215549.8
2907,39443,51.881725,11.64265,Sachsen-Anhalt,ST,Salzlandkreis,15089.0,"(51.881725, 11.64265)",341501.1,380120.7,52233.9,400907.9,545341.5,167489.1,626790.8,411783.4,443706.9,450977.2,470681.0,444550.1,497565.7,201514.5,410761.1,234897.4
2908,39444,51.847,11.5342,Sachsen-Anhalt,ST,Salzlandkreis,15089.0,"(51.847, 11.5342)",325350.1,388644.7,58251.5,384756.9,546599.3,176013.1,610639.8,413041.2,452230.9,459501.1,479205.0,445807.9,506089.7,181916.2,419285.1,215299.1
2909,39446,51.8761,11.5397,Sachsen-Anhalt,ST,Salzlandkreis,15089.0,"(51.8761, 11.5397)",332435.4,378849.4,59164.7,391842.2,547512.5,166217.7,617725.1,413954.4,442435.6,449705.8,469409.7,446721.1,496294.4,187510.2,409489.7,220893.1
2910,39448,51.953633333333336,11.390166666666666,Sachsen-Anhalt,ST,Salzlandkreis,15089.0,"(51.953633333333336, 11.390166666666666)",334813.1,371319.2,82150.8,394219.8,529743.7,158687.6,620102.8,436940.5,434905.4,442175.6,461879.5,469707.2,488764.2,176686.0,401959.6,210068.9
2911,39517,52.4242875,11.824854166666666,Sachsen-Anhalt,ST,Landkreis Stendal,15090.0,"(52.4242875, 11.824854166666666)",421389.0,387356.2,137309.7,458672.2,625229.4,77509.4,684555.2,491671.2,450942.4,458212.6,477916.5,524437.9,504801.2,241327.4,417996.5,274710.3
2912,39524,52.67211428571428,12.090192857142856,Sachsen-Anhalt,ST,Landkreis Stendal,15090.0,"(52.67211428571428, 12.090192857142856)",462697.4,428664.6,178618.1,499980.7,666537.8,73298.5,725863.6,532979.7,492250.8,499521.0,519224.9,565746.4,546109.6,282635.8,459305.0,316018.7
2913,39539,52.8309,12.0755,Sachsen-Anhalt,ST,Landkreis Stendal,15090.0,"(52.8309, 12.0755)",479938.8,445906.0,195859.5,517222.0,683779.1,87308.2,743104.9,550221.0,509492.2,516762.4,536466.2,582987.7,563350.9,299877.2,476546.3,333260.1
2914,39576,52.6069,11.8587,Sachsen-Anhalt,ST,Landkreis Stendal,15090.0,"(52.6069, 11.8587)",437384.1,403351.3,153304.8,474667.3,641224.4,85324.7,700550.2,507666.3,466937.5,474207.7,493911.5,540433.0,520796.2,257322.5,433991.6,290705.4
2915,39579,52.60089000000001,11.74854,Sachsen-Anhalt,ST,Landkreis Stendal,15090.0,"(52.60089000000001, 11.74854)",442722.3,372162.6,158643.1,443478.7,646562.7,96587.0,669361.6,513004.6,435748.8,443019.0,462722.9,545771.3,489607.6,226133.9,402803.0,259516.7
2916,39590,52.57233333333334,11.9547,Sachsen-Anhalt,ST,Landkreis Stendal,15090.0,"(52.57233333333334, 11.9547)",441490.5,407457.7,157411.2,478773.7,645330.9,76451.6,704656.7,511772.7,471043.9,478314.1,498018.0,544539.4,524902.7,261428.9,438098.0,294811.8
2917,39596,52.699242857142856,11.929835714285714,Sachsen-Anhalt,ST,Landkreis Stendal,15090.0,"(52.699242857142856, 11.929835714285714)",461760.8,427727.9,177681.5,499044.0,665601.1,105436.3,724926.9,532043.0,491314.2,498584.4,518288.2,564809.7,545172.9,281699.2,458368.3,315082.1
2918,39606,52.78317200000001,11.687668,Sachsen-Anhalt,ST,Landkreis Stendal,15090.0,"(52.78317200000001, 11.687668)",469113.7,386109.9,185034.4,457426.0,672954.0,112789.2,683308.9,539395.9,449696.1,456966.3,476670.2,572162.6,503554.9,240081.1,416750.3,273464.0
2919,39615,52.91449523809524,11.720319047619048,Sachsen-Anhalt,ST,Landkreis Stendal,15090.0,"(52.91449523809524, 11.720319047619048)",479888.4,398833.8,195809.1,469845.3,683728.8,123563.9,695728.2,550170.6,462420.0,469690.2,489394.1,582937.3,516278.8,252500.5,429474.2,285883.4
2920,39619,52.87692,11.4663,Sachsen-Anhalt,ST,Altmarkkreis Salzwedel,15081.0,"(52.87692, 11.4663)",470421.9,377294.0,194466.7,448305.5,682386.3,139770.1,674188.5,548828.2,440880.3,448150.5,467854.3,581594.9,494739.0,230960.7,407934.4,264343.6
2921,39624,52.69276666666666,11.418322222222224,Sachsen-Anhalt,ST,Altmarkkreis Salzwedel,15081.0,"(52.69276666666666, 11.418322222222224)",445167.1,361473.7,161087.8,432789.7,649007.5,125683.4,658672.7,515449.4,425059.9,432330.1,452034.0,548216.1,478918.7,215444.9,392114.0,248827.8
2922,39628,,,,,,,"(nan, nan)",0.0,0.0,0.0,0.0,0.0,0.0,0.0,0.0,0.0,0.0,0.0,0.0,0.0,0.0,0.0,0.0
2923,39629,52.64293333333333,11.562966666666668,Sachsen-Anhalt,ST,Landkreis Stendal,15090.0,"(52.64293333333333, 11.562966666666668)",442370.5,362983.0,158291.3,434299.1,646210.9,110136.9,660182.0,512652.8,426569.2,433839.4,453543.3,545419.5,480428.0,216954.2,393623.3,250337.1
2924,39638,52.51982857142857,11.39312142857143,Sachsen-Anhalt,ST,Altmarkkreis Salzwedel,15081.0,"(52.51982857142857, 11.39312142857143)",421102.2,342376.7,137022.9,413692.8,624942.6,172982.4,639575.7,491384.5,405962.9,413233.1,432937.0,524151.2,459821.7,196347.9,373017.0,229730.8
2925,39646,52.4342,10.9879,Sachsen-Anhalt,ST,Börde,15083.0,"(52.4342, 10.9879)",401734.3,308301.8,155227.9,379617.9,596664.8,191759.4,605500.8,509589.4,371888.0,379158.2,398862.1,542356.1,425746.8,162273.0,338942.1,195655.9
2926,39649,52.503375,11.1814,Sachsen-Anhalt,ST,Altmarkkreis Salzwedel,15081.0,"(52.503375, 11.1814)",423657.4,330224.9,144951.0,401541.0,618588.0,180910.5,627423.9,499312.5,393811.1,401081.4,420785.2,532079.2,447669.9,184196.2,360865.3,217579.0
2927,40210,51.2216,6.7897,Nordrhein-Westfalen,NW,"Düsseldorf, Stadt",5111.0,"(51.2216, 6.7897)",353168.9,70208.6,463678.2,249584.4,548099.5,545564.8,434078.4,556006.1,32339.6,9191.0,56749.2,563699.0,73353.2,240753.5,40791.2,230958.3
2928,40211,51.2278,6.7861,Nordrhein-Westfalen,NW,"Düsseldorf, Stadt",5111.0,"(51.2278, 6.7861)",354079.6,69627.3,464589.0,250495.2,549010.2,544983.6,434989.2,556916.9,32054.8,10405.3,56464.4,564609.7,74263.9,241664.3,40210.0,231869.1
2929,40212,51.223,6.7827,Nordrhein-Westfalen,NW,"Düsseldorf, Stadt",5111.0,"(51.223, 6.7827)",352916.2,70382.7,463425.5,249331.7,547846.7,545739.0,433825.7,555753.4,35134.3,8807.8,61761.9,563446.3,73100.5,240500.8,40965.4,230705.6
2930,40213,51.2249,6.7743,Nordrhein-Westfalen,NW,"Düsseldorf, Stadt",5111.0,"(51.2249, 6.7743)",353674.8,71201.0,464184.1,250090.3,548605.3,546557.2,434584.3,556512.0,34554.6,8228.1,61182.2,564204.9,72952.3,241259.4,41783.6,231464.2
2931,40215,51.2165,6.7836,Nordrhein-Westfalen,NW,"Düsseldorf, Stadt",5111.0,"(51.2165, 6.7836)",352309.0,71225.4,462818.4,248724.6,547239.6,531353.3,433218.6,555146.3,34895.5,8612.3,61523.0,562839.1,72493.3,239893.7,41808.1,230098.5
2932,40217,51.2157,6.7767,Nordrhein-Westfalen,NW,"Düsseldorf, Stadt",5111.0,"(51.2157, 6.7767)",352485.9,71358.3,462995.3,248901.5,547416.5,531530.2,433395.5,555323.2,34244.1,7964.1,60871.7,563016.0,71774.2,240070.6,41941.0,230275.4
2933,40219,51.2125,6.7637,Nordrhein-Westfalen,NW,"Düsseldorf, Stadt",5111.0,"(51.2125, 6.7637)",353646.8,72018.3,464156.1,250062.3,548577.3,547374.6,434556.3,556484.0,35082.2,7085.1,61709.7,564176.9,73671.7,241231.4,42600.9,231436.2
2934,40221,51.2002,6.7564,Nordrhein-Westfalen,NW,"Düsseldorf, Stadt",5111.0,"(51.2002, 6.7564)",353302.7,73475.1,463812.1,249718.3,548233.3,532347.0,434212.3,556140.0,37581.3,5022.6,61990.9,563832.8,71642.8,240887.4,44057.8,231092.2
2935,40223,51.1998,6.7727,Nordrhein-Westfalen,NW,"Düsseldorf, Stadt",5111.0,"(51.1998, 6.7727)",352472.9,82437.7,462982.2,248888.4,547403.5,531517.2,433382.4,555310.1,38648.6,6090.0,63058.3,563003.0,70813.0,240057.5,45125.1,230262.3
2936,40225,51.2055,6.7885,Nordrhein-Westfalen,NW,"Düsseldorf, Stadt",5111.0,"(51.2055, 6.7885)",351111.4,81076.2,461620.8,247527.0,546042.0,530155.7,432021.0,553948.7,40027.7,7469.1,63325.8,561641.6,71215.2,238696.1,43062.1,228900.9
2937,40227,51.2117,6.8071,Nordrhein-Westfalen,NW,"Düsseldorf, Stadt",5111.0,"(51.2117, 6.8071)",350420.4,71037.7,460929.8,246836.0,545351.0,529464.7,431330.0,553257.7,36884.2,9350.6,63511.7,560950.5,73096.8,238005.1,41620.3,228209.9
2938,40229,51.1984,6.8415,Nordrhein-Westfalen,NW,"Düsseldorf, Stadt",5111.0,"(51.1984, 6.8415)",347057.0,77021.8,457566.4,243472.6,541987.6,526101.3,427966.6,549894.3,39439.8,12777.3,66067.4,557587.1,73431.6,234641.7,51145.6,224846.5
2939,40231,51.217,6.8254,Nordrhein-Westfalen,NW,"Düsseldorf, Stadt",5111.0,"(51.217, 6.8254)",348716.5,71127.8,459225.9,245132.1,543647.1,527760.8,429626.1,551553.7,35011.6,10993.2,65154.3,559246.6,74739.3,236301.2,41710.4,226506.0
2940,40233,51.2214,6.8116,Nordrhein-Westfalen,NW,"Düsseldorf, Stadt",5111.0,"(51.2214, 6.8116)",352003.7,70048.6,462513.1,248419.3,546934.3,545404.9,432913.3,554841.0,33820.5,10075.3,58230.1,562533.9,73821.4,239588.4,40631.3,229793.2
2941,40235,51.2301,6.8216,Nordrhein-Westfalen,NW,"Düsseldorf, Stadt",5111.0,"(51.2301, 6.8216)",353219.0,69803.5,463728.3,249634.5,548149.6,545159.8,434128.5,556056.2,34033.2,11309.1,58442.9,563749.1,75055.2,240803.6,40386.2,231008.4
2942,40237,51.2352,6.8191,Nordrhein-Westfalen,NW,"Düsseldorf, Stadt",5111.0,"(51.2352, 6.8191)",353429.2,68933.7,507758.5,249844.7,548359.8,544290.0,434338.8,556266.4,33163.4,11865.9,57573.0,563959.3,75246.8,241013.8,39516.4,231218.7
2943,40239,51.2167,6.7667,Nordrhein-Westfalen,NW,"Düsseldorf, Stadt",5111.0,"(51.2167, 6.7667)",353333.4,71964.5,463842.8,249749.0,548264.0,547320.8,434243.0,556170.7,34431.2,7031.3,61058.8,563863.5,72611.0,240918.1,42547.2,231122.9
2944,40468,51.2561,6.7808,Nordrhein-Westfalen,NW,"Düsseldorf, Stadt",5111.0,"(51.2561, 6.7808)",356303.2,67766.8,506591.5,252718.7,551233.7,543123.0,437212.7,559140.4,29331.2,10640.8,53740.9,566833.3,77132.1,248298.2,38349.4,238503.1
2945,40470,51.2517,6.8143,Nordrhein-Westfalen,NW,"Düsseldorf, Stadt",5111.0,"(51.2517, 6.8143)",352235.1,67331.3,506156.1,248650.7,547165.7,542687.6,433144.7,555072.4,31561.0,12870.6,55970.6,562765.2,77847.3,247862.8,37914.0,238067.6
2946,40472,51.2686,6.81,Nordrhein-Westfalen,NW,"Düsseldorf, Stadt",5111.0,"(51.2686, 6.81)",362623.6,65925.0,504749.7,259039.2,557554.2,541281.2,443533.2,565460.9,32365.0,14693.5,56774.6,573153.8,79844.3,246456.5,36507.6,236661.3
2947,40474,51.2696,6.748,Nordrhein-Westfalen,NW,"Düsseldorf, Stadt",5111.0,"(51.2696, 6.748)",365061.4,66534.3,505359.1,261477.0,559992.0,541890.6,445971.0,567898.7,25605.7,12813.1,50015.3,575591.5,79046.3,247065.8,37117.0,237270.6
2948,40476,51.2465,6.7855,Nordrhein-Westfalen,NW,"Düsseldorf, Stadt",5111.0,"(51.2465, 6.7855)",354778.7,67577.6,506402.3,251194.3,549709.3,542933.9,435688.3,557616.0,29941.5,11251.0,54351.1,565308.9,75900.9,248109.1,38160.2,238313.9
2949,40477,51.2371,6.7795,Nordrhein-Westfalen,NW,"Düsseldorf, Stadt",5111.0,"(51.2371, 6.7795)",353872.3,68608.0,507432.8,250287.9,548802.9,543964.3,434781.9,556709.6,30429.4,10186.2,54839.0,564402.5,74928.1,249139.5,39190.7,239344.3
2950,40479,51.2167,6.7667,Nordrhein-Westfalen,NW,"Düsseldorf, Stadt",5111.0,"(51.2167, 6.7667)",353333.4,71964.5,463842.8,249749.0,548264.0,547320.8,434243.0,556170.7,34431.2,7031.3,61058.8,563863.5,72611.0,240918.1,42547.2,231122.9
2951,40489,51.2167,6.7667,Nordrhein-Westfalen,NW,"Düsseldorf, Stadt",5111.0,"(51.2167, 6.7667)",353333.4,71964.5,463842.8,249749.0,548264.0,547320.8,434243.0,556170.7,34431.2,7031.3,61058.8,563863.5,72611.0,240918.1,42547.2,231122.9
