,zipcode,lat,long,state,state_code,community_name,community_code,coor,AKB Kitzingen,AKB Dortmund,AKB Zörbig,AKB Schöneck,AKB Buch,Mosolf Etzin,Mosolf Kippenheim,BLG Kelheim,BLG Duisburg,BLG Neuss,Carservice Erkens,ARS Altmann Wolnzach,CAT Zülpich,Autohaus Siebrecht,Neu: FleetParQ Essen ,Neu: FleetParQ Kassel
3116,44791,51.49,7.2493,Nordrhein-Westfalen,NW,"Bochum, Stadt",5911.0,"(51.49, 7.2493)",361420.1,19954.1,423410.4,237094.3,556350.7,487455.5,467686.8,598876.1,48126.8,59382.6,75100.8,606568.9,119022.1,200485.6,17287.9,190690.5
3117,44793,51.4822,7.1868,Nordrhein-Westfalen,NW,"Bochum, Stadt",5911.0,"(51.4822, 7.1868)",364493.0,25901.5,426483.3,240167.3,559423.6,493402.9,468415.5,601949.0,42484.6,53740.5,69458.7,609641.9,120115.4,203558.6,11645.7,193763.4
3118,44795,51.4501,7.1984,Nordrhein-Westfalen,NW,"Bochum, Stadt",5911.0,"(51.4501, 7.1984)",361888.7,26951.8,423879.0,237562.9,556819.3,492413.9,468151.4,599344.7,46257.3,57513.1,73231.3,607037.5,119486.7,200954.2,15418.4,191159.1
3119,44797,51.4285,7.2424,Nordrhein-Westfalen,NW,"Bochum, Stadt",5911.0,"(51.4285, 7.2424)",379041.4,28647.2,425574.3,239258.3,573972.0,494109.2,459951.0,581878.6,49851.8,61107.7,76825.9,589571.5,111286.3,202649.6,19012.9,192854.4
3120,44799,51.4509,7.2388,Nordrhein-Westfalen,NW,"Bochum, Stadt",5911.0,"(51.4509, 7.2388)",360322.0,25385.2,422312.3,235996.3,555252.6,490847.2,462754.6,597778.0,48257.8,59513.7,75231.9,605470.9,114089.9,199387.6,17418.9,189592.4
3121,44801,51.4833,7.2167,Nordrhein-Westfalen,NW,"Bochum, Stadt",5911.0,"(51.4833, 7.2167)",362123.3,23131.3,424113.6,237797.6,557053.9,490632.7,468386.0,599579.3,44877.4,56133.3,71851.5,607272.2,119721.3,201188.9,14038.5,191393.7
3122,44803,51.4637,7.2446,Nordrhein-Westfalen,NW,"Bochum, Stadt",5911.0,"(51.4637, 7.2446)",358743.8,23494.3,420734.1,234418.1,553674.4,490995.7,465006.5,596199.8,48574.1,59830.0,75548.2,603892.7,116341.8,197809.3,17735.2,188014.2
3123,44805,51.518,7.2722,Nordrhein-Westfalen,NW,"Bochum, Stadt",5911.0,"(51.518, 7.2722)",361830.5,20364.5,441927.6,237504.7,556761.0,478459.2,467762.8,599286.5,55900.6,63053.6,82874.7,606979.3,119098.1,200896.0,20958.8,191100.9
3124,44807,51.5156,7.2118,Nordrhein-Westfalen,NW,"Bochum, Stadt",5911.0,"(51.5156, 7.2118)",363842.0,22379.3,447821.0,239516.2,558772.6,484352.5,469769.5,601298.0,50312.4,58616.1,77286.5,608990.9,121104.9,202907.5,19521.3,193112.4
3125,44809,51.4997,7.1944,Nordrhein-Westfalen,NW,"Bochum, Stadt",5911.0,"(51.4997, 7.1944)",364811.8,23345.8,450628.4,240486.0,559742.3,487159.9,471078.4,602267.8,44863.7,56119.6,71837.8,609960.6,122413.8,203877.3,14024.8,194082.1
3126,44866,51.4808,7.1486,Nordrhein-Westfalen,NW,"Bochum, Stadt",5911.0,"(51.4808, 7.1486)",385180.7,27782.6,431238.8,244922.8,580111.3,495284.0,466090.3,588018.0,40159.4,51415.3,67133.5,595710.8,117790.2,208314.1,9320.5,198518.9
3127,44867,51.4645,7.1418,Nordrhein-Westfalen,NW,"Bochum, Stadt",5911.0,"(51.4645, 7.1418)",384943.1,31646.9,435103.1,248787.1,579873.7,499148.3,465852.7,587780.3,39921.8,51177.6,66895.8,595473.2,117552.6,212178.4,9082.9,202383.2
3128,44869,51.4658,7.1572,Nordrhein-Westfalen,NW,"Bochum, Stadt",5911.0,"(51.4658, 7.1572)",385466.8,30214.2,433670.4,247354.4,580397.3,497715.6,466376.3,588304.0,40445.4,51701.3,67419.5,595996.9,118076.2,210745.7,9606.5,200950.5
3129,44879,51.4271,7.1543,Nordrhein-Westfalen,NW,"Bochum, Stadt",5911.0,"(51.4271, 7.1543)",366233.9,31297.0,428224.1,241908.1,561164.4,496759.1,462387.9,603689.9,44913.6,56169.4,71887.7,611382.7,113723.2,205299.4,14074.7,195504.2
3130,44892,51.4745,7.311,Nordrhein-Westfalen,NW,"Bochum, Stadt",5911.0,"(51.4745, 7.311)",354589.1,22883.4,416579.4,230263.4,549519.7,485114.3,463101.4,592045.1,53807.7,67367.6,80781.7,599738.0,114436.8,193654.7,22968.8,183859.5
3131,44894,51.4925,7.3106,Nordrhein-Westfalen,NW,"Bochum, Stadt",5911.0,"(51.4925, 7.3106)",357097.8,15631.9,419088.1,232772.1,552028.4,483133.2,465471.6,594553.8,53617.5,64873.3,80591.5,602246.7,116806.9,196163.4,22778.6,186368.2
3132,45127,51.4535,7.0102,Nordrhein-Westfalen,NW,"Essen, Stadt",5113.0,"(51.4535, 7.0102)",374293.0,38414.6,441870.8,270708.6,569223.6,505916.0,455202.6,577130.3,29387.0,40527.5,56361.1,584823.1,106902.5,218946.1,8997.3,209150.9
3133,45128,51.4457,7.0103,Nordrhein-Westfalen,NW,"Essen, Stadt",5113.0,"(51.4457, 7.0103)",373551.6,38691.6,442147.9,269967.2,568482.2,506193.0,454461.2,576388.9,28946.0,39786.1,55920.1,584081.7,106161.1,219223.1,9274.3,209428.0
3134,45130,51.434,7.0161,Nordrhein-Westfalen,NW,"Essen, Stadt",5113.0,"(51.434, 7.0161)",373035.2,39661.8,443118.0,269450.7,567965.8,507163.2,453944.8,575872.4,30436.8,39269.7,57410.9,583565.3,105644.6,220193.3,10244.5,210398.2
3135,45131,51.4273,6.9967,Nordrhein-Westfalen,NW,"Essen, Stadt",5113.0,"(51.4273, 6.9967)",371726.2,41166.7,444622.9,268141.8,566656.8,508668.0,452635.8,574563.5,32424.4,37960.8,56881.0,582256.3,104335.7,221698.2,11749.3,211903.0
3136,45133,51.4112,6.9931,Nordrhein-Westfalen,NW,"Essen, Stadt",5113.0,"(51.4112, 6.9931)",371063.5,42153.5,445609.7,267479.1,565994.1,509654.9,451973.1,573900.8,31761.6,37298.1,64902.2,581593.6,103673.0,222685.0,12736.2,212889.9
3137,45134,51.4232,7.0298,Nordrhein-Westfalen,NW,"Essen, Stadt",5113.0,"(51.4232, 7.0298)",373377.5,40797.8,444254.0,269793.0,568308.1,508299.2,454287.1,576214.7,32689.0,39612.0,59663.1,583907.6,105986.9,221329.3,11380.5,211534.1
3138,45136,51.4353,7.0352,Nordrhein-Westfalen,NW,"Essen, Stadt",5113.0,"(51.4353, 7.0352)",374573.5,37838.1,441294.3,270989.1,569504.1,505339.5,455483.1,577410.8,31073.1,40808.1,58047.2,585103.7,107183.0,218369.6,8420.8,208574.4
3139,45138,51.447,7.0381,Nordrhein-Westfalen,NW,"Essen, Stadt",5113.0,"(51.447, 7.0381)",375132.4,38376.1,441832.3,271548.0,570063.0,505877.5,456042.0,577969.7,32491.7,41366.9,59465.8,585662.5,107741.9,218907.6,8958.8,209112.4
3140,45139,51.4602,7.0439,Nordrhein-Westfalen,NW,"Essen, Stadt",5113.0,"(51.4602, 7.0439)",377427.7,37433.5,440889.7,273843.2,572358.3,504934.9,458337.3,580264.9,32486.2,43662.2,59460.2,587957.8,110037.2,217965.0,5043.7,208169.8
3141,45141,51.4705,7.0221,Nordrhein-Westfalen,NW,"Essen, Stadt",5113.0,"(51.4705, 7.0221)",378152.6,38158.4,463749.8,274568.2,573083.2,500281.3,459062.2,580989.9,31994.0,44387.1,58968.1,588682.7,110762.1,218689.9,4728.7,208894.7
3142,45143,51.4631,6.9741,Nordrhein-Westfalen,NW,"Essen, Stadt",5113.0,"(51.4631, 6.9741)",376741.7,42028.7,466860.0,273157.2,571672.3,503391.5,457651.3,579578.9,26091.0,42976.2,53065.1,587271.8,109351.2,222560.2,9037.8,212765.0
3143,45144,51.45,7.0167,Nordrhein-Westfalen,NW,"Essen, Stadt",5113.0,"(51.45, 7.0167)",376977.1,37253.1,440709.4,273392.7,571907.7,504754.5,457886.7,579814.4,30913.8,43211.6,57887.9,587507.2,109586.6,217784.6,7835.8,207989.5
3144,45145,51.449,6.9734,Nordrhein-Westfalen,NW,"Essen, Stadt",5113.0,"(51.449, 6.9734)",373672.2,41183.3,444639.6,270087.7,568602.8,508684.7,454581.8,576509.4,26578.5,39906.7,53552.5,584202.3,106281.6,221714.8,11766.0,211919.7
3145,45147,51.4408,6.9863,Nordrhein-Westfalen,NW,"Essen, Stadt",5113.0,"(51.4408, 6.9863)",373641.5,40011.7,443468.0,270057.1,568572.1,507513.1,454551.1,576478.8,27387.1,39876.1,54361.2,584171.7,106251.0,220543.2,10594.4,210748.1
3146,45149,51.4209,6.9708,Nordrhein-Westfalen,NW,"Essen, Stadt",5113.0,"(51.4209, 6.9708)",370153.4,43649.8,447106.0,266569.0,565084.0,511151.2,451063.0,572990.6,26778.1,36387.9,53752.2,580683.5,102762.9,224181.3,14232.5,214386.1
3147,45219,51.45,7.0167,Nordrhein-Westfalen,NW,"Essen, Stadt",5113.0,"(51.45, 7.0167)",376977.1,37253.1,440709.4,273392.7,571907.7,504754.5,457886.7,579814.4,30913.8,43211.6,57887.9,587507.2,109586.6,217784.6,7835.8,207989.5
3148,45239,51.3806,7.0169,Nordrhein-Westfalen,NW,"Essen, Stadt",5113.0,"(51.3806, 7.0169)",370242.0,47373.9,450830.2,266657.5,565172.5,514875.3,451151.5,573079.2,36652.5,42188.9,69793.0,580772.1,102851.4,227905.4,17956.6,218110.3
3149,45257,51.3935,7.0825,Nordrhein-Westfalen,NW,"Essen, Stadt",5113.0,"(51.3935, 7.0825)",372285.9,44368.1,447824.3,268701.5,567216.5,511869.5,453195.5,575123.1,38978.4,52054.9,65952.5,582816.0,104895.4,224899.6,14950.8,215104.4
3150,45259,51.45,7.0167,Nordrhein-Westfalen,NW,"Essen, Stadt",5113.0,"(51.45, 7.0167)",376977.1,37253.1,440709.4,273392.7,571907.7,504754.5,457886.7,579814.4,30913.8,43211.6,57887.9,587507.2,109586.6,217784.6,7835.8,207989.5
3151,45276,51.4467,7.0821,Nordrhein-Westfalen,NW,"Essen, Stadt",5113.0,"(51.4467, 7.0821)",378968.3,34976.4,438432.6,252116.6,573898.9,502477.8,459877.9,581805.6,35612.8,45202.8,62586.9,589498.4,111577.8,215507.9,5573.8,205712.7
3152,45277,51.45,7.0167,Nordrhein-Westfalen,NW,"Essen, Stadt",5113.0,"(51.45, 7.0167)",376977.1,37253.1,440709.4,273392.7,571907.7,504754.5,457886.7,579814.4,30913.8,43211.6,57887.9,587507.2,109586.6,217784.6,7835.8,207989.5
3153,45279,51.45,7.0167,Nordrhein-Westfalen,NW,"Essen, Stadt",5113.0,"(51.45, 7.0167)",376977.1,37253.1,440709.4,273392.7,571907.7,504754.5,457886.7,579814.4,30913.8,43211.6,57887.9,587507.2,109586.6,217784.6,7835.8,207989.5
3154,45289,51.4159,7.1215,Nordrhein-Westfalen,NW,"Essen, Stadt",5113.0,"(51.4159, 7.1215)",375931.9,35178.3,432105.5,272347.5,570862.5,500640.4,456841.5,578769.2,39705.5,48540.5,66679.6,586462.0,108541.4,209180.7,12337.5,199385.6
3155,45307,51.4614,7.0785,Nordrhein-Westfalen,NW,"Essen, Stadt",5113.0,"(51.4614, 7.0785)",379354.3,32939.6,436395.8,250079.8,574284.9,500441.0,460263.9,582191.6,34333.0,45588.8,61307.1,589884.4,111963.8,213471.1,3537.1,203675.9
3156,45309,51.4804,7.0714,Nordrhein-Westfalen,NW,"Essen, Stadt",5113.0,"(51.4804, 7.0714)",381586.3,35551.6,460646.3,252691.8,576516.9,497177.8,462495.9,584423.6,36565.0,47820.9,63539.1,592116.5,114195.8,216083.1,0.0,206287.9
3157,45326,51.4844,7.005,Nordrhein-Westfalen,NW,"Essen, Stadt",5113.0,"(51.4844, 7.005)",379690.0,42951.3,462460.9,276105.5,574620.6,498992.4,460599.6,582527.2,33881.7,45924.5,60855.8,590220.1,112299.5,222620.4,6656.5,212825.2
3158,45327,51.4992,7.0488,Nordrhein-Westfalen,NW,"Essen, Stadt",5113.0,"(51.4992, 7.0488)",383642.9,38720.9,458230.5,256983.2,578573.5,494762.0,464552.5,586480.2,37224.7,49877.4,64198.8,594173.0,116252.4,218389.9,3802.6,208594.8
3159,45329,51.5032,7.0073,Nordrhein-Westfalen,NW,"Essen, Stadt",5113.0,"(51.5032, 7.0073)",391566.9,39736.0,459245.5,257998.3,586497.5,495777.0,472476.5,594404.1,33934.2,58042.8,60908.2,602097.0,124176.4,219405.0,12192.2,209609.8
3160,45355,51.4698,6.9517,Nordrhein-Westfalen,NW,"Essen, Stadt",5113.0,"(51.4698, 6.9517)",382342.5,44983.2,470130.8,278758.0,577273.0,506662.3,463252.0,585179.7,24819.7,43686.1,51793.8,592872.6,114951.9,225514.7,15565.9,215719.5
3161,45356,51.4824,6.9748,Nordrhein-Westfalen,NW,"Essen, Stadt",5113.0,"(51.4824, 6.9748)",388395.1,48348.9,467858.4,284810.6,583325.7,504389.9,469304.6,591232.3,30762.3,44948.7,57736.4,598925.2,121004.5,228017.9,9403.8,218222.8
3162,45357,51.4918,6.9402,Nordrhein-Westfalen,NW,"Essen, Stadt",5113.0,"(51.4918, 6.9402)",386989.3,46943.1,466452.6,283404.8,581919.8,502984.1,467898.8,589826.5,29356.5,53465.2,56330.6,597519.4,119598.7,226612.1,19399.4,216817.0
3163,45359,51.4681,6.9174,Nordrhein-Westfalen,NW,"Essen, Stadt",5113.0,"(51.4681, 6.9174)",381209.2,49234.4,468744.0,277624.8,576139.8,505275.5,462118.8,584046.5,23686.5,47685.1,50660.6,591739.3,113818.7,228903.5,18818.2,219108.3
3164,45468,51.4268,6.8806,Nordrhein-Westfalen,NW,"Mülheim an der Ruhr, Stadt",5117.0,"(51.4268, 6.8806)",372789.4,48911.8,487528.7,269205.0,567720.0,524060.2,453699.0,575626.6,18935.9,39265.3,45910.0,583319.5,105398.9,229443.3,19494.4,219648.1
3165,45470,51.4194,6.8937,Nordrhein-Westfalen,NW,"Mülheim an der Ruhr, Stadt",5117.0,"(51.4194, 6.8937)",373000.7,47510.8,450967.0,269416.3,567931.3,515012.2,453910.3,575837.9,20635.5,39235.2,47609.6,583530.8,105610.2,228042.3,18093.5,218247.1
3166,45472,51.4374,6.9566,Nordrhein-Westfalen,NW,"Mülheim an der Ruhr, Stadt",5117.0,"(51.4374, 6.9566)",372325.3,43207.4,446663.6,268740.9,567255.9,510708.8,453234.9,575162.6,25322.5,38559.9,52296.6,582855.4,104934.8,223738.9,13790.0,213943.7
3167,45473,51.4421,6.8982,Nordrhein-Westfalen,NW,"Mülheim an der Ruhr, Stadt",5117.0,"(51.4421, 6.8982)",379652.4,46912.5,450368.8,276067.9,574582.9,514413.9,460561.9,582489.6,22129.6,46128.3,49103.7,590182.5,112261.8,227444.0,17495.2,217648.9
3168,45475,51.4587,6.8885,Nordrhein-Westfalen,NW,"Mülheim an der Ruhr, Stadt",5117.0,"(51.4587, 6.8885)",376511.9,48888.4,474373.6,272927.4,571442.5,510905.1,457421.5,579349.1,18989.2,42987.8,45963.2,587042.0,109121.3,229419.9,19471.1,219624.8
3169,45476,51.449,6.8612,Nordrhein-Westfalen,NW,"Mülheim an der Ruhr, Stadt",5117.0,"(51.449, 6.8612)",374795.8,50672.1,485872.2,271211.3,569726.4,522403.7,455705.3,577633.0,17273.0,41271.7,44247.1,585325.9,107405.2,231203.6,21254.8,221408.4
3170,45478,51.4326,6.8216,Nordrhein-Westfalen,NW,"Mülheim an der Ruhr, Stadt",5117.0,"(51.4326, 6.8216)",370481.4,62255.9,483609.6,266897.0,565412.0,520141.1,451391.0,573318.7,11616.7,36957.4,41990.9,581011.6,103090.9,243769.1,26426.7,233973.9
3171,45479,51.422,6.8566,Nordrhein-Westfalen,NW,"Mülheim an der Ruhr, Stadt",5117.0,"(51.422, 6.8566)",371154.5,50501.9,487006.1,267570.0,566085.0,523537.6,452064.0,573991.7,15258.3,37630.4,45387.4,581684.6,103763.9,231033.3,21084.5,221238.2
3172,45481,51.4004,6.8773,Nordrhein-Westfalen,NW,"Mülheim an der Ruhr, Stadt",5117.0,"(51.4004, 6.8773)",363898.3,49669.8,453126.0,260313.9,558828.9,517171.2,444807.9,566735.6,16399.8,30129.7,50462.1,574428.4,96507.8,230201.3,20252.4,220406.1
3173,45525,51.3954,7.1779,Nordrhein-Westfalen,NW,Ennepe-Ruhr-Kreis,5954.0,"(51.3954, 7.1779)",377358.5,33551.5,430478.6,244162.6,572289.1,499013.5,458268.1,580195.8,49719.8,53699.0,76693.9,587888.6,109603.4,207553.9,18880.9,197758.7
3174,45527,51.4,7.1667,Nordrhein-Westfalen,NW,Ennepe-Ruhr-Kreis,5954.0,"(51.4, 7.1667)",378378.4,34295.6,431222.7,244906.7,573308.9,499757.6,459287.9,581215.6,49829.3,61000.1,76803.3,588908.5,110623.3,208298.0,18990.4,198502.8
3175,45529,51.4,7.1667,Nordrhein-Westfalen,NW,Ennepe-Ruhr-Kreis,5954.0,"(51.4, 7.1667)",378378.4,34295.6,431222.7,244906.7,573308.9,499757.6,459287.9,581215.6,49829.3,61000.1,76803.3,588908.5,110623.3,208298.0,18990.4,198502.8
3176,45549,51.3467,7.2434,Nordrhein-Westfalen,NW,Ennepe-Ruhr-Kreis,5954.0,"(51.3467, 7.2434)",369775.8,42748.8,428912.1,216342.4,564706.4,497447.1,450685.4,572613.1,70722.0,51552.8,105175.1,580305.9,102020.7,205987.4,41472.2,196192.2
3177,45657,51.6132,7.1956,Nordrhein-Westfalen,NW,Recklinghausen,5562.0,"(51.6132, 7.1956)",397336.2,33902.5,444546.2,251619.1,592266.7,481077.7,481872.4,603096.1,55419.9,79528.5,82393.9,610789.0,133207.7,204705.7,28874.6,194910.5
3178,45659,51.6007,7.1927,Nordrhein-Westfalen,NW,Recklinghausen,5562.0,"(51.6007, 7.1927)",396726.8,33293.1,443936.9,251322.5,591657.4,480468.4,479881.2,602486.8,55710.0,79818.6,82684.1,610179.7,131216.5,204096.4,22737.6,194301.2
3179,45661,51.6167,7.2,Nordrhein-Westfalen,NW,Recklinghausen,5562.0,"(51.6167, 7.2)",396595.7,33162.0,443805.7,252092.7,591526.3,480337.2,482346.0,602355.7,55893.5,80002.1,82867.5,610048.5,133681.3,203965.2,29348.2,194170.1
3180,45663,51.5794,7.2158,Nordrhein-Westfalen,NW,Recklinghausen,5562.0,"(51.5794, 7.2158)",395170.3,31736.6,442380.4,249766.0,590100.9,478911.9,478000.2,600930.3,54153.5,78262.1,81127.6,608623.2,129335.5,202539.9,21214.9,192744.7
3181,45665,51.6017,7.2183,Nordrhein-Westfalen,NW,Recklinghausen,5562.0,"(51.6017, 7.2183)",394061.7,30628.0,441271.7,248657.3,588992.3,477803.3,481813.9,599821.7,55088.7,79197.3,82062.8,607514.6,133149.2,201431.2,22116.4,191636.1
3182,45699,51.5964,7.1439,Nordrhein-Westfalen,NW,Recklinghausen,5562.0,"(51.5964, 7.1439)",375475.6,40180.6,450824.4,251149.9,570406.2,487355.9,481403.1,609374.3,49833.7,73942.3,76807.7,617067.2,132738.5,210983.9,19278.3,201188.7
3183,45701,51.5996,7.0962,Nordrhein-Westfalen,NW,Recklinghausen,5562.0,"(51.5996, 7.0962)",381745.9,42496.4,453140.1,257420.1,576676.5,489671.7,487673.4,611690.1,47861.8,71970.4,74835.9,619382.9,139008.8,213299.6,16879.7,203504.5
3184,45711,51.656,7.3453,Nordrhein-Westfalen,NW,Recklinghausen,5562.0,"(51.656, 7.3453)",392959.3,29525.6,440169.4,247554.9,587889.9,476700.9,473144.5,598719.3,66809.4,90918.1,93783.5,606412.2,144869.9,200328.8,33837.1,190533.7
3185,45721,51.7287,7.1666,Nordrhein-Westfalen,NW,Recklinghausen,5562.0,"(51.7287, 7.1666)",391452.0,52202.5,462846.2,267126.2,586382.5,499377.7,497379.5,621396.2,65245.8,89354.5,92219.9,629089.0,148714.8,223005.7,44381.8,213210.5
3186,45731,51.6213,7.4024,Nordrhein-Westfalen,NW,Recklinghausen,5562.0,"(51.6213, 7.4024)",385380.5,21946.8,432590.5,242949.7,580311.1,469122.0,468539.3,591140.5,70330.1,85970.7,97304.1,598833.3,141428.9,192750.0,37378.8,182954.9
3187,45739,51.642,7.2645,Nordrhein-Westfalen,NW,Recklinghausen,5562.0,"(51.642, 7.2645)",393444.4,30010.7,440654.5,248040.0,588375.0,477186.0,473629.6,599204.4,62761.0,86869.7,89735.1,606897.3,141536.5,200814.0,37203.5,191018.8
3188,45768,51.6484,7.0845,Nordrhein-Westfalen,NW,Recklinghausen,5562.0,"(51.6484, 7.0845)",383183.2,43933.7,454577.5,258857.5,578113.8,491109.0,489110.8,613127.4,52349.1,76457.7,79323.1,620820.3,140446.1,214737.0,22208.4,204941.8
3189,45770,51.6566,7.1101,Nordrhein-Westfalen,NW,Recklinghausen,5562.0,"(51.6566, 7.1101)",384514.4,45264.9,455908.6,260188.6,579444.9,492440.1,490441.9,614458.6,56377.7,80486.3,83351.7,622151.4,141777.2,216068.1,30641.8,206272.9
3190,45772,51.6744,7.1343,Nordrhein-Westfalen,NW,Recklinghausen,5562.0,"(51.6744, 7.1343)",390717.3,51467.9,462111.6,266391.6,585647.9,498643.1,496644.9,620661.5,56364.3,80472.9,83338.3,628354.4,147980.2,222271.1,30628.4,212475.9
3191,45879,51.5087,7.0968,Nordrhein-Westfalen,NW,"Gelsenkirchen, Stadt",5513.0,"(51.5087, 7.0968)",386158.5,37596.3,457105.9,252456.1,581089.1,493637.4,467068.1,588995.8,40077.5,52393.1,67051.6,596688.6,118768.0,217265.4,4492.6,207470.2
3192,45881,51.5213,7.0747,Nordrhein-Westfalen,NW,"Gelsenkirchen, Stadt",5513.0,"(51.5213, 7.0747)",395028.6,34914.7,454424.3,253177.0,589959.2,490955.8,475938.2,612974.2,37395.9,61504.6,64370.0,620667.1,127638.1,214583.8,6419.2,204788.6
3193,45883,51.5221,7.0575,Nordrhein-Westfalen,NW,"Gelsenkirchen, Stadt",5513.0,"(51.5221, 7.0575)",396148.7,35831.3,455340.8,254093.5,591079.3,491872.3,477058.3,613890.7,38516.0,62624.6,65490.1,621583.6,128758.2,215500.3,6180.4,205705.1
3194,45884,51.4866,7.0835,Nordrhein-Westfalen,NW,"Gelsenkirchen, Stadt",5513.0,"(51.4866, 7.0835)",381611.9,34999.8,459427.2,252140.0,576542.5,495958.7,462521.5,584449.1,36590.6,47846.4,63564.6,592142.0,114221.4,215531.3,1219.1,205736.1
3195,45886,51.4967,7.1136,Nordrhein-Westfalen,NW,"Gelsenkirchen, Stadt",5513.0,"(51.4967, 7.1136)",385881.6,31550.4,458804.4,248690.6,580812.2,495335.9,466791.2,588718.8,41776.1,52116.1,68750.1,596411.7,118491.1,212081.9,4828.7,202286.7
3196,45888,51.5185,7.1222,Nordrhein-Westfalen,NW,"Gelsenkirchen, Stadt",5513.0,"(51.5185, 7.1222)",388265.8,33306.8,452816.4,251569.1,583196.4,489347.9,469175.4,611366.3,41463.3,54500.3,68437.3,619059.2,120875.3,212975.9,7225.5,203180.7
3197,45889,51.5305,7.1143,Nordrhein-Westfalen,NW,"Gelsenkirchen, Stadt",5513.0,"(51.5305, 7.1143)",374489.5,31901.5,451411.1,250163.8,569420.1,487942.6,482249.2,609961.0,43706.9,55315.1,70681.0,617653.9,133949.1,211570.6,8040.3,201775.4
