,zipcode,lat,long,state,state_code,community_name,community_code,coor,AKB Kitzingen,AKB Dortmund,AKB Zörbig,AKB Schöneck,AKB Buch,Mosolf Etzin,Mosolf Kippenheim,BLG Kelheim,BLG Duisburg,BLG Neuss,Carservice Erkens,ARS Altmann Wolnzach,CAT Zülpich,Autohaus Siebrecht,Neu: FleetParQ Essen ,Neu: FleetParQ Kassel
3444,49638,52.615,7.8607,Niedersachsen,NI,Landkreis Osnabrück,3459.0,"(52.615, 7.8607)",423316.3,156254.6,410188.3,367482.8,618246.9,446719.8,593072.4,629076.3,197052.6,221161.3,224026.7,636769.2,273366.1,215534.8,176188.5,220890.7
3445,49661,52.8475,8.045,Niedersachsen,NI,Cloppenburg,3453.0,"(52.8475, 8.045)",469047.4,191717.6,386304.9,402945.8,663977.9,422836.5,628535.4,674807.3,232515.6,256624.3,259489.7,682500.2,308829.1,261265.8,211651.6,266621.7
3446,49681,52.95,8.0167,Niedersachsen,NI,Cloppenburg,3453.0,"(52.95, 8.0167)",482684.1,205354.3,393560.9,416582.5,677614.7,430092.4,642172.1,688444.1,246152.4,270261.0,273126.5,696137.0,322465.8,274902.5,225288.3,280258.5
3447,49685,52.8333,8.15,Niedersachsen,NI,Cloppenburg,3453.0,"(52.8333, 8.15)",459909.1,182579.4,377548.1,393807.6,654839.7,414079.6,619397.1,665669.1,223377.4,247486.0,250351.5,673362.0,299690.9,252127.5,202513.3,257483.5
3448,49688,52.7947,7.8671,Niedersachsen,NI,Cloppenburg,3453.0,"(52.7947, 7.8671)",467676.7,190346.9,401225.7,401575.1,662607.3,437757.2,627164.7,673436.7,205335.9,229444.6,232310.0,681129.6,307458.4,259895.1,210280.9,265251.1
3449,49692,52.8167,8.1167,Niedersachsen,NI,Cloppenburg,3453.0,"(52.8167, 8.1167)",463632.5,186302.8,383496.5,397531.0,658563.1,420028.0,623120.5,669392.5,227100.8,251209.4,254074.9,677085.4,303414.3,255850.9,206236.7,261206.9
3450,49696,52.8512,7.9716,Niedersachsen,NI,Cloppenburg,3453.0,"(52.8512, 7.9716)",474185.8,196856.1,391876.3,408084.3,669116.4,428407.8,633673.9,679945.8,237654.1,261762.8,264628.2,687638.7,313967.6,266404.2,216790.0,271760.2
3451,49699,52.85,7.7833,Niedersachsen,NI,Cloppenburg,3453.0,"(52.85, 7.7833)",476820.3,199490.6,408854.8,410718.8,671750.9,445386.3,636308.3,682580.3,208615.8,232724.4,235589.9,690273.2,298858.0,269038.7,198303.9,274394.7
3452,49716,52.6906,7.291,Niedersachsen,NI,Landkreis Emsland,3454.0,"(52.6906, 7.291)",482100.9,190698.0,458704.9,388458.8,677031.5,495236.4,610252.6,687860.9,171710.3,195818.9,198684.4,695553.7,261952.5,274319.3,161398.4,279675.3
3453,49733,52.7886,7.1841,Niedersachsen,NI,Landkreis Emsland,3454.0,"(52.7886, 7.1841)",491798.4,200395.5,468402.3,398156.2,686728.9,504933.9,619950.1,697558.4,181407.8,205516.4,208381.9,705251.2,271650.0,284016.8,171095.9,289372.7
3454,49740,52.6741,7.4846,Niedersachsen,NI,Landkreis Emsland,3454.0,"(52.6741, 7.4846)",449047.0,194290.1,431866.3,372588.8,643977.6,468397.8,613844.7,654807.0,175302.4,199411.1,202276.5,662499.9,265544.6,241265.4,164990.5,246621.4
3455,49744,52.6,7.2667,Niedersachsen,NI,Landkreis Emsland,3454.0,"(52.6, 7.2667)",470371.8,178968.9,446975.8,376729.7,665302.4,483507.3,598523.5,676131.8,159981.2,184089.8,186955.3,683824.6,250223.4,262590.2,149669.3,267946.2
3456,49751,52.843925,7.536225,Niedersachsen,NI,Landkreis Emsland,3454.0,"(52.843925, 7.536225)",466102.8,223590.6,427931.7,421351.4,661033.3,464463.2,643145.3,671862.7,204603.0,228711.6,231577.0,679555.6,294845.2,258321.2,194291.1,263677.1
3457,49757,52.85,7.6889,Niedersachsen,NI,Landkreis Emsland,3454.0,"(52.85, 7.6889)",483466.8,206137.0,415501.2,417365.2,678397.3,452032.8,644374.0,689226.8,205831.7,229940.3,232805.7,696919.6,296073.9,275685.2,195519.8,281041.1
3458,49762,52.891675,7.320825,Niedersachsen,NI,Landkreis Emsland,3454.0,"(52.891675, 7.320825)",508660.2,217257.4,485264.2,415018.1,703590.8,521795.7,636812.0,714420.2,198269.7,222378.3,225243.7,722113.1,288511.9,300878.7,187957.8,306234.6
3459,49767,52.6561,7.1057,Niedersachsen,NI,Landkreis Emsland,3454.0,"(52.6561, 7.1057)",480836.8,189433.9,457440.8,387194.7,675767.4,493972.3,608988.6,686596.8,170446.3,194554.9,197420.3,694289.7,260688.4,273055.2,160134.4,278411.2
3460,49770,52.66765,7.5914,Niedersachsen,NI,Landkreis Emsland,3454.0,"(52.66765, 7.5914)",446904.0,179842.2,426181.3,391070.4,641834.5,462712.8,625772.9,652664.0,187230.6,211339.2,214204.6,660356.8,277472.8,239122.4,176918.7,244478.3
3461,49774,52.7455,7.5704,Niedersachsen,NI,Landkreis Emsland,3454.0,"(52.7455, 7.5704)",453201.9,205248.4,426016.4,397368.3,648132.5,462547.9,624803.0,658961.9,186260.7,210369.3,213234.8,666654.7,276502.9,245420.3,175948.8,250776.2
3462,49777,52.77433333333334,7.457433333333333,Niedersachsen,NI,Landkreis Emsland,3454.0,"(52.77433333333334, 7.457433333333333)",462890.0,213699.2,443242.9,411459.9,657820.5,479774.4,633253.8,668649.9,194711.5,218820.1,221685.6,676342.8,284953.7,255108.4,184399.6,260464.3
3463,49779,52.85355,7.27435,Niedersachsen,NI,Landkreis Emsland,3454.0,"(52.85355, 7.27435)",501578.1,210175.2,478182.1,407936.0,696508.7,514713.6,629729.8,707338.1,191187.5,215296.1,218161.6,715030.9,281429.7,293796.5,180875.6,299152.5
3464,49808,52.5138,7.3133,Niedersachsen,NI,Landkreis Emsland,3454.0,"(52.5138, 7.3133)",461623.7,170220.8,438227.7,367981.6,656554.3,474759.2,589775.4,667383.7,151233.1,175341.7,178207.2,675076.5,241475.3,253842.1,140921.2,259198.1
3465,49809,52.5223,7.3284,Niedersachsen,NI,Landkreis Emsland,3454.0,"(52.5223, 7.3284)",449855.3,171503.0,426459.3,369263.8,644785.9,462990.8,591057.7,655615.3,152515.4,176624.0,179489.4,663308.2,242757.5,242073.7,142203.5,247429.7
3466,49811,52.5167,7.3167,Niedersachsen,NI,Landkreis Emsland,3454.0,"(52.5167, 7.3167)",461534.1,170131.2,438138.1,367892.0,656464.7,474669.6,589685.8,667294.1,151143.5,175252.1,178117.6,674986.9,241385.7,253752.5,140831.6,259108.5
3467,49824,52.60556666666667,6.838866666666667,Niedersachsen,NI,Landkreis Grafschaft Bentheim,3456.0,"(52.60556666666667, 6.838866666666667)",486571.6,198797.7,463175.6,396558.5,681502.2,499707.1,618352.3,692331.6,179810.0,203918.7,206784.1,700024.5,270052.2,278790.0,169498.2,284146.0
3468,49828,52.51982,6.996600000000001,Niedersachsen,NI,Landkreis Grafschaft Bentheim,3456.0,"(52.51982, 6.996600000000001)",472265.6,184491.7,448869.6,382252.5,667196.2,485401.1,604046.3,678025.6,165504.0,189612.7,192478.1,685718.5,255746.2,264484.0,155192.2,269840.0
3469,49832,52.4774,7.51528,Niedersachsen,NI,Landkreis Emsland,3454.0,"(52.4774, 7.51528)",446101.2,137467.2,422705.1,348695.4,641031.7,459236.7,591238.2,651861.2,152695.9,176804.5,179670.0,659554.0,242938.1,238319.6,142384.0,243675.5
3470,49835,52.5181,7.1341,Niedersachsen,NI,Landkreis Grafschaft Bentheim,3456.0,"(52.5181, 7.1341)",461438.1,170035.2,438042.0,367795.9,656368.6,474573.5,589589.8,667198.0,151047.5,175156.1,178021.6,674890.9,241289.7,253656.5,140735.6,259012.4
3471,49838,52.566100000000006,7.538320000000001,Niedersachsen,NI,Landkreis Emsland,3454.0,"(52.566100000000006, 7.538320000000001)",438885.4,150411.8,425757.4,361640.0,633816.0,462288.9,610332.1,644645.4,171789.8,195898.4,198763.9,652338.3,262032.0,231103.8,161477.9,236459.8
3472,49843,52.496680000000005,6.85668,Niedersachsen,NI,Landkreis Grafschaft Bentheim,3456.0,"(52.496680000000005, 6.85668)",477707.3,189933.4,454311.3,387694.2,672637.9,490842.8,609488.0,683467.3,170945.7,195054.4,197919.8,691160.2,261187.9,269925.7,160633.8,275281.7
3473,49844,52.6,7.4,Niedersachsen,NI,Landkreis Emsland,3454.0,"(52.6, 7.4)",459982.3,184277.8,436586.2,362576.5,654912.8,473117.8,603832.4,665742.3,165290.1,189398.7,192264.2,673435.1,255532.3,252200.7,154978.2,257556.6
3474,49846,52.5833,6.95,Niedersachsen,NI,Landkreis Grafschaft Bentheim,3456.0,"(52.5833, 6.95)",482174.3,190771.4,458778.3,388532.2,677104.9,495309.8,610326.0,687934.3,171783.7,195892.4,198757.8,695627.1,262025.9,274392.7,161471.8,279748.7
3475,49847,52.5062,6.8035,Niedersachsen,NI,Landkreis Grafschaft Bentheim,3456.0,"(52.5062, 6.8035)",481622.9,193849.0,458226.9,391609.8,676553.5,494758.4,613403.6,687382.9,174861.3,198969.9,201835.4,695075.7,265103.5,273841.3,164549.4,279197.3
3476,49849,52.5333,6.85,Niedersachsen,NI,Landkreis Grafschaft Bentheim,3456.0,"(52.5333, 6.85)",480430.7,192656.8,457034.7,390417.5,675361.3,493566.2,612211.4,686190.7,173669.1,197777.7,200643.2,693883.5,263911.3,272649.1,163357.2,278005.0
3477,50126,50.9562,6.6349,Nordrhein-Westfalen,NW,Rhein-Erft-Kreis,5362.0,"(50.9562, 6.6349)",352541.8,122764.9,502897.5,251058.3,498735.0,571432.5,407225.8,555379.0,61552.6,35259.8,75848.7,563071.9,39969.0,279972.8,87737.4,270177.6
3478,50127,50.9412,6.6631,Nordrhein-Westfalen,NW,Rhein-Erft-Kreis,5362.0,"(50.9412, 6.6631)",350359.7,120582.8,500715.4,248876.2,496552.9,569250.4,405043.8,553196.9,75006.4,48713.6,75932.2,560889.8,37786.9,277790.7,99854.6,267995.5
3479,50129,50.9741,6.6794,Nordrhein-Westfalen,NW,Rhein-Erft-Kreis,5362.0,"(50.9741, 6.6794)",360386.6,111485.6,491618.2,258903.1,506579.8,560153.1,415070.6,563223.8,64137.9,37845.1,73532.9,570916.7,47813.8,268693.5,90198.5,258898.3
3480,50169,50.8748,6.7435,Nordrhein-Westfalen,NW,Rhein-Erft-Kreis,5362.0,"(50.8748, 6.7435)",343335.1,113813.4,493946.1,241851.6,489528.3,562481.0,398019.1,546172.3,78578.0,50822.1,89187.2,553865.2,30762.3,271021.3,93085.2,261226.2
3481,50170,50.8964,6.6829,Nordrhein-Westfalen,NW,Rhein-Erft-Kreis,5362.0,"(50.8964, 6.6829)",345737.2,115728.6,495861.3,244253.7,491930.4,564396.2,400421.3,548574.5,80824.6,54531.8,81750.4,556267.3,33164.4,272936.6,95000.5,263141.4
3482,50171,50.8791,6.6939,Nordrhein-Westfalen,NW,Rhein-Erft-Kreis,5362.0,"(50.8791, 6.6939)",346339.7,116331.1,496463.8,244856.2,492532.9,564998.7,401023.8,549176.9,81427.1,55134.3,82352.9,556869.8,33766.9,273539.0,95603.0,263743.9
3483,50181,50.9926,6.5713,Nordrhein-Westfalen,NW,Rhein-Erft-Kreis,5362.0,"(50.9926, 6.5713)",362209.8,111051.1,499009.4,260726.4,508403.0,567544.3,416893.9,565047.1,55448.9,29156.1,66595.3,572740.0,49637.0,276084.7,81633.7,266289.5
3484,50189,50.9374,6.5683,Nordrhein-Westfalen,NW,Rhein-Erft-Kreis,5362.0,"(50.9374, 6.5683)",356378.4,126601.5,506734.2,254894.9,502571.6,575269.1,411062.5,559215.7,73069.1,46776.4,73995.0,566908.5,43805.6,283809.4,99254.0,274014.3
3485,50226,50.9149,6.8118,Nordrhein-Westfalen,NW,Rhein-Erft-Kreis,5362.0,"(50.9149, 6.8118)",327858.0,105300.2,485432.8,226374.5,522788.6,553967.7,408767.6,530695.2,70064.8,42308.8,94474.4,538388.1,35638.6,262508.1,84572.0,252712.9
3486,50259,50.9996,6.8063,Nordrhein-Westfalen,NW,Rhein-Erft-Kreis,5362.0,"(50.9996, 6.8063)",334359.5,100393.4,480526.0,232876.0,529290.1,549060.9,415269.1,537196.7,58183.2,30427.2,82592.8,544889.6,43950.7,257601.3,79665.2,247806.1
3487,50321,50.8293,6.905,Nordrhein-Westfalen,NW,Rhein-Erft-Kreis,5362.0,"(50.8293, 6.905)",318777.3,115548.8,495681.5,217293.8,513707.9,564216.4,394046.7,521614.6,87031.7,59275.7,102914.7,529307.4,34842.1,272756.8,94514.0,262961.6
3488,50354,50.8708,6.8676,Nordrhein-Westfalen,NW,Rhein-Erft-Kreis,5362.0,"(50.8708, 6.8676)",323735.5,109409.3,489542.0,222252.0,518666.1,558076.9,399329.3,526572.8,74174.0,46418.0,98583.6,534265.6,32072.4,266617.3,88681.2,256822.1
3489,50374,50.8148,6.7939,Nordrhein-Westfalen,NW,Rhein-Erft-Kreis,5362.0,"(50.8148, 6.7939)",332854.6,119499.4,499632.1,231371.1,479047.8,568167.0,387538.6,535691.8,84264.1,56508.1,94617.3,543384.7,18460.2,276707.3,98771.3,266912.2
3490,50389,50.8271,6.9747,Nordrhein-Westfalen,NW,Rhein-Erft-Kreis,5362.0,"(50.8271, 6.9747)",310575.5,113034.4,493167.1,209092.0,505506.1,561702.0,391485.1,513412.8,84517.3,56761.3,108926.9,521105.6,36401.6,270242.3,91999.6,260447.2
3491,50667,50.9387,6.9547,Nordrhein-Westfalen,NW,"Köln, Stadt",5315.0,"(50.9387, 6.9547)",315485.2,100589.8,480722.4,214683.0,510415.7,549257.4,396394.7,518322.4,65697.6,37941.6,90107.2,526015.3,45507.5,257797.7,79554.9,248002.6
3492,50668,50.9499,6.9628,Nordrhein-Westfalen,NW,"Köln, Stadt",5315.0,"(50.9499, 6.9628)",317582.5,99662.0,479794.7,213755.2,512513.1,548329.6,398492.1,520419.8,66188.0,38432.0,90597.6,528112.7,50919.4,256869.9,78627.2,247074.8
3493,50670,50.9504,6.9502,Nordrhein-Westfalen,NW,"Köln, Stadt",5315.0,"(50.9504, 6.9502)",318828.9,100908.4,481041.0,215001.6,513759.5,549576.0,399738.5,521666.2,65520.4,37764.4,89930.0,529359.0,42636.2,258116.3,79873.5,248321.2
3494,50672,50.9439,6.9363,Nordrhein-Westfalen,NW,"Köln, Stadt",5315.0,"(50.9439, 6.9363)",317080.3,99927.9,480060.5,216570.5,512010.9,548595.5,397989.9,519917.5,64473.8,36717.8,88883.4,527610.4,40484.1,257135.8,81442.5,247340.7
3495,50674,50.9326,6.9342,Nordrhein-Westfalen,NW,"Köln, Stadt",5315.0,"(50.9326, 6.9342)",316088.2,102025.0,482157.6,214604.7,511018.8,550692.5,396997.8,518925.5,66363.5,38607.5,90773.1,526618.3,39203.8,259232.9,80990.1,249437.7
3496,50676,50.9314,6.9526,Nordrhein-Westfalen,NW,"Köln, Stadt",5315.0,"(50.9314, 6.9526)",315089.9,101026.6,481159.3,213606.4,510020.5,549694.2,395999.5,517927.1,66940.8,39184.8,91350.4,525620.0,44476.1,258234.6,79991.8,248439.4
3497,50677,50.9214,6.9507,Nordrhein-Westfalen,NW,"Köln, Stadt",5315.0,"(50.9214, 6.9507)",316081.8,101708.5,481841.2,215801.7,511012.4,550376.1,396991.4,518919.0,67640.0,39884.0,92049.6,526611.9,47023.0,258916.5,80673.7,249121.3
3498,50678,50.9233,6.9635,Nordrhein-Westfalen,NW,"Köln, Stadt",5315.0,"(50.9233, 6.9635)",315694.7,101491.3,481624.0,215584.5,510625.3,550158.9,396604.3,518532.0,68621.3,40865.3,93030.9,526224.8,47955.8,258699.2,80456.5,248904.1
3499,50679,50.9365,6.9781,Nordrhein-Westfalen,NW,"Köln, Stadt",5315.0,"(50.9365, 6.9781)",313525.5,99098.9,479231.6,213192.1,508456.1,547766.5,394435.1,516362.8,68732.1,40976.1,93141.7,524055.6,50196.8,256306.9,78064.1,246511.7
3500,50733,50.9643,6.9537,Nordrhein-Westfalen,NW,"Köln, Stadt",5315.0,"(50.9643, 6.9537)",318207.7,100287.2,480419.8,214380.3,513138.3,548954.7,399117.3,521044.9,65333.3,37577.3,89742.9,528737.8,50864.0,257495.1,79252.3,247699.9
3501,50735,50.9896,6.9622,Nordrhein-Westfalen,NW,"Köln, Stadt",5315.0,"(50.9896, 6.9622)",320837.2,93426.2,473558.9,217009.9,515767.8,542093.8,401746.8,523674.5,64564.6,36808.6,88974.3,531367.3,50093.3,250634.2,72698.1,240839.0
3502,50737,50.9923,6.9334,Nordrhein-Westfalen,NW,"Köln, Stadt",5315.0,"(50.9923, 6.9334)",322116.7,93317.1,473449.7,218289.3,517047.2,541984.7,403026.2,524953.9,62222.2,34466.2,86631.8,532646.8,47750.8,250525.0,72588.9,240729.8
3503,50739,50.9807,6.9212,Nordrhein-Westfalen,NW,"Köln, Stadt",5315.0,"(50.9807, 6.9212)",321710.2,98312.5,478445.2,217882.8,516640.8,546980.1,402619.8,524547.4,62858.4,35102.4,87268.0,532240.3,48389.1,255520.4,77584.4,245725.3
3504,50765,51.0198,6.8684,Nordrhein-Westfalen,NW,"Köln, Stadt",5315.0,"(51.0198, 6.8684)",330641.6,94112.8,474245.5,226814.3,525572.2,542780.4,411551.2,533478.9,58567.4,30811.4,82977.0,541171.7,48816.5,251320.8,73384.7,241525.6
3505,50767,51.0033,6.8847,Nordrhein-Westfalen,NW,"Köln, Stadt",5315.0,"(51.0033, 6.8847)",326516.3,95873.0,476005.7,222689.0,521446.9,544540.6,407425.9,529353.6,60421.0,32665.0,84830.6,537046.5,45949.7,253081.0,75144.9,243285.8
3506,50769,51.0458,6.876,Nordrhein-Westfalen,NW,"Köln, Stadt",5315.0,"(51.0458, 6.876)",332134.8,93171.5,473304.1,228550.3,527065.4,541839.0,413044.4,534972.0,55876.4,28120.4,80286.0,542664.9,49754.5,250379.4,72443.3,240584.2
3507,50823,50.9511,6.9264,Nordrhein-Westfalen,NW,"Köln, Stadt",5315.0,"(50.9511, 6.9264)",320570.4,99428.4,479561.0,216743.0,515501.0,548095.9,401480.0,523407.7,63974.2,36218.3,88383.9,531100.5,40856.8,256636.3,78700.2,246841.1
3508,50825,50.9541,6.9103,Nordrhein-Westfalen,NW,"Köln, Stadt",5315.0,"(50.9541, 6.9103)",321435.2,99495.8,479628.4,217607.8,516365.8,548163.3,402344.8,524272.4,64041.7,36285.7,88451.3,531965.3,41647.9,256703.7,78767.6,246908.5
3509,50827,50.9667,6.9,Nordrhein-Westfalen,NW,"Köln, Stadt",5315.0,"(50.9667, 6.9)",324079.1,98189.5,478322.2,220251.7,519009.7,546857.1,404988.7,526916.4,62735.4,34979.4,87145.0,534609.2,43919.4,255397.5,77461.4,245602.3
3510,50829,50.9746,6.8713,Nordrhein-Westfalen,NW,"Köln, Stadt",5315.0,"(50.9746, 6.8713)",332030.4,96482.0,476614.7,224141.4,526961.0,545149.6,412940.0,534867.6,61030.0,33274.0,85439.6,542560.5,41621.6,253689.9,75753.9,243894.8
3511,50858,50.9243,6.8565,Nordrhein-Westfalen,NW,"Köln, Stadt",5315.0,"(50.9243, 6.8565)",327097.2,102977.5,483110.2,225613.7,522027.8,551645.1,401402.0,529934.5,67742.2,39986.2,92151.8,537627.3,34145.2,260185.5,82249.4,250390.3
3512,50859,50.9535,6.8328,Nordrhein-Westfalen,NW,"Köln, Stadt",5315.0,"(50.9535, 6.8328)",329738.0,100484.6,480617.2,228254.6,524668.6,549152.2,410647.6,532575.3,65249.2,37493.2,89658.8,540268.2,39329.3,257692.5,79756.4,247897.3
3513,50931,50.9323,6.9183,Nordrhein-Westfalen,NW,"Köln, Stadt",5315.0,"(50.9323, 6.9183)",317421.2,101526.6,481659.2,218012.9,512351.8,550194.1,398330.8,520258.4,66072.5,38316.5,90482.1,527951.3,38115.6,258734.5,82884.9,248939.3
3514,50933,50.9427,6.8763,Nordrhein-Westfalen,NW,"Köln, Stadt",5315.0,"(50.9427, 6.8763)",325462.1,102521.0,482653.6,220851.9,520392.7,551188.5,406371.7,528299.4,67285.6,39529.6,91695.2,535992.2,38049.6,259728.9,81792.8,249933.7
3515,50935,50.9225,6.8956,Nordrhein-Westfalen,NW,"Köln, Stadt",5315.0,"(50.9225, 6.8956)",322618.2,103671.1,483803.7,221134.7,517548.7,552338.7,403527.7,525455.4,68435.7,40679.7,92845.3,533148.3,36461.9,260879.0,82942.9,251083.8
3516,50937,50.9124,6.9108,Nordrhein-Westfalen,NW,"Köln, Stadt",5315.0,"(50.9124, 6.9108)",321749.9,112512.5,492645.1,220266.4,516680.5,561180.0,402659.5,524587.2,69034.4,41278.4,93444.0,532280.0,42479.8,269720.4,91477.6,259925.2
3517,50939,50.9078,6.9247,Nordrhein-Westfalen,NW,"Köln, Stadt",5315.0,"(50.9078, 6.9247)",320451.9,111214.5,491347.1,218968.4,515382.5,559882.0,401361.5,523289.1,74912.5,47156.5,99322.1,530982.0,41181.8,268422.4,90179.6,258627.2
3518,50968,50.9033,6.9647,Nordrhein-Westfalen,NW,"Köln, Stadt",5315.0,"(50.9033, 6.9647)",315791.4,106553.9,486686.6,214307.9,510721.9,555221.5,396700.9,518628.6,70761.6,43005.6,95171.2,526321.5,44507.6,263761.8,85519.1,253966.7
3519,50969,50.9036,6.9385,Nordrhein-Westfalen,NW,"Köln, Stadt",5315.0,"(50.9036, 6.9385)",318054.0,108816.5,488949.2,216570.5,512984.6,557484.1,398963.6,520891.2,69555.1,41799.2,93964.8,528584.1,42825.7,266024.5,87781.7,256229.3
3520,50996,50.8834,6.9902,Nordrhein-Westfalen,NW,"Köln, Stadt",5315.0,"(50.8834, 6.9902)",316831.8,107594.4,487727.0,215348.3,511762.4,556261.9,397741.4,519669.0,80616.6,52860.6,105026.2,527361.9,44121.0,264802.3,86559.5,255007.1
3521,50997,50.864,6.9512,Nordrhein-Westfalen,NW,"Köln, Stadt",5315.0,"(50.864, 6.9512)",318665.2,109427.7,489560.4,217181.7,513595.7,558095.3,399574.7,521502.4,80910.6,53154.6,105320.2,529195.3,42639.6,266635.6,88392.9,256840.5
3522,50999,50.8753,7.0202,Nordrhein-Westfalen,NW,"Köln, Stadt",5315.0,"(50.8753, 7.0202)",318830.6,112235.8,492368.4,217347.1,513761.1,560903.3,399740.1,521667.8,83718.7,55962.7,108128.3,529360.7,44483.6,269443.7,91200.9,259648.5
3523,51061,50.994,7.003,Nordrhein-Westfalen,NW,"Köln, Stadt",5315.0,"(50.994, 7.003)",317893.2,92359.2,472491.8,214308.7,512823.7,541026.7,398802.7,520730.4,64795.0,39841.4,97935.5,528423.3,61587.3,249567.1,71324.3,239771.9
3524,51063,50.9685,7.0054,Nordrhein-Westfalen,NW,"Köln, Stadt",5315.0,"(50.9685, 7.0054)",316938.9,91404.9,471537.5,213354.4,511869.4,540072.4,397848.4,519776.1,63840.7,44943.3,96981.2,527469.0,60633.0,248612.8,70370.0,238817.6
3525,51065,50.9549,7.0121,Nordrhein-Westfalen,NW,"Köln, Stadt",5315.0,"(50.9549, 7.0121)",313091.3,95170.7,475303.4,209263.9,508021.8,543838.3,394000.8,515928.5,67606.5,43240.3,100747.1,523621.4,56785.4,252378.7,74135.9,242583.5
