,zipcode,lat,long,state,state_code,community_name,community_code,coor,AKB Kitzingen,AKB Dortmund,AKB Zörbig,AKB Schöneck,AKB Buch,Mosolf Etzin,Mosolf Kippenheim,BLG Kelheim,BLG Duisburg,BLG Neuss,Carservice Erkens,ARS Altmann Wolnzach,CAT Zülpich,Autohaus Siebrecht,Neu: FleetParQ Essen ,Neu: FleetParQ Kassel
2706,37444,51.71,10.5187,Niedersachsen,NI,Landkreis Goslar,3153.0,"(51.71, 10.5187)",315456.3,275444.8,160793.2,293339.9,510386.9,271925.5,519222.9,461585.9,354525.9,343397.8,381500.0,494352.6,389986.4,85663.3,312096.6,109378.0
2707,37445,51.5833,10.6167,Niedersachsen,NI,Landkreis Göttingen,3159.0,"(51.5833, 10.6167)",317469.7,277458.2,147000.8,295353.3,512400.3,269306.5,521236.2,440754.2,356539.3,345411.2,383513.3,473520.9,391999.8,86463.6,314109.9,111391.4
2708,37520,51.7269,10.2509,Niedersachsen,NI,Landkreis Göttingen,3159.0,"(51.7269, 10.2509)",294554.6,254543.1,174876.3,272438.2,489485.2,283971.1,498321.2,468629.7,333624.2,322496.1,360598.2,501396.4,369084.7,54719.3,291194.8,88476.3
2709,37539,51.80105,10.22275,Niedersachsen,NI,Landkreis Göttingen,3159.0,"(51.80105, 10.22275)",303332.7,263321.2,174152.6,281216.3,498263.3,278744.7,507099.2,478613.9,342402.3,331274.2,369376.3,511380.6,377862.8,60517.2,299972.9,97254.4
2710,37574,51.8202,9.8696,Niedersachsen,NI,Northeim,3155.0,"(51.8202, 9.8696)",290414.5,209418.9,200719.0,268298.1,485345.1,289316.0,494181.0,496174.5,288500.0,277371.9,315474.1,503867.3,323960.5,33706.7,246070.7,84336.1
2711,37581,51.8717,10.0254,Niedersachsen,NI,Northeim,3155.0,"(51.8717, 10.0254)",298560.8,258549.3,183423.5,276444.4,493491.4,272020.5,502327.4,504320.8,337630.4,326502.3,364604.4,512013.7,373090.9,50312.9,295201.0,92482.5
2712,37586,51.8018,9.689,Niedersachsen,NI,Northeim,3155.0,"(51.8018, 9.689)",299191.0,195454.0,213672.4,277074.6,494121.6,302269.4,502957.5,504951.0,274535.1,263407.1,301509.2,512643.8,309995.6,20358.3,232105.8,93112.6
2713,37589,51.8,10.0333,Niedersachsen,NI,Northeim,3155.0,"(51.8, 10.0333)",289808.4,249796.9,187849.1,267692.0,484739.0,276446.2,493575.0,495568.4,328878.0,317749.9,355852.1,503261.3,364338.5,50347.2,286448.7,83730.1
2714,37603,51.828,9.4455,Niedersachsen,NI,Landkreis Holzminden,3255.0,"(51.828, 9.4455)",303296.0,169958.4,234732.7,281179.6,498226.6,323329.8,507062.5,509056.0,257209.3,237911.5,284183.3,516748.8,284500.0,29124.6,206610.2,75522.0
2715,37619,51.97266,9.51298,Niedersachsen,NI,Landkreis Holzminden,3255.0,"(51.97266, 9.51298)",326342.8,178964.8,228574.3,304226.4,521273.4,304080.0,530109.3,532102.8,265131.3,246917.8,292105.4,539795.7,293506.4,51636.7,215616.6,97908.0
2716,37620,51.9912,9.5653,Niedersachsen,NI,Landkreis Holzminden,3255.0,"(51.9912, 9.5653)",323765.9,183849.1,223628.5,301649.5,518696.5,299627.7,527532.4,529525.9,265067.2,251802.1,292041.3,537218.7,298390.7,48427.6,232121.4,117687.5
2717,37627,51.867250000000006,9.631,Niedersachsen,NI,Landkreis Holzminden,3255.0,"(51.867250000000006, 9.631)",311288.6,185174.7,218836.5,289172.2,506219.2,307433.5,515055.2,517048.6,272425.6,253127.7,299399.6,524741.5,299716.3,32455.9,221826.5,105210.3
2718,37632,51.9144,9.6976,Niedersachsen,NI,Landkreis Holzminden,3255.0,"(51.9144, 9.6976)",317694.7,193511.9,217557.3,295578.3,512625.3,306154.4,521461.2,523454.7,278889.5,261464.9,305863.6,531147.5,308053.5,42562.1,230163.6,111616.4
2719,37633,51.9706,9.6067,Niedersachsen,NI,Landkreis Holzminden,3255.0,"(51.9706, 9.6067)",320489.8,188382.3,220352.5,298373.4,515420.4,308949.5,524256.3,526249.8,269600.5,256335.4,296574.6,533942.7,302923.9,45151.5,236654.6,114411.5
2720,37635,51.9527,9.6245,Niedersachsen,NI,Landkreis Holzminden,3255.0,"(51.9527, 9.6245)",318054.1,190009.9,217916.8,295937.7,512984.7,306513.8,521820.7,523814.1,271749.3,257963.0,298723.4,531507.0,304551.5,42715.8,238803.4,111975.8
2721,37639,51.8583,9.4941,Niedersachsen,NI,Landkreis Holzminden,3255.0,"(51.8583, 9.4941)",307029.7,173692.1,228547.3,284913.3,501960.2,317144.3,510796.2,512789.7,260943.0,241645.1,287917.0,520482.5,288233.7,30314.2,210343.9,79255.7
2722,37640,51.9,9.55,Niedersachsen,NI,Landkreis Holzminden,3255.0,"(51.9, 9.55)",315921.6,182584.1,224050.2,293805.2,510852.2,312647.2,519688.2,521681.6,269834.9,250537.1,296809.0,529374.5,297125.7,38802.5,219235.8,88147.7
2723,37642,51.9167,9.5833,Niedersachsen,NI,Landkreis Holzminden,3255.0,"(51.9167, 9.5833)",321327.6,187177.4,224499.8,299211.2,516258.2,313096.9,525094.2,527087.6,274428.3,255130.4,301402.3,534780.5,301719.0,41419.4,223829.2,92741.0
2724,37643,51.8833,9.5667,Niedersachsen,NI,Landkreis Holzminden,3255.0,"(51.8833, 9.5667)",312578.1,179240.5,222946.5,290461.7,507508.7,311543.5,516344.6,518338.1,266491.4,247193.6,293465.5,526031.0,293782.1,35459.0,215892.3,84804.1
2725,37647,51.91206666666667,9.387066666666668,Niedersachsen,NI,Landkreis Holzminden,3255.0,"(51.91206666666667, 9.387066666666668)",314177.2,166799.2,243663.8,292060.8,509107.8,319169.5,517943.8,519937.2,254050.1,234752.3,281024.2,527630.1,281340.8,45579.4,203451.0,111751.6
2726,37649,51.8833,9.4333,Niedersachsen,NI,Landkreis Holzminden,3255.0,"(51.8833, 9.4333)",308967.6,167622.1,242652.9,286851.3,503898.2,320889.5,512734.2,514727.6,254872.9,235575.1,281847.0,522420.5,282163.7,37130.6,204273.8,81193.7
2727,37671,51.775,9.3816,Nordrhein-Westfalen,NW,Höxter,5762.0,"(51.775, 9.3816)",293682.7,158488.9,243570.7,271566.3,488613.3,332167.8,497449.2,499442.7,237570.0,226442.0,264544.1,507135.5,273030.5,34313.7,195140.7,65908.7
2728,37688,51.668,9.3742,Nordrhein-Westfalen,NW,Höxter,5762.0,"(51.668, 9.3742)",280589.7,156201.9,259601.3,258473.3,475520.3,344855.9,484356.3,486349.7,235283.0,224155.0,262257.1,494042.6,270743.5,24811.4,192853.7,51949.0
2729,37691,51.72235,9.40765,Niedersachsen,NI,Landkreis Holzminden,3255.0,"(51.72235, 9.40765)",291027.7,166639.9,243761.0,268911.3,485958.3,332358.0,494794.2,496787.7,245721.0,234592.9,272695.1,504480.5,281181.5,24442.6,203291.7,59833.4
2730,37696,51.8333,9.2167,Nordrhein-Westfalen,NW,Höxter,5762.0,"(51.8333, 9.2167)",295953.8,154392.5,252408.6,273837.4,490884.4,341005.6,499720.3,501713.8,241643.3,222345.5,268617.4,509406.6,268934.1,49244.0,191044.2,93528.1
2731,37697,51.6594,9.3871,Niedersachsen,NI,Landkreis Holzminden,3255.0,"(51.6594, 9.3871)",281160.1,156772.3,256996.6,259043.7,476090.7,343391.6,484926.7,486920.1,235853.4,224725.4,262827.5,494613.0,271313.9,23347.1,193424.1,49344.2
2732,37699,51.7333,9.4,Niedersachsen,NI,Landkreis Holzminden,3255.0,"(51.7333, 9.4)",290046.8,165659.0,242081.8,267930.4,484977.3,330678.9,493813.3,495806.7,244740.1,233612.0,271714.1,503499.6,280200.6,29271.4,202310.7,58852.5
2733,38100,52.2647,10.5233,Niedersachsen,NI,Kreisfreie Stadt Braunschweig,3101.0,"(52.2647, 10.5233)",359161.9,270066.4,168108.9,337045.5,554092.5,205966.8,562928.4,522898.6,333652.6,340922.8,360626.7,555665.3,387511.4,119700.7,300706.7,153083.6
2734,38102,52.2575,10.5365,Niedersachsen,NI,Kreisfreie Stadt Braunschweig,3101.0,"(52.2575, 10.5365)",358399.4,271100.4,167184.6,336283.0,553330.0,204184.2,562166.0,522014.2,334686.6,341956.8,361660.6,554780.9,388545.3,118938.2,301740.7,152321.1
2735,38104,52.2835,10.5822,Niedersachsen,NI,Kreisfreie Stadt Braunschweig,3101.0,"(52.2835, 10.5822)",366627.6,277837.8,163030.3,344511.2,561558.2,199561.8,570394.2,517391.8,341424.1,348694.3,368398.1,550158.5,395282.8,127166.4,308478.2,160549.3
2736,38106,52.2789,10.5427,Niedersachsen,NI,Kreisfreie Stadt Braunschweig,3101.0,"(52.2789, 10.5427)",360877.8,270311.6,165950.8,338761.4,555808.4,202482.3,564644.3,520312.3,333897.8,341168.1,360871.9,553079.0,387756.6,121416.6,300952.0,154799.5
2737,38108,52.3015,10.5688,Niedersachsen,NI,Kreisfreie Stadt Braunschweig,3101.0,"(52.3015, 10.5688)",369124.0,269819.4,164234.5,347007.6,564054.6,200766.0,572890.6,518596.0,333405.7,340675.9,360379.7,551362.7,387264.4,129662.8,300459.8,163045.7
2738,38110,52.328,10.4761,Niedersachsen,NI,Kreisfreie Stadt Braunschweig,3101.0,"(52.328, 10.4761)",369167.3,263039.0,169024.1,347050.9,564097.9,205555.6,572933.9,523385.6,326625.2,333895.4,353599.3,556152.3,380484.0,129706.1,293679.3,163089.0
2739,38112,52.3022,10.4979,Niedersachsen,NI,Kreisfreie Stadt Braunschweig,3101.0,"(52.3022, 10.4979)",365294.8,265520.3,169166.2,343178.4,560225.4,205697.7,569061.3,523527.7,329106.5,336376.7,356080.6,556294.4,382965.3,125833.6,296160.7,159216.5
2740,38114,52.2764,10.5127,Niedersachsen,NI,Kreisfreie Stadt Braunschweig,3101.0,"(52.2764, 10.5127)",361005.0,268615.8,172077.8,338888.6,555935.6,208609.3,564771.5,526439.3,332202.0,339472.2,359176.1,559206.0,386060.8,121543.8,299256.1,154926.7
2741,38116,52.2667,10.5333,Niedersachsen,NI,Kreisfreie Stadt Braunschweig,3101.0,"(52.2667, 10.5333)",359153.8,270431.4,168275.5,337037.4,554084.4,205264.4,562920.4,523094.4,334017.6,341287.9,360991.7,555861.1,387876.4,119692.6,301071.8,153075.5
2742,38118,52.259,10.5002,Niedersachsen,NI,Kreisfreie Stadt Braunschweig,3101.0,"(52.259, 10.5002)",357647.0,273456.0,169651.5,335530.6,552577.6,209644.8,561413.5,524441.1,337042.2,344312.4,364016.3,557207.9,390901.0,118185.8,304096.3,151568.7
2743,38120,52.2546,10.4879,Niedersachsen,NI,Kreisfreie Stadt Braunschweig,3101.0,"(52.2546, 10.4879)",357340.1,273023.8,169344.6,335223.7,552270.7,209338.0,561106.7,524134.3,336610.0,343880.2,363584.1,556901.0,390468.8,117878.9,303664.1,151261.8
2744,38122,52.224,10.4989,Niedersachsen,NI,Kreisfreie Stadt Braunschweig,3101.0,"(52.224, 10.4989)",353428.5,276222.2,167426.3,331312.1,548359.1,207419.7,557195.0,522216.0,339808.4,347078.6,366782.5,554982.7,393667.2,113967.3,306862.5,147350.1
2745,38124,52.2258,10.5271,Niedersachsen,NI,Kreisfreie Stadt Braunschweig,3101.0,"(52.2258, 10.5271)",356446.1,278258.2,163991.7,334329.7,551376.6,205896.7,560212.6,518781.4,341844.4,349114.6,368818.5,551548.1,395703.2,116984.8,308898.6,150367.7
2746,38126,52.2443,10.5594,Niedersachsen,NI,Kreisfreie Stadt Braunschweig,3101.0,"(52.2443, 10.5594)",360070.0,281882.2,166565.1,337953.6,555000.6,203096.6,563836.6,520926.6,345468.4,352738.6,372442.5,553693.3,399327.2,120608.8,312522.5,153991.7
2747,38154,52.2512,10.8168,Niedersachsen,NI,Landkreis Helmstedt,3154.0,"(52.2512, 10.8168)",377308.3,290783.2,152179.5,355191.9,572238.9,188711.0,581074.9,506541.0,354369.4,361639.6,381343.5,539307.7,408228.2,137847.1,321423.5,171230.0
2748,38159,52.2604,10.3649,Niedersachsen,NI,Peine,3157.0,"(52.2604, 10.3649)",356597.9,261684.2,175072.4,334481.5,551528.5,216151.7,560364.4,533981.7,325270.4,332540.6,352244.5,566748.4,379129.2,117136.7,292324.5,150519.6
2749,38162,52.25,10.65,Niedersachsen,NI,Landkreis Wolfenbüttel,3158.0,"(52.25, 10.65)",366090.5,288690.8,160440.1,343974.1,561021.1,196971.6,569857.1,514801.6,352277.0,359547.2,379251.1,547568.3,406135.8,126629.3,319331.1,160012.2
2750,38165,52.3333,10.6667,Niedersachsen,NI,Landkreis Helmstedt,3154.0,"(52.3333, 10.6667)",374808.7,277059.6,161300.6,352692.3,569739.3,197832.1,578575.2,515662.1,340645.8,347916.0,367619.9,548428.8,394504.6,135347.5,307699.9,168730.3
2751,38170,52.124966666666666,10.772866666666667,Niedersachsen,NI,Landkreis Wolfenbüttel,3158.0,"(52.124966666666666, 10.772866666666667)",380684.1,307900.9,147364.2,358567.7,575614.7,189549.6,584450.7,507379.6,371487.1,378757.3,398461.2,540146.3,425345.9,141222.9,338541.2,174605.8
2752,38173,52.20068,10.68288,Niedersachsen,NI,Landkreis Wolfenbüttel,3158.0,"(52.20068, 10.68288)",368969.7,296186.5,167935.8,346853.3,563900.3,204467.3,572736.2,522297.3,359772.7,367042.9,386746.8,555064.0,413631.5,129508.5,326826.8,162891.4
2753,38176,52.3296,10.3926,Niedersachsen,NI,Peine,3157.0,"(52.3296, 10.3926)",364839.2,256945.4,175916.2,342722.8,559769.8,212447.7,568605.7,530277.7,320531.7,327801.9,347505.7,563044.4,374390.4,125378.0,287585.8,158760.9
2754,38179,52.3481,10.4463,Niedersachsen,NI,Landkreis Gifhorn,3151.0,"(52.3481, 10.4463)",371543.5,263674.3,171400.3,349427.1,566474.1,207931.8,575310.1,525761.8,327260.5,334530.7,354234.6,558528.5,381119.3,132082.3,294314.6,165465.2
2755,38226,52.1401,10.3546,Niedersachsen,NI,"Salzgitter, Stadt",3102.0,"(52.1401, 10.3546)",338089.1,281152.6,162941.9,315972.7,533019.7,224447.1,541855.6,517731.5,344738.8,352009.0,371712.8,550498.2,398597.5,98627.9,311792.9,132010.8
2756,38228,52.14422857142857,10.301971428571427,Niedersachsen,NI,"Salzgitter, Stadt",3102.0,"(52.14422857142857, 10.301971428571427)",335050.3,278113.7,169464.6,312933.9,529980.9,228143.9,538816.8,524254.3,341700.0,348970.2,368674.0,557021.0,395558.7,95589.1,308754.1,128971.9
2757,38229,52.12693,10.36193,Niedersachsen,NI,"Salzgitter, Stadt",3102.0,"(52.12693, 10.36193)",339468.0,282531.4,163639.5,317351.6,534398.6,225324.3,543234.5,518429.2,346117.7,353387.9,373091.7,551195.9,399976.4,100006.8,313171.8,133389.6
2758,38239,52.16681111111112,10.429033333333331,Niedersachsen,NI,"Salzgitter, Stadt",3102.0,"(52.16681111111112, 10.429033333333331)",347370.4,285651.9,161825.0,325254.0,542301.0,216849.4,551137.0,516614.7,349238.1,356508.3,376212.2,549381.4,403096.9,107909.2,316292.2,141292.1
2759,38259,52.06465000000001,10.38909,Niedersachsen,NI,"Salzgitter, Stadt",3102.0,"(52.06465000000001, 10.38909)",331752.6,285811.3,154776.6,309636.2,526683.2,232275.1,535519.2,509566.2,349397.5,356667.8,376371.6,542332.9,403256.3,92291.4,316451.7,125674.3
2760,38268,52.2049,10.3078,Niedersachsen,NI,Peine,3157.0,"(52.2049, 10.3078)",348742.2,267002.9,172671.0,326625.8,543672.8,224915.5,552508.8,527460.7,330589.1,337859.4,357563.2,560227.4,384447.9,109281.0,297643.3,142663.9
2761,38271,52.0833,10.2333,Niedersachsen,NI,Landkreis Wolfenbüttel,3158.0,"(52.0833, 10.2333)",329184.4,271884.5,167518.5,307068.0,524115.0,240278.9,532950.9,522308.1,335470.7,342741.0,362444.8,555074.8,389329.5,89723.2,302524.9,123106.1
2762,38272,52.1443,10.2176,Niedersachsen,NI,Landkreis Wolfenbüttel,3158.0,"(52.1443, 10.2176)",331554.6,272191.5,174373.7,309438.2,526485.1,233052.9,535321.1,529163.4,335777.7,343048.0,362751.8,561930.1,389636.5,92093.3,302831.9,125476.2
2763,38274,52.0833,10.2833,Niedersachsen,NI,Landkreis Wolfenbüttel,3158.0,"(52.0833, 10.2833)",332546.2,275246.4,166874.1,310429.8,527476.8,235326.0,536312.8,521663.8,338832.6,346102.8,365806.7,554430.5,392691.4,93085.0,305886.7,126467.9
2764,38275,52.0541,10.3282,Niedersachsen,NI,Landkreis Wolfenbüttel,3158.0,"(52.0541, 10.3282)",336825.0,279525.2,159229.6,314708.6,531755.6,238346.3,540591.6,514019.3,343111.4,350381.6,370085.5,546786.0,396970.2,97363.8,310165.5,130746.7
2765,38277,52.0667,10.25,Niedersachsen,NI,Landkreis Wolfenbüttel,3158.0,"(52.0667, 10.25)",331619.4,274319.6,164884.8,309503.0,526550.0,242713.9,535386.0,519674.5,337905.8,345176.0,364879.9,552441.2,391764.6,92158.2,304959.9,125541.1
2766,38279,52.0389,10.2657,Niedersachsen,NI,Landkreis Wolfenbüttel,3158.0,"(52.0389, 10.2657)",324090.1,277593.9,160921.2,301973.7,519020.7,245988.2,527856.6,515710.9,341180.1,348450.3,368154.2,548477.6,395038.9,84628.9,308234.2,118011.7
2767,38300,52.1578,10.5579,Niedersachsen,NI,Landkreis Wolfenbüttel,3158.0,"(52.1578, 10.5579)",353841.0,286721.5,158744.2,331724.7,548771.6,213392.5,557607.6,513533.8,350307.7,357577.9,377281.8,546300.5,404166.5,114379.8,317361.8,147762.7
2768,38302,52.1661,10.5514,Niedersachsen,NI,Landkreis Wolfenbüttel,3158.0,"(52.1661, 10.5514)",353695.1,285992.7,159896.4,331578.7,548625.7,213124.8,557461.6,514686.1,349579.0,356849.2,376553.0,547452.8,403437.7,114233.9,316633.1,147616.7
2769,38304,52.1424,10.5484,Niedersachsen,NI,Landkreis Wolfenbüttel,3158.0,"(52.1424, 10.5484)",352298.4,293566.9,157201.5,330182.0,547228.9,221205.6,556064.9,511991.1,357153.1,364423.3,384127.2,544757.8,411011.9,112837.1,324207.3,146220.0
2770,38312,52.0879,10.544257142857145,Niedersachsen,NI,Landkreis Wolfenbüttel,3158.0,"(52.0879, 10.544257142857145)",360655.0,301554.9,147921.2,338538.6,555585.6,229193.6,564421.5,502710.8,365141.1,372411.3,392115.2,535477.5,418999.9,121193.8,332195.2,154576.6
2771,38315,52.03485,10.5439,Niedersachsen,NI,Landkreis Wolfenbüttel,3158.0,"(52.03485, 10.5439)",340725.0,303860.8,141922.6,318608.6,535655.6,231499.5,544491.5,496712.3,367447.0,374717.2,394421.1,529479.0,421305.8,101263.8,334501.1,134646.7
2772,38319,52.1137,10.6741,Niedersachsen,NI,Landkreis Wolfenbüttel,3158.0,"(52.1137, 10.6741)",362702.2,296239.1,154260.7,340585.8,557632.8,197279.8,566468.8,509050.4,359825.3,367095.5,386799.4,541817.1,413684.1,123241.0,326879.4,156623.9
2773,38321,52.15,10.6083,Niedersachsen,NI,Landkreis Wolfenbüttel,3158.0,"(52.15, 10.6083)",357654.1,291190.9,162557.2,335537.7,552584.7,214926.6,561420.6,517346.9,354777.2,362047.4,381751.2,550113.6,408635.9,118192.9,321831.3,151575.8
2774,38322,52.0667,10.6833,Niedersachsen,NI,Landkreis Wolfenbüttel,3158.0,"(52.0667, 10.6833)",352583.6,302187.1,149301.9,330467.2,547514.2,199550.3,556350.2,504091.6,365773.3,373043.6,392747.4,536858.3,419632.1,113122.4,332827.5,146505.3
2775,38324,52.1096,10.59,Niedersachsen,NI,Landkreis Wolfenbüttel,3158.0,"(52.1096, 10.59)",358092.5,299361.0,153702.5,335976.1,553023.1,219192.0,561859.0,508492.2,362947.3,370217.5,389921.3,541258.9,416806.0,118631.3,330001.4,152014.2
2776,38325,52.0666,10.7409,Niedersachsen,NI,Landkreis Wolfenbüttel,3158.0,"(52.0666, 10.7409)",356746.2,303430.1,140657.6,334629.8,551676.7,198390.5,560512.7,495447.3,367016.3,374286.5,393990.4,528214.0,420875.1,117284.9,334070.4,150667.8
2777,38327,52.0937,10.6969,Niedersachsen,NI,Landkreis Wolfenbüttel,3158.0,"(52.0937, 10.6969)",366009.6,299036.4,152569.4,343893.2,560940.2,196282.8,569776.1,507359.1,362622.6,369892.8,389596.7,540125.8,416481.4,126548.4,329676.7,159931.3
2778,38329,52.1297,10.64,Niedersachsen,NI,Landkreis Wolfenbüttel,3158.0,"(52.1297, 10.64)",359737.5,293274.3,164640.6,337621.1,554668.1,217010.0,563504.0,519430.3,356860.6,364130.8,383834.6,552197.0,410719.3,120276.3,323914.7,153659.2
2779,38350,52.2279,11.0098,Niedersachsen,NI,Landkreis Helmstedt,3154.0,"(52.2279, 11.0098)",396544.6,303112.1,130772.3,374428.2,591475.1,167303.8,600311.1,485133.8,366698.3,373968.5,393672.4,517900.5,420557.1,157083.3,333752.5,190466.2
2780,38364,52.138,10.9674,Niedersachsen,NI,Landkreis Helmstedt,3154.0,"(52.138, 10.9674)",392400.0,314584.8,139090.5,370283.6,587330.6,175622.0,596166.5,493452.0,378171.0,385441.2,405145.1,526218.7,432029.8,152938.8,345225.1,186321.7
2781,38368,52.302875,10.969275,Niedersachsen,NI,Landkreis Helmstedt,3154.0,"(52.302875, 10.969275)",395580.7,302148.2,136269.8,373464.3,590511.2,172801.3,599347.2,490631.3,365734.4,373004.6,392708.5,523398.0,419593.2,156119.5,332788.6,189502.3
2782,38372,52.1704,11.0188,Niedersachsen,NI,Landkreis Helmstedt,3154.0,"(52.1704, 11.0188)",403359.5,309927.0,134432.8,381243.1,598290.1,170964.3,607126.0,488794.3,373513.3,380783.5,400487.3,521561.0,427372.0,163898.3,340567.4,197281.2
2783,38373,52.2169,10.90965,Niedersachsen,NI,Landkreis Helmstedt,3154.0,"(52.2169, 10.90965)",389895.3,307146.0,137848.3,367778.9,584825.9,174379.8,593661.9,492209.8,370732.2,378002.4,397706.2,524976.5,424590.9,150434.1,337786.3,183817.0
2784,38375,52.196,10.8787,Niedersachsen,NI,Landkreis Helmstedt,3154.0,"(52.196, 10.8787)",385346.2,300598.5,139875.5,363229.8,580276.7,176407.0,589112.7,494237.0,364184.7,371454.9,391158.8,527003.7,418043.5,145884.9,331238.8,179267.8
2785,38376,52.2507,10.9101,Niedersachsen,NI,Landkreis Helmstedt,3154.0,"(52.2507, 10.9101)",390925.9,297493.4,136418.2,368809.5,585856.4,172949.7,594692.4,490779.7,361079.6,368349.8,388053.7,523546.4,414938.4,151464.6,328133.8,184847.5
2786,38378,52.1812,10.9197,Niedersachsen,NI,Landkreis Helmstedt,3154.0,"(52.1812, 10.9197)",389154.7,304407.0,136101.8,367038.3,584085.2,172633.3,592921.2,490463.3,367993.2,375263.4,394967.2,523230.0,421851.9,149693.4,335047.3,183076.3
2787,38379,52.191,10.9388,Niedersachsen,NI,Landkreis Helmstedt,3154.0,"(52.191, 10.9388)",403216.6,309784.1,134289.8,381100.2,598147.1,170821.3,606983.1,488651.3,373370.3,380640.5,400344.4,521418.0,427229.1,163755.3,340424.4,197138.2
