,zipcode,lat,long,state,state_code,community_name,community_code,coor,AKB Kitzingen,AKB Dortmund,AKB Zörbig,AKB Schöneck,AKB Buch,Mosolf Etzin,Mosolf Kippenheim,BLG Kelheim,BLG Duisburg,BLG Neuss,Carservice Erkens,ARS Altmann Wolnzach,CAT Zülpich,Autohaus Siebrecht,Neu: FleetParQ Essen ,Neu: FleetParQ Kassel
1148,19386,53.45483333333333,12.057908333333332,Mecklenburg-Vorpommern,MV,Ludwigslust-Parchim,13076.0,"(53.45483333333333, 12.057908333333332)",635706.6,486025.3,287676.3,542043.4,773148.6,165574.7,767926.3,639590.5,526823.3,550931.9,553797.4,672357.2,603136.8,324698.6,505959.2,358081.5
1149,19395,53.4317375,12.2299875,Mecklenburg-Vorpommern,MV,Ludwigslust-Parchim,13076.0,"(53.4317375, 12.2299875)",615972.6,511639.7,267942.2,664617.7,753414.5,145840.6,886027.2,619856.4,552437.7,576546.3,579411.8,652623.1,628751.2,445368.0,531573.6,478750.9
1150,19399,53.57928571428572,12.077314285714284,Mecklenburg-Vorpommern,MV,Ludwigslust-Parchim,13076.0,"(53.57928571428572, 12.077314285714284)",636498.1,503297.1,288467.7,685143.2,773940.0,166366.1,906552.7,640381.9,544095.1,568203.8,571069.2,673148.6,620408.6,350111.0,523231.0,383493.9
1151,19406,53.6891,11.8862875,Mecklenburg-Vorpommern,MV,Ludwigslust-Parchim,13076.0,"(53.6891, 11.8862875)",658139.4,500026.8,310109.0,564185.6,795581.4,188007.4,790068.5,662023.2,540824.9,564933.5,567798.9,694789.9,617138.3,346840.8,519960.8,380223.6
1152,19412,53.73297142857143,11.682628571428571,Mecklenburg-Vorpommern,MV,Ludwigslust-Parchim,13076.0,"(53.73297142857143, 11.682628571428571)",687175.5,487792.9,339145.1,551951.6,824617.5,217043.6,777834.6,691059.4,528590.9,552699.6,555565.0,723826.1,604904.4,334606.8,507726.8,367989.7
1153,19417,53.79106,11.66102,Mecklenburg-Vorpommern,MV,Nordwestmecklenburg,13074.0,"(53.79106, 11.66102)",693389.9,485782.6,345359.5,635375.0,830831.9,223258.0,861258.0,697273.8,526580.7,550689.3,553554.7,730040.5,602894.1,418030.2,505716.6,451413.1
1154,20095,53.549425,10.00585,Hamburg,HH,"Hamburg, Freie und Hansestadt",2000.0,"(53.549425, 10.00585)",515275.1,343566.3,355104.2,493158.7,710205.7,277580.4,719041.6,709465.7,384364.3,408473.0,411338.4,742232.4,460677.8,275813.9,363500.3,309196.8
1155,20097,53.548775,10.019625,Hamburg,HH,"Hamburg, Freie und Hansestadt",2000.0,"(53.548775, 10.019625)",514060.4,342351.6,353889.5,491944.0,708991.0,276883.4,717826.9,708251.0,383149.6,407258.3,410123.7,741017.7,459463.1,274599.2,362285.6,307982.1
1156,20099,53.553333333333335,10.0068,Hamburg,HH,"Hamburg, Freie und Hansestadt",2000.0,"(53.553333333333335, 10.0068)",515231.9,343523.1,355061.0,493115.5,710162.4,277488.0,718998.4,709422.5,384321.1,408429.7,411295.2,742189.2,460634.6,275770.7,363457.0,309153.5
1157,20144,53.57502,9.97544,Hamburg,HH,"Hamburg, Freie und Hansestadt",2000.0,"(53.57502, 9.97544)",518787.2,347078.3,358616.3,496670.8,713717.7,281176.2,722553.7,712977.8,387876.4,411985.0,414850.5,745744.5,464189.8,279325.9,367012.3,312708.8
1158,20146,53.5708,9.984,Hamburg,HH,"Hamburg, Freie und Hansestadt",2000.0,"(53.5708, 9.984)",518080.5,346371.7,357909.6,495964.1,713011.1,280469.6,721847.1,712271.2,387169.8,411278.4,414143.8,745037.9,463483.2,278619.3,366305.7,312002.2
1159,20148,53.57106666666667,9.9899,Hamburg,HH,"Hamburg, Freie und Hansestadt",2000.0,"(53.57106666666667, 9.9899)",517788.8,346079.9,357617.9,495672.4,712719.3,280177.8,721555.3,711979.4,386878.0,410986.6,413852.1,744746.1,463191.4,278327.5,366013.9,311710.4
1160,20149,53.575,9.9883,Hamburg,HH,"Hamburg, Freie und Hansestadt",2000.0,"(53.575, 9.9883)",518138.5,346429.7,357967.6,496022.1,713069.1,280527.5,721905.0,712329.1,387227.7,411336.3,414201.8,745095.8,463541.2,278677.3,366363.6,312060.2
1161,20249,53.58662,9.99016,Hamburg,HH,"Hamburg, Freie und Hansestadt",2000.0,"(53.58662, 9.99016)",519731.3,348022.5,359560.4,497614.9,714661.9,281319.9,723497.8,713921.9,388820.5,412929.2,415794.6,746688.6,465134.0,280270.1,367956.4,313653.0
1162,20251,53.59145,9.98915,Hamburg,HH,"Hamburg, Freie und Hansestadt",2000.0,"(53.59145, 9.98915)",520255.9,348547.1,360085.0,498139.5,715186.5,281018.5,724022.4,714446.5,389345.1,413453.7,416319.2,747213.2,465658.6,280794.7,368481.0,314177.5
1163,20253,53.5829,9.968966666666669,Hamburg,HH,"Hamburg, Freie und Hansestadt",2000.0,"(53.5829, 9.968966666666669)",519813.7,342890.9,359642.8,497697.3,714744.3,282202.7,723580.2,714004.3,383689.0,407797.6,410663.0,746771.0,460002.4,280352.5,362824.9,313735.3
1164,20255,53.584900000000005,9.95268,Hamburg,HH,"Hamburg, Freie und Hansestadt",2000.0,"(53.584900000000005, 9.95268)",520500.3,343831.4,360329.4,498383.9,715430.9,282889.4,724266.9,714691.0,384629.5,408738.1,411603.5,747457.7,460942.9,281039.1,363765.4,314422.0
1165,20257,53.56966666666667,9.946466666666666,Hamburg,HH,"Hamburg, Freie und Hansestadt",2000.0,"(53.56966666666667, 9.946466666666666)",520199.4,340509.3,360028.5,498083.0,715129.9,282588.4,723965.9,714390.0,381307.3,405416.0,408281.4,747156.7,457620.8,280738.1,360443.2,314121.0
1166,20259,53.5718,9.95155,Hamburg,HH,"Hamburg, Freie und Hansestadt",2000.0,"(53.5718, 9.95155)",520542.3,341187.0,360371.4,498425.9,715472.9,282931.4,724308.8,714732.9,381985.0,406093.7,408959.1,747499.6,458298.5,281081.1,361121.0,314464.0
1167,20354,53.55675,9.981125,Hamburg,HH,"Hamburg, Freie und Hansestadt",2000.0,"(53.55675, 9.981125)",516973.9,345265.1,356803.0,494857.5,711904.5,279444.6,720740.4,711164.5,386063.1,410171.8,413037.2,743931.2,462376.6,277512.7,365199.0,310895.6
1168,20355,53.552533333333336,9.9765,Hamburg,HH,"Hamburg, Freie und Hansestadt",2000.0,"(53.552533333333336, 9.9765)",517190.8,345482.0,357019.9,495074.4,712121.4,280062.1,720957.4,711381.4,386280.0,410388.7,413254.1,744148.1,462593.5,277729.6,365416.0,311112.5
1169,20357,53.561483333333335,9.958816666666666,Hamburg,HH,"Hamburg, Freie und Hansestadt",2000.0,"(53.561483333333335, 9.958816666666666)",519348.1,341180.2,359177.2,497231.7,714278.7,281737.1,723114.6,713538.7,381978.2,406086.8,408952.3,746305.4,458291.6,279886.9,361114.1,313269.8
1170,20359,53.550575,9.962725,Hamburg,HH,"Hamburg, Freie und Hansestadt",2000.0,"(53.550575, 9.962725)",517627.1,341305.4,357456.2,495510.7,712557.7,280683.3,721393.6,711817.7,382103.4,406212.1,409077.5,744584.4,458416.9,278165.9,361239.4,311548.7
1171,20457,53.54023333333333,9.986416666666669,Hamburg,HH,"Hamburg, Freie und Hansestadt",2000.0,"(53.54023333333333, 9.986416666666669)",515542.6,343833.8,355371.7,493426.2,710473.2,279531.7,719309.2,709733.2,384631.8,408740.5,411605.9,742499.9,460945.3,276081.4,363767.8,309464.3
1172,20459,53.549075,9.9822,Hamburg,HH,"Hamburg, Freie und Hansestadt",2000.0,"(53.549075, 9.9822)",516358.3,344649.5,356187.4,494241.9,711288.9,279414.6,720124.9,710549.0,385447.6,409556.2,412421.6,743315.7,461761.0,276897.1,364583.5,310280.0
1173,20535,53.55836666666666,10.0443,Hamburg,HH,"Hamburg, Freie und Hansestadt",2000.0,"(53.55836666666666, 10.0443)",515647.1,343938.3,355476.2,493530.7,710577.7,274745.1,719413.7,709837.7,384736.4,408845.0,411710.4,742604.5,461049.8,276185.9,363872.3,309568.8
1174,20537,53.5508,10.04476,Hamburg,HH,"Hamburg, Freie und Hansestadt",2000.0,"(53.5508, 10.04476)",514610.0,342901.2,354439.1,492493.6,709540.5,275876.8,718376.5,708800.6,383699.2,407807.8,410673.3,741567.3,460012.7,275148.8,362835.1,308531.6
1175,20539,53.52602,10.02002,Hamburg,HH,"Hamburg, Freie und Hansestadt",2000.0,"(53.52602, 10.02002)",511933.7,340224.9,351762.8,489817.3,706864.3,281322.5,715700.3,706124.3,381023.0,405131.6,407997.0,738891.0,457336.4,272472.5,360158.9,305855.4
1176,21029,53.463075,10.237725,Hamburg,HH,"Hamburg, Freie und Hansestadt",2000.0,"(53.463075, 10.237725)",524509.5,352800.7,364338.6,502393.1,719440.1,275844.0,728276.1,718700.1,393598.7,417707.4,420572.8,751466.8,469912.2,285048.3,372734.7,318431.2
1177,21031,53.50013333333333,10.209733333333332,Hamburg,HH,"Hamburg, Freie und Hansestadt",2000.0,"(53.50013333333333, 10.209733333333332)",522053.0,350344.2,392079.6,499936.6,716983.6,269978.0,725819.6,716243.7,391142.3,415250.9,418116.4,749010.4,467455.7,282591.8,370278.2,315974.7
1178,21033,53.501725,10.1756,Hamburg,HH,"Hamburg, Freie und Hansestadt",2000.0,"(53.501725, 10.1756)",520455.7,348746.9,360284.8,498339.3,715386.2,276774.6,724222.2,714646.3,389544.9,413653.5,416519.0,747413.0,465858.4,280994.4,368680.8,314377.3
1179,21035,53.491125,10.15545,Hamburg,HH,"Hamburg, Freie und Hansestadt",2000.0,"(53.491125, 10.15545)",518692.5,346983.6,358521.6,496576.1,713623.0,274897.1,722459.0,712883.1,387781.7,411890.3,414755.8,745649.8,464095.1,279231.2,366917.6,312614.1
1180,21037,53.465355555555554,10.142211111111113,Hamburg,HH,"Hamburg, Freie und Hansestadt",2000.0,"(53.465355555555554, 10.142211111111113)",518870.7,347161.9,358699.8,496754.3,713801.3,283428.1,722637.3,713061.3,387959.9,412068.6,414934.0,745828.0,464273.4,279409.5,367095.9,312792.4
1181,21039,53.45731428571428,10.257228571428572,Hamburg,HH,"Hamburg, Freie und Hansestadt",2000.0,"(53.45731428571428, 10.257228571428572)",526821.6,355112.8,366650.7,504705.2,721752.2,266955.4,730588.1,721012.2,395910.8,420019.5,422884.9,753778.9,472224.3,287360.4,375046.8,320743.3
1182,21073,53.45546,9.96618,Hamburg,HH,"Hamburg, Freie und Hansestadt",2000.0,"(53.45546, 9.96618)",506771.0,324394.7,346600.1,484654.6,701701.5,288485.3,710537.5,700961.6,365192.8,389301.4,392166.8,733728.3,441506.2,267309.7,344328.7,300692.6
1183,21075,53.46058000000001,9.93952,Hamburg,HH,"Hamburg, Freie und Hansestadt",2000.0,"(53.46058000000001, 9.93952)",510010.9,324957.5,349840.0,487894.5,704941.5,290443.1,713777.4,704201.5,365755.5,389864.2,392729.6,736968.2,442069.0,270549.7,344891.5,303932.5
1184,21077,53.43537142857143,9.973928571428573,Hamburg,HH,"Hamburg, Freie und Hansestadt",2000.0,"(53.43537142857143, 9.973928571428573)",501979.0,323219.1,341808.1,479862.6,696909.5,290734.4,705745.5,696169.6,364017.1,388125.7,390991.2,728936.3,440330.5,262517.7,343153.0,295900.6
1185,21079,53.45377272727273,9.981263636363638,Hamburg,HH,"Hamburg, Freie und Hansestadt",2000.0,"(53.45377272727273, 9.981263636363638)",503419.7,324395.7,343248.8,481303.3,698350.3,287938.0,707186.3,697610.3,365193.7,389302.3,392167.8,730377.0,441507.2,263958.5,344329.6,297341.4
1186,21107,53.51566666666667,9.986233333333333,Hamburg,HH,"Hamburg, Freie und Hansestadt",2000.0,"(53.51566666666667, 9.986233333333333)",514285.2,342576.4,354114.3,492168.8,709215.8,283674.0,718051.8,708475.8,383374.5,407483.1,410348.5,741242.5,459687.9,274824.0,362510.4,308206.9
1187,21109,53.50886666666667,10.0181,Hamburg,HH,"Hamburg, Freie und Hansestadt",2000.0,"(53.50886666666667, 10.0181)",512442.9,340734.1,352272.0,490326.5,707373.5,281831.7,716209.4,706633.5,381532.1,405640.8,408506.2,739400.2,457845.6,272981.7,360668.1,306364.6
1188,21129,53.5171875,9.871875,Hamburg,HH,"Hamburg, Freie und Hansestadt",2000.0,"(53.5171875, 9.871875)",516167.1,333472.7,355996.2,494050.7,711097.6,293091.1,719933.6,710357.7,374270.7,398379.3,401244.8,743124.4,450584.2,276705.8,353406.6,310088.7
1189,21147,53.47723333333334,9.863433333333331,Hamburg,HH,"Hamburg, Freie und Hansestadt",2000.0,"(53.47723333333334, 9.863433333333331)",512084.3,329389.9,351913.4,489967.9,707014.9,295605.5,715850.8,706274.9,370187.9,394296.6,397162.0,739041.6,446501.4,272623.1,349323.9,306006.0
1190,21149,53.4667,9.867,Hamburg,HH,"Hamburg, Freie und Hansestadt",2000.0,"(53.4667, 9.867)",512114.1,329419.7,351943.2,489997.7,707044.7,296156.8,715880.6,706304.7,370217.7,394326.4,397191.8,739071.4,446531.2,272652.9,349353.6,306035.8
1191,21217,53.4193,10.0211,Niedersachsen,NI,Landkreis Harburg,3353.0,"(53.4193, 10.0211)",502333.4,328349.3,342162.5,480217.0,697264.0,299602.9,706100.0,696524.0,369147.4,393256.0,396121.4,729290.7,445460.8,262872.2,348283.3,296255.1
1192,21218,53.4,9.9667,Niedersachsen,NI,Landkreis Harburg,3353.0,"(53.4, 9.9667)",500748.7,323240.4,340577.8,478632.3,695679.3,298018.2,704515.3,694939.3,364038.4,388147.1,391012.5,727706.1,440351.9,261287.5,343174.3,294670.4
1193,21220,53.3661,10.048,Niedersachsen,NI,Landkreis Harburg,3353.0,"(53.3661, 10.048)",494692.9,325751.0,334522.0,472576.5,689623.4,297586.8,698459.4,688883.5,366549.1,390657.7,393523.1,721650.2,442862.5,255231.6,345685.0,288614.5
1194,21224,53.4065,9.9256,Niedersachsen,NI,Landkreis Harburg,3353.0,"(53.4065, 9.9256)",502646.9,317782.2,342476.0,480530.5,697577.5,302905.7,706413.5,696837.6,358580.2,382688.8,385554.3,729604.3,434893.7,263185.7,337716.1,296568.6
1195,21227,53.3358,9.9615,Niedersachsen,NI,Landkreis Harburg,3353.0,"(53.3358, 9.9615)",496703.8,323135.7,336532.9,474587.4,691634.4,303229.7,700470.3,690894.4,363933.7,388042.4,390907.8,723661.1,440247.2,257242.6,343069.6,290625.4
1196,21228,53.35,9.9833,Niedersachsen,NI,Landkreis Harburg,3353.0,"(53.35, 9.9833)",493932.9,323838.7,333762.0,471816.5,688863.5,300111.7,697699.4,688123.5,364636.8,388745.4,391610.9,720890.2,440950.2,254471.7,343772.7,287854.5
1197,21244,53.3264,9.8681,Niedersachsen,NI,Landkreis Harburg,3353.0,"(53.3264, 9.8681)",510653.8,317880.9,350482.9,488537.4,705584.4,309388.8,714420.3,704844.4,358678.9,382787.5,385653.0,737611.1,434992.4,271192.6,337814.8,304575.4
1198,21255,53.2759,9.7085,Niedersachsen,NI,Landkreis Harburg,3353.0,"(53.2759, 9.7085)",489106.4,305152.5,328935.5,466990.0,684037.0,324114.3,692872.9,683297.0,345950.6,370059.2,372924.7,716063.7,422264.0,249645.2,325086.5,283028.1
1199,21256,53.2456,9.8392,Niedersachsen,NI,Landkreis Harburg,3353.0,"(53.2456, 9.8392)",483770.7,315126.9,323599.8,461654.3,678701.3,320990.3,687537.3,677961.3,355924.9,380033.6,382899.0,710728.0,432238.4,244309.5,335060.8,277692.4
1200,21258,53.3167,9.6667,Niedersachsen,NI,Landkreis Harburg,3353.0,"(53.3167, 9.6667)",495049.1,299819.3,334878.2,511047.5,689979.7,320490.8,736637.1,689239.7,340617.4,364726.0,367591.5,722006.4,416930.8,255587.9,319753.3,288970.8
1201,21259,53.2402,9.7425,Niedersachsen,NI,Landkreis Harburg,3353.0,"(53.2402, 9.7425)",484861.3,305810.5,324690.4,462744.9,679791.9,322547.4,688627.9,679051.9,346608.5,370717.2,373582.6,711818.6,422922.0,245400.1,325744.4,278783.0
1202,21261,53.2398,9.8018,Niedersachsen,NI,Landkreis Harburg,3353.0,"(53.2398, 9.8018)",481104.8,312582.6,320933.9,458988.4,676035.3,320081.9,684871.3,675295.4,353380.6,377489.3,380354.7,708062.1,429694.1,241643.5,332516.5,275026.4
1203,21266,53.3097,9.9526,Niedersachsen,NI,Landkreis Harburg,3353.0,"(53.3097, 9.9526)",492211.6,329168.4,332040.7,470095.2,687142.2,305441.3,695978.1,686402.2,369966.4,394075.1,396940.5,719168.9,446279.9,252750.4,349102.3,286133.3
1204,21271,53.279700000000005,9.9979,Niedersachsen,NI,Landkreis Harburg,3353.0,"(53.279700000000005, 9.9979)",486864.0,321756.1,326693.1,464747.6,681794.6,306459.0,690630.6,681054.6,376131.3,400239.9,403105.4,713821.3,439201.1,247402.8,355267.2,280785.7
1205,21272,53.193,10.063,Niedersachsen,NI,Landkreis Harburg,3353.0,"(53.193, 10.063)",471623.2,306515.3,311452.3,449506.8,666553.8,317368.2,675389.7,665813.8,370101.5,377371.7,397075.6,698580.5,423960.3,232162.0,337155.6,265544.8
1206,21274,53.1971,9.9757,Niedersachsen,NI,Landkreis Harburg,3353.0,"(53.1971, 9.9757)",480102.4,314994.5,319931.5,457986.0,675033.0,321983.6,683868.9,674293.0,378580.7,385850.9,405554.8,707059.7,432439.5,240641.2,345634.8,274024.1
1207,21279,53.359325,9.748,Niedersachsen,NI,Landkreis Harburg,3353.0,"(53.359325, 9.748)",514358.1,306104.5,354187.2,492241.7,709288.7,313093.2,718124.7,708548.7,346902.6,371011.2,373876.6,741315.4,423216.0,274896.9,326038.5,308279.8
1208,21335,53.2329,10.4078,Niedersachsen,NI,Landkreis Lüneburg,3355.0,"(53.2329, 10.4078)",495177.6,330069.7,276048.4,473061.2,690108.1,276527.3,698944.1,630409.9,400373.4,400926.1,427347.4,663176.6,447514.6,255716.3,379509.3,289099.2
1209,21337,53.2558,10.4398,Niedersachsen,NI,Landkreis Lüneburg,3355.0,"(53.2558, 10.4398)",503961.6,356801.4,283018.6,481845.2,698892.2,273753.5,707728.1,637380.1,397599.5,421708.1,424573.6,670146.8,473912.9,264500.4,376735.4,297883.2
1210,21339,53.2604,10.3968,Niedersachsen,NI,Landkreis Lüneburg,3355.0,"(53.2604, 10.3968)",498432.3,355573.8,280384.2,476315.9,693362.9,274715.7,702198.8,634745.7,396371.8,420480.5,423345.9,667512.4,472685.3,258971.1,375507.7,292354.0
1211,21354,53.2897,10.7337,Niedersachsen,NI,Landkreis Lüneburg,3355.0,"(53.2897, 10.7337)",485182.3,380489.6,250621.3,463065.9,680112.8,252565.4,688948.8,604982.8,421287.6,445396.2,448261.7,637749.5,497601.1,245721.0,400423.5,279103.9
1212,21357,53.3256,10.390466666666669,Niedersachsen,NI,Landkreis Lüneburg,3355.0,"(53.3256, 10.390466666666669)",515365.0,357110.7,290474.7,493248.6,710295.6,271686.6,719131.6,644836.2,397908.7,422017.3,424882.8,677602.9,474222.2,275903.8,377044.6,309286.7
1213,21358,53.2833,10.3167,Niedersachsen,NI,Landkreis Lüneburg,3355.0,"(53.2833, 10.3167)",498590.1,350013.1,286087.2,476473.7,693520.7,277528.7,702356.6,640448.7,390811.1,414919.7,417785.2,673215.4,467124.6,259128.9,369947.0,292511.7
1214,21360,53.2745,10.3537,Niedersachsen,NI,Landkreis Lüneburg,3355.0,"(53.2745, 10.3537)",496303.4,331195.5,283027.9,474187.0,691234.0,275339.6,700070.0,637389.4,398910.8,423019.5,425884.9,670156.1,448640.5,256842.2,378046.7,290225.1
1215,21365,53.2819,10.4379,Niedersachsen,NI,Landkreis Lüneburg,3355.0,"(53.2819, 10.4379)",505406.8,356662.6,284463.8,483290.4,700337.3,270748.0,709173.3,638825.3,397460.7,421569.3,424434.7,671592.0,473774.1,265945.5,376596.6,299328.4
1216,21368,53.179233333333336,10.7455,Niedersachsen,NI,Landkreis Lüneburg,3355.0,"(53.179233333333336, 10.7455)",474471.9,380614.6,239636.5,452355.5,669402.5,255635.7,678238.5,593998.1,421412.6,445521.2,448386.7,626764.8,497726.1,235010.7,400548.5,268393.6
1217,21369,53.1739,10.8138,Niedersachsen,NI,Landkreis Lüneburg,3355.0,"(53.1739, 10.8138)",473824.0,386230.1,234944.1,451707.6,668754.6,252496.8,677590.5,589305.6,427028.1,451136.8,454002.2,622072.3,503341.6,234362.8,406164.1,267745.6
1218,21371,53.2098,10.8193,Niedersachsen,NI,Landkreis Lüneburg,3355.0,"(53.2098, 10.8193)",477985.8,386526.9,239106.0,455869.4,672916.4,248707.4,681752.3,593467.5,427324.9,451433.5,454299.0,626234.2,503638.4,238524.6,406460.8,271907.5
1219,21376,53.2223,10.136175,Niedersachsen,NI,Landkreis Harburg,3353.0,"(53.2223, 10.136175)",479043.2,313935.3,318872.3,456926.8,673973.8,315923.1,682809.7,673233.8,377521.5,384791.7,404495.6,706000.5,431380.3,239582.0,344575.6,272964.9
1220,21379,53.3084,10.534775,Niedersachsen,NI,Landkreis Lüneburg,3355.0,"(53.3084, 10.534775)",511533.9,366070.8,286575.6,489417.5,706464.5,267850.2,715300.4,640937.1,406868.8,430977.4,433842.9,673703.8,483182.3,272072.7,386004.7,305455.5
1221,21380,53.3718,10.4879,Niedersachsen,NI,Landkreis Lüneburg,3355.0,"(53.3718, 10.4879)",516364.5,367620.4,295421.5,494248.1,711295.1,259829.8,720131.1,649783.1,408418.5,432527.1,435392.5,682549.8,484731.9,276903.3,387554.4,310286.2
1222,21382,53.3333,10.45,Niedersachsen,NI,Landkreis Lüneburg,3355.0,"(53.3333, 10.45)",511217.3,362473.1,290274.3,489100.9,706147.8,264052.6,714983.8,644635.8,403271.2,427379.8,430245.3,677402.5,479584.6,271756.0,382407.1,305138.9
1223,21385,53.12656666666667,10.216766666666668,Niedersachsen,NI,Landkreis Lüneburg,3355.0,"(53.12656666666667, 10.216766666666668)",471562.3,306454.4,311391.4,449445.9,666492.9,331783.2,675328.8,665752.9,370040.6,377310.8,397014.7,698519.6,423899.4,232101.1,337094.7,265483.9
1224,21386,53.1375,10.3127,Niedersachsen,NI,Landkreis Lüneburg,3355.0,"(53.1375, 10.3127)",479799.5,314691.6,274990.2,457683.1,674730.1,294265.9,683566.0,629351.7,378277.8,385548.0,405251.9,662118.4,432136.6,240338.3,345331.9,273721.1
1225,21388,53.1428,10.1481,Niedersachsen,NI,Landkreis Lüneburg,3355.0,"(53.1428, 10.1481)",474371.0,309263.1,314200.1,452254.6,669301.6,326344.5,678137.5,668561.6,372849.3,380119.5,399823.4,701328.3,426708.1,234909.8,339903.4,268292.6
1226,21391,53.2519,10.3339,Niedersachsen,NI,Landkreis Lüneburg,3355.0,"(53.2519, 10.3339)",493582.0,328474.1,282500.4,471465.6,688512.5,279878.4,697348.5,636861.9,403449.6,399330.5,430423.7,669628.6,445919.1,254120.7,359114.4,287503.6
1227,21394,53.225975,10.296575,Niedersachsen,NI,Landkreis Lüneburg,3355.0,"(53.225975, 10.296575)",488855.8,323747.9,284221.5,466739.4,683786.3,282447.5,692622.3,638583.0,387334.1,394604.3,414308.1,671349.7,441192.8,249394.5,354388.2,282777.4
1228,21395,53.3964,10.4108,Niedersachsen,NI,Landkreis Harburg,3353.0,"(53.3964, 10.4108)",522637.0,364382.6,299751.4,500520.6,717567.5,266429.6,726403.5,654112.9,405180.6,429289.3,432154.7,686879.6,481494.1,283175.7,384316.6,316558.6
1229,21397,53.2135,10.5336,Niedersachsen,NI,Landkreis Lüneburg,3355.0,"(53.2135, 10.5336)",473301.9,340860.4,273335.0,451185.5,668232.5,277777.9,677068.4,627696.5,407441.3,431550.0,434415.4,660463.2,483754.8,233840.7,386577.3,267223.6
