,zipcode,lat,long,state,state_code,community_name,community_code,coor,AKB Kitzingen,AKB Dortmund,AKB Zörbig,AKB Schöneck,AKB Buch,Mosolf Etzin,Mosolf Kippenheim,BLG Kelheim,BLG Duisburg,BLG Neuss,Carservice Erkens,ARS Altmann Wolnzach,CAT Zülpich,Autohaus Siebrecht,Neu: FleetParQ Essen ,Neu: FleetParQ Kassel
4756,67697,49.503,7.7699,Rheinland-Pfalz,RP,Landkreis Kaiserslautern,7335.0,"(49.503, 7.7699)",238831.6,337985.3,518201.0,140012.3,317591.8,645656.9,226082.7,403409.3,302749.9,274993.9,313103.1,394048.3,235685.5,353260.1,311454.8,299307.4
4757,67699,49.54405,7.7559,Rheinland-Pfalz,RP,Landkreis Kaiserslautern,7335.0,"(49.54405, 7.7559)",246005.8,345159.4,525375.1,147186.4,324765.9,652831.0,233256.8,410583.4,309924.0,282168.0,320277.2,401222.5,242859.6,360434.2,318628.9,306481.5
4758,67700,49.5833,7.7,Rheinland-Pfalz,RP,Landkreis Kaiserslautern,7335.0,"(49.5833, 7.7)",244263.5,311998.7,523632.9,145444.2,331306.7,651088.8,239797.6,417124.2,276763.3,249007.3,287116.5,407763.3,209698.9,358692.0,285468.2,304739.3
4759,67701,49.55,7.7167,Rheinland-Pfalz,RP,Landkreis Kaiserslautern,7335.0,"(49.55, 7.7167)",246852.8,316252.0,526222.1,148033.4,325613.0,653678.1,234103.8,411430.4,281016.6,253260.6,291369.8,402069.5,213952.2,361281.3,289721.5,307328.6
4760,67705,49.36845,7.75645,Rheinland-Pfalz,RP,Landkreis Kaiserslautern,7335.0,"(49.36845, 7.75645)",252704.1,351857.7,532073.4,153884.7,277847.3,659529.4,177782.7,414127.1,316622.4,288866.4,326975.6,404766.1,249557.9,367132.6,325327.3,313179.9
4761,67706,49.3667,7.6667,Rheinland-Pfalz,RP,Landkreis Kaiserslautern,7335.0,"(49.3667, 7.6667)",257976.8,357130.4,537346.1,159157.4,283305.8,664802.0,183241.3,419088.1,321895.1,294139.1,332248.3,409727.1,232253.2,372405.3,330600.0,318452.6
4762,67707,49.35,7.6833,Rheinland-Pfalz,RP,Landkreis Kaiserslautern,7335.0,"(49.35, 7.6833)",257366.5,356520.1,536735.8,158547.1,282695.5,664191.7,182631.0,418477.8,321284.7,293528.7,331637.9,409116.8,237746.6,371794.9,329989.6,317842.2
4763,67714,49.2833,7.6667,Rheinland-Pfalz,RP,Südwestpfalz,7340.0,"(49.2833, 7.6667)",268415.5,367569.1,547784.8,169596.1,285413.7,675240.7,164964.3,429526.8,332333.7,304577.7,342686.9,420165.8,238164.0,382843.9,341038.6,328891.2
4764,67715,49.3261,7.6971,Rheinland-Pfalz,RP,Südwestpfalz,7340.0,"(49.3261, 7.6971)",263118.5,362272.1,542487.8,164299.1,281848.2,669943.7,181783.7,424229.8,327036.8,299280.8,337390.0,414868.8,237215.6,377547.0,335741.7,323594.3
4765,67716,49.3167,7.7167,Rheinland-Pfalz,RP,Südwestpfalz,7340.0,"(49.3167, 7.7167)",264963.5,364117.2,544332.9,166144.1,280653.9,671788.8,180589.3,426074.8,328881.8,301125.8,339235.0,416713.9,239060.7,379392.0,337586.7,325439.3
4766,67718,49.3333,7.7333,Rheinland-Pfalz,RP,Südwestpfalz,7340.0,"(49.3333, 7.7333)",264372.0,363525.6,543741.3,165552.6,276461.2,671197.2,176396.7,403218.7,328290.3,300534.3,338643.5,393857.7,242045.0,378800.5,336995.2,324847.7
4767,67722,49.562525,7.849724999999999,Rheinland-Pfalz,RP,Donnersbergkreis,7333.0,"(49.562525, 7.849724999999999)",227753.2,326906.9,507122.6,128933.8,318124.5,634578.5,226615.4,403942.0,291671.5,263915.5,302024.7,394581.0,224607.1,342181.7,300376.4,288229.0
4768,67724,49.57225,7.8115,Rheinland-Pfalz,RP,Donnersbergkreis,7333.0,"(49.57225, 7.8115)",230414.1,329567.7,509783.4,131594.7,320785.3,637239.3,229276.2,406602.8,294332.3,266576.3,304685.5,397241.9,227267.9,344842.5,303037.2,290889.8
4769,67725,49.5722,7.9546,Rheinland-Pfalz,RP,Donnersbergkreis,7333.0,"(49.5722, 7.9546)",221376.1,320529.8,500745.5,122556.8,305631.6,628201.4,214122.5,391449.1,285294.4,257538.4,295647.6,382088.2,218230.0,335804.6,293999.3,281851.9
4770,67727,49.55,7.85,Rheinland-Pfalz,RP,Donnersbergkreis,7333.0,"(49.55, 7.85)",226792.5,325946.1,506161.8,127973.1,317163.8,633617.8,225654.6,402981.2,290710.8,262954.8,301064.0,393620.3,223646.3,341221.0,299415.7,287268.3
4771,67728,49.55,7.8833,Rheinland-Pfalz,RP,Donnersbergkreis,7333.0,"(49.55, 7.8833)",227039.9,326193.5,506409.2,128220.5,314296.3,633865.2,222787.2,400113.8,290958.2,263202.2,301311.4,390752.8,223893.7,341468.4,299663.1,287515.7
4772,67729,49.55,7.9333,Rheinland-Pfalz,RP,Donnersbergkreis,7333.0,"(49.55, 7.9333)",223792.4,322946.1,503161.8,124973.0,317252.5,630617.7,225743.4,403070.0,287710.7,259954.7,298063.9,393709.0,220646.3,338220.9,296415.6,284268.2
4773,67731,49.4855,7.7345,Rheinland-Pfalz,RP,Landkreis Kaiserslautern,7335.0,"(49.4855, 7.7345)",242073.9,341227.5,521443.2,143254.5,327072.0,648899.1,235562.9,412889.5,305992.1,278236.2,316345.4,403528.6,238927.7,356502.4,314697.1,302549.6
4774,67732,49.5197,7.6788,Rheinland-Pfalz,RP,Landkreis Kaiserslautern,7335.0,"(49.5197, 7.6788)",255455.5,354609.1,534824.9,156636.1,330749.3,662280.8,239240.2,416566.8,319373.8,291617.8,329727.0,407205.9,252309.3,369884.0,328078.7,315931.3
4775,67734,49.50835,7.68335,Rheinland-Pfalz,RP,Landkreis Kaiserslautern,7335.0,"(49.50835, 7.68335)",254397.7,353551.3,533767.0,155578.3,329691.5,661222.9,238182.4,415509.0,318315.9,290560.0,328669.2,406148.0,251251.5,368826.2,327020.9,314873.4
4776,67735,49.5167,7.7167,Rheinland-Pfalz,RP,Landkreis Kaiserslautern,7335.0,"(49.5167, 7.7167)",249300.6,348454.3,528670.0,150481.3,331300.8,656125.9,239791.7,417118.3,313218.9,285462.9,323572.1,407757.4,246154.5,363729.1,321923.8,309776.4
4777,67737,49.53605,7.64595,Rheinland-Pfalz,RP,Landkreis Kaiserslautern,7335.0,"(49.53605, 7.64595)",259766.0,321938.7,539135.3,160946.6,335059.8,666591.2,243550.6,420877.2,286703.3,258947.3,297056.6,411516.3,219638.9,374194.4,295408.3,320241.7
4778,67742,49.6458125,7.582425,Rheinland-Pfalz,RP,Landkreis Kusel,7336.0,"(49.6458125, 7.582425)",246397.3,304044.9,517061.5,147577.9,352935.1,644517.4,261425.9,438752.5,268809.5,241053.5,279162.7,429391.6,201745.1,352120.6,277514.4,298167.9
4779,67744,49.65127692307692,7.594884615384616,Rheinland-Pfalz,RP,Landkreis Kusel,7336.0,"(49.65127692307692, 7.594884615384616)",245822.1,303469.6,516486.3,147002.7,351637.4,643942.2,260128.3,437454.9,268234.3,240478.3,278587.5,428093.9,201169.8,351545.4,276939.2,297592.7
4780,67745,49.65,7.5667,Rheinland-Pfalz,RP,Landkreis Kusel,7336.0,"(49.65, 7.5667)",246979.0,304626.6,517643.2,148159.6,353200.9,645099.1,261691.7,439018.3,269391.2,241635.2,279744.4,429657.4,180184.4,352702.3,278096.1,298749.6
4781,67746,49.6667,7.5111,Rheinland-Pfalz,RP,Landkreis Kusel,7336.0,"(49.6667, 7.5111)",252105.0,303783.6,522769.2,153285.6,358539.9,650225.1,267030.8,444357.4,268548.3,240792.3,278901.5,434996.5,175158.4,357828.3,277253.2,303875.6
4782,67748,49.6833,7.65,Rheinland-Pfalz,RP,Landkreis Kusel,7336.0,"(49.6833, 7.65)",239145.9,296793.4,509810.1,140326.5,343259.5,637266.0,251750.4,429077.0,261558.1,233802.1,271911.3,419716.1,194493.7,344869.2,270263.0,290916.5
4783,67749,49.60865,7.550599999999999,Rheinland-Pfalz,RP,Landkreis Kusel,7336.0,"(49.60865, 7.550599999999999)",252785.9,310433.5,523450.1,153966.5,349722.6,650906.0,258213.4,435540.0,275198.1,247442.1,285551.3,426179.1,186149.1,358509.2,283903.0,304556.5
4784,67752,49.5836,7.6128,Rheinland-Pfalz,RP,Landkreis Kusel,7336.0,"(49.5836, 7.6128)",256679.1,313488.6,536048.4,157859.7,342350.3,663504.3,250841.2,428167.8,278253.2,250497.3,288606.5,418806.8,190634.6,371107.5,286958.2,317154.8
4785,67753,49.6,7.63332,Rheinland-Pfalz,RP,Landkreis Kusel,7336.0,"(49.6, 7.63332)",245058.3,309486.7,524427.6,146238.9,340593.5,651883.6,249084.4,426411.0,274251.3,246495.3,284604.5,417050.0,207186.9,359486.8,282956.2,305534.1
4786,67754,49.5582,7.5642,Rheinland-Pfalz,RP,Landkreis Kusel,7336.0,"(49.5582, 7.5642)",267687.8,315939.1,547057.1,168868.4,342981.6,674513.0,251472.5,428799.1,280703.8,252947.8,291057.0,419438.1,191654.8,382116.3,289408.7,328163.6
4787,67756,49.58886666666667,7.5889,Rheinland-Pfalz,RP,Landkreis Kusel,7336.0,"(49.58886666666667, 7.5889)",255413.2,315478.6,534782.6,156593.8,350630.3,662238.5,259121.2,436447.8,280243.2,252487.2,290596.4,427086.8,192624.6,369841.7,288948.1,315889.0
4788,67757,49.55,7.6333,Rheinland-Pfalz,RP,Landkreis Kusel,7336.0,"(49.55, 7.6333)",250976.4,318754.8,530345.7,152157.0,337895.6,657801.7,246386.5,423713.1,283519.4,255763.4,293872.6,414352.2,195900.8,365404.9,292224.3,311452.2
4789,67759,49.61665,7.71665,Rheinland-Pfalz,RP,Donnersbergkreis,7333.0,"(49.61665, 7.71665)",234244.4,308310.0,513613.8,135425.1,333616.0,641069.7,242106.9,419433.5,273074.7,245318.7,283427.9,410072.5,206010.2,348672.9,281779.6,294720.2
4790,67806,49.63208571428572,7.791785714285715,Rheinland-Pfalz,RP,Donnersbergkreis,7333.0,"(49.63208571428572, 7.791785714285715)",228298.5,312819.5,507667.8,129479.1,328378.6,635123.7,236869.5,414196.1,277584.1,249828.2,287937.4,404835.1,210519.7,342726.9,286289.1,288774.2
4791,67808,49.63974615384616,7.8641,Rheinland-Pfalz,RP,Donnersbergkreis,7333.0,"(49.63974615384616, 7.8641)",220829.8,319983.4,500199.1,122010.4,320909.9,627655.1,229400.8,406727.4,284748.1,256992.1,295101.3,397366.5,217683.6,335258.3,293453.0,281305.6
4792,67811,49.6667,7.8167,Rheinland-Pfalz,RP,Donnersbergkreis,7333.0,"(49.6667, 7.8167)",224686.0,304864.2,504055.4,125866.6,324766.1,631511.3,233257.0,410583.6,269628.8,241872.8,279982.0,401222.7,202564.4,339114.5,278333.7,285161.8
4793,67813,49.675,7.8667,Rheinland-Pfalz,RP,Donnersbergkreis,7333.0,"(49.675, 7.8667)",219338.8,302085.4,498708.2,120519.5,319419.0,626164.1,227909.8,405236.4,266850.0,239094.0,277203.2,395875.5,199785.6,333767.3,275554.9,279814.6
4794,67814,49.6227,7.9468,Rheinland-Pfalz,RP,Donnersbergkreis,7333.0,"(49.6227, 7.9468)",214959.6,314113.2,494328.9,116140.2,305145.3,621784.8,213636.1,390962.7,278877.8,251121.8,289231.0,381601.8,211813.4,329388.0,287582.7,275435.3
4795,67816,49.60165,7.99695,Rheinland-Pfalz,RP,Donnersbergkreis,7333.0,"(49.60165, 7.99695)",215993.3,315146.9,495362.6,117173.9,300248.8,622818.5,208739.6,386066.2,279911.5,252155.5,290264.7,376705.3,212847.1,330421.7,288616.4,276469.0
4796,67817,49.5833,7.8833,Rheinland-Pfalz,RP,Donnersbergkreis,7333.0,"(49.5833, 7.8833)",229455.8,328609.4,508825.1,130636.4,318583.2,636281.1,227074.1,404400.7,293374.1,265618.1,303727.3,395039.7,226309.6,343884.3,302079.0,289931.6
4797,67819,49.7099,7.9169,Rheinland-Pfalz,RP,Donnersbergkreis,7333.0,"(49.7099, 7.9169)",209870.2,298924.3,489239.5,111050.8,317544.1,616695.4,226035.0,403361.6,263688.9,235932.9,274042.1,394000.6,196624.5,324298.6,272393.8,270345.9
4798,67821,49.7167,7.8167,Rheinland-Pfalz,RP,Donnersbergkreis,7333.0,"(49.7167, 7.8167)",221095.1,298016.5,500464.4,122275.7,329165.1,627920.3,237656.0,414982.6,262781.2,235025.2,273134.4,405621.6,195716.7,335523.5,271486.1,281570.8
4799,67822,49.71499,7.828329999999999,Rheinland-Pfalz,RP,Donnersbergkreis,7333.0,"(49.71499, 7.828329999999999)",222449.4,299370.8,501818.7,123630.0,330519.4,629274.6,239010.3,416336.9,264135.5,236379.5,274488.7,406975.9,197071.0,336877.8,272840.4,282925.1
4800,67823,49.71894,7.7612,Rheinland-Pfalz,RP,Donnersbergkreis,7333.0,"(49.71894, 7.7612)",224139.2,295176.8,503508.5,125319.8,336962.9,630964.4,245453.7,422780.3,259941.4,232185.4,270294.6,413419.4,192877.0,338567.6,268646.3,284614.9
4801,67824,49.7667,7.8,Rheinland-Pfalz,RP,Landkreis Bad Kreuznach,7133.0,"(49.7667, 7.8)",219544.0,283769.3,490208.2,120724.6,344166.6,617664.1,252657.5,429984.1,248533.9,220777.9,258887.1,420623.1,181469.5,325267.3,257238.8,271314.6
4802,67826,49.7593,7.7888,Rheinland-Pfalz,RP,Landkreis Bad Kreuznach,7133.0,"(49.7593, 7.7888)",226791.5,284692.5,496149.2,127972.1,339615.2,623605.1,248106.1,425432.7,249457.1,221701.1,259810.3,416071.7,182392.7,331208.3,258162.0,277255.6
4803,67827,49.65,7.6833,Rheinland-Pfalz,RP,Landkreis Bad Kreuznach,7133.0,"(49.65, 7.6833)",236504.7,301729.6,515874.1,137685.3,336584.8,643330.0,245075.7,422402.3,266494.3,238738.3,276847.5,413041.4,199429.8,350933.2,275199.2,296980.5
4804,67829,49.68886666666666,7.694433333333333,Rheinland-Pfalz,RP,Landkreis Bad Kreuznach,7133.0,"(49.68886666666666, 7.694433333333333)",238058.3,297468.9,517427.6,139238.9,338138.4,644883.6,246629.3,423955.9,262233.6,234477.6,272586.8,414595.0,195169.1,352486.8,270938.5,298534.1
4805,68159,49.4934,8.4653,Baden-Württemberg,BW,Mannheim,8222.0,"(49.4934, 8.4653)",193075.4,298172.7,482736.7,110038.0,255215.1,610192.6,163706.0,341032.6,302437.0,281780.8,319890.0,331671.7,242472.3,317795.9,308966.3,263843.1
4806,68161,49.4873,8.4695,Baden-Württemberg,BW,Mannheim,8222.0,"(49.4873, 8.4695)",191933.5,298117.1,482681.1,109982.4,254073.2,610137.0,162564.1,339890.7,302381.4,282793.9,320903.1,330529.8,243485.4,317740.2,308910.7,263787.5
4807,68163,49.4883,8.4647,Baden-Württemberg,BW,Mannheim,8222.0,"(49.4883, 8.4647)",193238.4,298565.6,483129.6,110431.0,255378.2,610585.6,163869.0,341195.6,302829.9,281464.9,319574.1,331834.7,242156.5,318188.8,309359.2,264236.1
4808,68165,49.4772,8.4818,Baden-Württemberg,BW,Mannheim,8222.0,"(49.4772, 8.4818)",190814.9,301641.1,486205.1,113506.4,252954.6,613661.1,161445.5,338772.1,305905.4,287008.0,339045.9,329411.2,244537.7,321264.3,312434.7,267311.6
4809,68167,49.4996,8.4939,Baden-Württemberg,BW,Mannheim,8222.0,"(49.4996, 8.4939)",192838.7,296471.9,481035.9,108337.2,254978.4,608491.8,163469.3,340795.9,300736.1,281838.8,333876.7,331434.9,240366.0,316095.0,307265.5,262142.3
4810,68169,49.503,8.4693,Baden-Württemberg,BW,Mannheim,8222.0,"(49.503, 8.4693)",194605.9,297528.4,482092.4,109393.8,256745.6,609548.4,165236.4,342563.0,301792.7,277713.6,315822.8,333202.1,238405.2,317151.6,308322.0,263198.9
4811,68199,49.4598,8.4881,Baden-Württemberg,BW,Mannheim,8222.0,"(49.4598, 8.4881)",187923.1,302699.3,487263.3,114564.7,250062.8,614719.3,158553.7,335880.3,306963.6,288066.2,340104.1,326519.3,246187.1,322322.5,313492.9,268369.8
4812,68219,49.4883,8.4647,Baden-Württemberg,BW,Mannheim,8222.0,"(49.4883, 8.4647)",193238.4,298565.6,483129.6,110431.0,255378.2,610585.6,163869.0,341195.6,302829.9,281464.9,319574.1,331834.7,242156.5,318188.8,309359.2,264236.1
4813,68229,49.4883,8.4647,Baden-Württemberg,BW,Mannheim,8222.0,"(49.4883, 8.4647)",193238.4,298565.6,483129.6,110431.0,255378.2,610585.6,163869.0,341195.6,302829.9,281464.9,319574.1,331834.7,242156.5,318188.8,309359.2,264236.1
4814,68239,49.4883,8.4647,Baden-Württemberg,BW,Mannheim,8222.0,"(49.4883, 8.4647)",193238.4,298565.6,483129.6,110431.0,255378.2,610585.6,163869.0,341195.6,302829.9,281464.9,319574.1,331834.7,242156.5,318188.8,309359.2,264236.1
4815,68259,49.4903,8.5339,Baden-Württemberg,BW,Mannheim,8222.0,"(49.4903, 8.5339)",191516.8,296937.6,481501.6,108802.9,253656.5,608957.5,162147.3,339473.9,301201.8,282304.5,334342.4,330113.0,249853.8,316560.7,307731.2,262608.0
4816,68305,49.5257,8.4965,Baden-Württemberg,BW,Mannheim,8222.0,"(49.5257, 8.4965)",202315.1,296623.2,481187.2,108488.5,262212.8,608643.1,170703.6,348030.2,300887.5,275477.8,313587.0,338669.3,236169.4,316246.4,307416.8,262293.6
4817,68307,49.5461,8.4488,Baden-Württemberg,BW,Mannheim,8222.0,"(49.5461, 8.4488)",201559.4,295867.5,480431.5,107732.8,268359.5,607887.4,176850.4,354177.0,299479.7,271723.7,309832.9,344816.1,232415.3,315490.6,306661.0,261537.9
4818,68309,49.5121,8.5316,Baden-Württemberg,BW,Mannheim,8222.0,"(49.5121, 8.5316)",199990.3,294298.4,478862.3,106163.7,258011.3,606318.3,166502.1,345705.4,298562.6,279665.3,331703.1,336344.4,247214.6,313921.5,305091.9,259968.8
4819,68519,49.5403,8.5782,Hessen,HE,Bergstraße,6431.0,"(49.5403, 8.5782)",199200.6,293508.7,478072.7,105374.1,258512.1,605528.7,167003.0,344329.6,297664.1,278766.8,330804.7,334968.6,247026.6,313131.9,304193.5,259179.2
4820,68526,49.4731,8.609,Baden-Württemberg,BW,Rhein-Neckar-Kreis,8226.0,"(49.4731, 8.609)",189080.7,299703.1,484267.1,111568.4,250960.6,611723.0,159451.4,337037.9,303858.5,284961.2,336999.0,327676.9,252981.2,319326.2,310387.8,265373.5
4821,68535,49.4572,8.6064,Baden-Württemberg,BW,Rhein-Neckar-Kreis,8226.0,"(49.4572, 8.6064)",189931.1,305168.4,489732.4,117033.7,251811.0,617188.3,160301.8,337888.2,309432.7,290535.3,342573.2,328527.3,258084.7,324791.6,315962.0,270838.9
4822,68542,49.5056,8.6036,Baden-Württemberg,BW,Rhein-Neckar-Kreis,8226.0,"(49.5056, 8.6036)",192411.1,296007.7,480571.7,107873.0,254291.0,608027.6,162781.8,340368.2,300163.1,281265.7,333303.6,331007.3,248926.1,315630.8,306692.4,261678.1
4823,68549,49.474,8.5674,Baden-Württemberg,BW,Rhein-Neckar-Kreis,8226.0,"(49.474, 8.5674)",188606.0,298125.1,482689.1,109990.4,250485.9,610145.0,158976.7,336563.1,302389.4,283492.0,335529.9,327202.2,251041.3,317748.2,308918.7,263795.5
4824,68623,49.5979,8.4725,Hessen,HE,Bergstraße,6431.0,"(49.5979, 8.4725)",194671.9,288980.0,473544.0,100845.3,272774.6,600999.9,181265.5,358592.1,293244.2,274346.9,326384.8,349231.1,237941.5,308603.1,299773.6,254650.4
4825,68642,49.6427,8.4594,Hessen,HE,Bergstraße,6431.0,"(49.6427, 8.4594)",187753.4,282061.5,466625.5,93926.8,278355.2,594081.4,186846.1,364172.7,286325.7,267428.4,319466.3,354811.8,226469.3,301684.6,292855.0,247731.9
4826,68647,49.6917,8.4586,Hessen,HE,Bergstraße,6431.0,"(49.6917, 8.4586)",183000.9,277309.0,461873.0,89174.4,284295.6,589329.0,192786.5,370113.1,281573.3,262675.9,314713.8,360752.1,233541.9,296932.2,288102.6,242979.5
4827,68649,49.7211,8.4828,Hessen,HE,Bergstraße,6431.0,"(49.7211, 8.4828)",178673.8,272981.9,457545.8,84847.2,287763.1,585001.8,196253.9,373580.5,277246.1,258348.8,310386.6,364219.6,247031.1,292605.0,283775.4,238652.3
4828,68723,49.38063333333333,8.587166666666667,Baden-Württemberg,BW,Rhein-Neckar-Kreis,8226.0,"(49.38063333333333, 8.587166666666667)",178795.1,308708.0,493272.0,120573.3,240675.0,620727.9,149165.9,326752.3,312972.2,294074.9,346112.8,317391.4,261624.2,328331.1,319501.5,274378.4
4829,68753,49.2499,8.5126,Baden-Württemberg,BW,Karlsruhe,8215.0,"(49.2499, 8.5126)",179667.5,322661.2,507225.2,134526.5,228846.6,634681.1,137337.5,327624.7,326925.5,308028.1,360066.0,318263.7,269521.2,342284.4,333454.8,288331.6
4830,68766,49.3233,8.5519,Baden-Württemberg,BW,Rhein-Neckar-Kreis,8226.0,"(49.3233, 8.5519)",174471.4,313619.7,498183.7,125485.0,236351.4,625639.6,144842.2,322428.6,317883.9,298986.6,351024.5,313067.7,260512.2,333242.8,324413.3,279290.1
4831,68775,49.3678,8.5311,Baden-Württemberg,BW,Rhein-Neckar-Kreis,8226.0,"(49.3678, 8.5311)",178234.9,309500.6,494064.6,121365.9,240374.7,621520.6,148865.5,326192.1,313764.9,294867.5,346905.4,316831.2,260766.4,329123.8,320294.2,275171.1
4832,68782,49.3972,8.5336,Baden-Württemberg,BW,Rhein-Neckar-Kreis,8226.0,"(49.3972, 8.5336)",179810.4,306424.5,490988.5,118289.8,241950.1,618444.4,150441.0,327767.6,310688.7,291791.4,343829.3,318406.7,259340.7,326047.6,317218.0,272094.9
4833,68789,49.2659,8.618,Baden-Württemberg,BW,Rhein-Neckar-Kreis,8226.0,"(49.2659, 8.618)",168217.3,323029.3,507593.3,134894.6,229048.1,635049.3,137539.0,316174.5,327184.7,308287.4,360325.3,306813.5,274598.6,342652.5,333714.1,288699.8
4834,68794,49.2739,8.4717,Baden-Württemberg,BW,Karlsruhe,8215.0,"(49.2739, 8.4717)",183739.0,324413.1,508977.1,136278.4,229661.0,636433.0,138151.9,331696.2,328677.3,305185.2,343294.4,322335.3,265876.8,344036.2,335206.7,290083.5
4835,68799,49.2983,8.5642,Baden-Württemberg,BW,Rhein-Neckar-Kreis,8226.0,"(49.2983, 8.5642)",172572.7,318916.9,503480.9,130782.2,234452.7,630936.8,142943.5,320529.9,323181.1,304283.8,356321.7,311169.0,265776.8,338540.0,329710.5,284587.3
4836,68804,49.3017,8.4992,Baden-Württemberg,BW,Rhein-Neckar-Kreis,8226.0,"(49.3017, 8.4992)",177180.0,318235.7,502799.7,130101.0,232964.6,630255.6,141455.4,325137.2,322500.0,300818.9,338928.1,315776.3,261510.5,337858.8,329029.3,283906.1
4837,68809,49.2981,8.5183,Baden-Württemberg,BW,Rhein-Neckar-Kreis,8226.0,"(49.2981, 8.5183)",175828.0,316494.3,501058.3,128359.6,231444.7,628514.2,139935.6,323785.2,320758.5,301861.2,353899.1,314424.3,263354.2,336117.4,327287.9,282164.7
