,zipcode,lat,long,state,state_code,community_name,community_code,coor,AKB Kitzingen,AKB Dortmund,AKB Zörbig,AKB Schöneck,AKB Buch,Mosolf Etzin,Mosolf Kippenheim,BLG Kelheim,BLG Duisburg,BLG Neuss,Carservice Erkens,ARS Altmann Wolnzach,CAT Zülpich,Autohaus Siebrecht,Neu: FleetParQ Essen ,Neu: FleetParQ Kassel
3608,52531,50.9177,6.1234,Nordrhein-Westfalen,NW,Kreis Heinsberg,5370.0,"(50.9177, 6.1234)",386569.2,148732.3,536690.6,285085.8,540298.4,605225.5,448789.2,589406.5,93130.1,66837.4,85783.6,597099.3,58095.3,313765.9,119315.0,303970.7
3609,52538,51.0073,5.963900000000001,Nordrhein-Westfalen,NW,Kreis Heinsberg,5370.0,"(51.0073, 5.963900000000001)",416738.3,145394.8,533353.1,315254.8,562931.5,601888.0,471422.3,619575.5,89792.6,63499.9,82516.6,627268.4,84887.8,310428.4,115977.5,300633.2
3610,53111,50.7362,7.1002,Nordrhein-Westfalen,NW,"Bonn, Stadt",5314.0,"(50.7362, 7.1002)",299662.4,123745.4,517447.9,198178.9,494592.9,572413.0,380571.9,502499.6,98448.8,70692.8,122858.4,510192.5,55109.8,280953.3,102710.6,271158.2
3611,53113,50.7231,7.1068,Nordrhein-Westfalen,NW,"Bonn, Stadt",5314.0,"(50.7231, 7.1068)",290584.9,127420.6,508370.4,189101.4,485515.5,576088.1,371494.5,493422.1,100325.1,72569.1,124734.7,501115.0,56986.1,284628.5,106385.7,274833.3
3612,53115,50.7272,7.0851,Nordrhein-Westfalen,NW,"Bonn, Stadt",5314.0,"(50.7272, 7.0851)",301695.1,125778.1,519480.6,200211.6,496625.6,574445.7,382604.6,504532.3,99097.3,71341.3,123506.9,512225.2,55758.3,282986.0,104743.3,273190.9
3613,53117,50.761,7.063,Nordrhein-Westfalen,NW,"Bonn, Stadt",5314.0,"(50.761, 7.063)",299518.7,124712.5,517304.3,198035.3,494449.3,573380.1,380428.3,502356.0,96195.4,68439.4,120605.0,510048.9,52856.4,281920.5,103677.7,272125.3
3614,53119,50.7431,7.059,Nordrhein-Westfalen,NW,"Bonn, Stadt",5314.0,"(50.7431, 7.059)",300253.9,124914.6,518039.4,198770.4,495184.5,573582.1,381163.5,503091.1,96397.5,68641.5,120807.1,510784.0,44742.5,282122.5,103879.7,272327.3
3615,53121,50.7317,7.0575,Nordrhein-Westfalen,NW,"Bonn, Stadt",5314.0,"(50.7317, 7.0575)",302727.0,126300.3,520512.5,201243.5,497657.6,574967.9,383636.6,505564.2,97783.2,70027.2,122192.8,513257.1,46128.2,283508.3,105265.5,273713.1
3616,53123,50.711,7.0489,Nordrhein-Westfalen,NW,"Bonn, Stadt",5314.0,"(50.711, 7.0489)",305573.7,129656.8,523359.3,204090.3,500504.3,578324.4,371542.8,508411.0,102976.0,75220.0,127385.6,516103.9,45460.6,286864.7,108621.9,277069.6
3617,53125,50.7333,7.1,Nordrhein-Westfalen,NW,"Bonn, Stadt",5314.0,"(50.7333, 7.1)",299800.5,123883.6,517586.1,198317.1,494731.1,572551.2,380710.1,502637.8,99349.9,71593.9,123759.5,510330.7,56010.9,281091.5,102848.7,271296.4
3618,53127,50.7112,7.0668,Nordrhein-Westfalen,NW,"Bonn, Stadt",5314.0,"(50.7112, 7.0668)",303045.9,127128.9,520831.4,201562.4,497976.4,575796.5,370201.4,505883.1,100448.1,72692.1,124857.7,513576.0,60358.2,284336.8,106094.1,274541.7
3619,53129,50.7207,7.107,Nordrhein-Westfalen,NW,"Bonn, Stadt",5314.0,"(50.7207, 7.107)",290722.6,127558.3,508508.2,189239.1,485653.2,576225.9,371632.2,493559.9,100692.0,72936.0,125101.6,501252.7,57353.0,284766.2,106523.4,274971.1
3620,53173,50.6902,7.1666,Nordrhein-Westfalen,NW,"Bonn, Stadt",5314.0,"(50.6902, 7.1666)",282794.5,127620.5,500580.1,181311.1,477725.1,576288.1,363704.1,485631.8,100056.3,83814.6,133196.9,493324.6,61129.7,284828.4,106585.7,275033.3
3621,53175,50.6975,7.1417,Nordrhein-Westfalen,NW,"Bonn, Stadt",5314.0,"(50.6975, 7.1417)",289942.1,126777.7,507727.6,188458.6,484872.6,575445.3,370851.6,492779.3,99213.6,76094.0,132354.1,500472.2,61344.9,283985.7,105742.9,274190.5
3622,53177,50.6813,7.1546,Nordrhein-Westfalen,NW,"Bonn, Stadt",5314.0,"(50.6813, 7.1546)",284046.7,129080.1,501832.2,182563.2,478977.3,577747.6,364956.3,486883.9,101515.9,78396.4,134656.4,494576.8,59658.3,286288.0,108045.2,276492.8
3623,53179,50.6653,7.1822,Nordrhein-Westfalen,NW,"Bonn, Stadt",5314.0,"(50.6653, 7.1822)",282556.9,132019.1,500342.5,181073.4,477487.5,580686.7,363466.5,485394.2,104455.0,81335.4,137595.5,493087.0,62044.4,289227.1,110984.3,279431.9
3624,53225,50.7462,7.1294,Nordrhein-Westfalen,NW,"Bonn, Stadt",5314.0,"(50.7462, 7.1294)",296261.1,120344.1,514046.6,194777.6,491191.6,569011.7,377170.6,499098.3,92779.9,74242.2,125920.5,506791.2,58659.2,277552.0,99309.3,267756.9
3625,53227,50.7248,7.1555,Nordrhein-Westfalen,NW,"Bonn, Stadt",5314.0,"(50.7248, 7.1555)",285936.1,123820.5,503721.7,184452.7,480866.7,572488.1,366845.7,488773.4,96256.3,80014.6,129396.9,496466.3,64431.6,281028.4,102785.6,271233.3
3626,53229,50.7323,7.1847,Nordrhein-Westfalen,NW,"Bonn, Stadt",5314.0,"(50.7323, 7.1847)",282812.3,123040.7,500597.8,181328.8,477742.9,571708.3,363721.9,485649.5,95476.5,79234.8,128617.1,493342.4,63651.8,280248.7,102005.9,270453.5
3627,53332,50.7631,6.9909,Nordrhein-Westfalen,NW,Rhein-Sieg-Kreis,5382.0,"(50.7631, 6.9909)",306155.6,121628.4,501761.0,204672.1,501086.2,570295.9,387065.2,508992.9,93111.2,65355.2,114612.3,516685.7,37194.7,278836.3,100593.5,269041.1
3628,53340,50.6239,7.0294,Nordrhein-Westfalen,NW,Rhein-Sieg-Kreis,5382.0,"(50.6239, 7.0294)",307647.1,138302.5,525432.7,206163.7,453840.3,586970.0,362331.2,510484.4,112135.9,84379.9,122489.1,518177.2,45071.4,295510.4,117267.6,285715.2
3629,53343,50.6333,7.1,Nordrhein-Westfalen,NW,Rhein-Sieg-Kreis,5382.0,"(50.6333, 7.1)",304057.0,140420.5,521842.6,202573.6,450250.2,589088.0,358741.1,506894.3,121033.4,93277.4,131386.6,514587.1,53968.9,297628.4,119385.6,287833.2
3630,53347,50.7333,7.0167,Nordrhein-Westfalen,NW,Rhein-Sieg-Kreis,5382.0,"(50.7333, 7.0167)",304917.8,126390.0,522703.4,203434.4,499848.4,575057.6,385827.4,507755.1,97872.9,70116.9,122282.5,515448.0,45865.0,283598.0,105355.2,273802.8
3631,53359,50.6256,6.9491,Nordrhein-Westfalen,NW,Rhein-Sieg-Kreis,5382.0,"(50.6256, 6.9491)",309010.6,145800.0,526796.1,207527.1,455203.8,594467.5,363694.6,511847.8,110564.6,82808.6,120917.8,519540.7,27166.3,303007.9,125071.8,293212.7
3632,53424,50.5788,7.227,Rheinland-Pfalz,RP,Landkreis Ahrweiler,7131.0,"(50.5788, 7.227)",278546.6,140773.6,496332.1,177063.1,473477.2,589441.1,359456.2,481383.8,132682.1,104926.1,143035.3,489076.7,65617.6,297981.5,119738.7,277438.5
3633,53426,50.49203333333333,7.1689333333333325,Rheinland-Pfalz,RP,Landkreis Ahrweiler,7131.0,"(50.49203333333333, 7.1689333333333325)",287056.5,170155.9,504842.0,185573.0,433249.7,618823.5,341740.6,489893.8,134920.6,107164.6,145273.8,497586.6,67856.1,327363.9,143625.5,285948.5
3634,53474,50.5432,7.1113,Rheinland-Pfalz,RP,Landkreis Ahrweiler,7131.0,"(50.5432, 7.1113)",299479.4,158535.4,517265.0,197996.0,445672.6,607202.9,354163.5,502316.7,123300.0,95544.0,133653.2,510009.5,56235.6,315743.3,132004.9,298371.4
3635,53489,50.5438,7.2464,Rheinland-Pfalz,RP,Landkreis Ahrweiler,7131.0,"(50.5438, 7.2464)",274955.1,167262.7,492740.7,173471.7,469885.7,615930.3,343535.2,477792.4,132027.3,104271.3,142380.5,485485.3,64962.9,324470.6,140732.2,273847.1
3636,53498,50.4906,7.262866666666667,Rheinland-Pfalz,RP,Landkreis Ahrweiler,7131.0,"(50.4906, 7.262866666666667)",273075.6,154180.3,490861.2,171592.1,468006.2,602847.8,342820.5,475912.9,143267.0,115511.0,153620.2,483605.7,76202.5,325920.3,133145.4,271967.6
3637,53501,50.5833,7.0667,Rheinland-Pfalz,RP,Landkreis Ahrweiler,7131.0,"(50.5833, 7.0667)",300276.3,146899.8,518061.8,198792.8,446469.5,595567.3,354960.4,503113.6,116913.2,89157.2,127266.4,510806.4,49848.7,304107.7,125864.9,294312.5
3638,53505,50.53615,6.9602,Rheinland-Pfalz,RP,Landkreis Ahrweiler,7131.0,"(50.53615, 6.9602)",317842.1,158699.1,535627.6,216358.6,464035.3,607366.7,372526.1,520679.3,128712.5,100956.5,139065.7,528372.2,36618.0,315907.0,137664.2,306111.8
3639,53506,50.48595,6.995216666666667,Rheinland-Pfalz,RP,Landkreis Ahrweiler,7131.0,"(50.48595, 6.995216666666667)",299104.5,158236.0,516890.1,197621.0,445297.7,606903.6,353788.6,501941.8,128249.4,100493.5,138602.7,509634.6,61185.0,315443.9,137201.2,297996.5
3640,53507,50.5333,7.05,Rheinland-Pfalz,RP,Landkreis Ahrweiler,7131.0,"(50.5333, 7.05)",304530.5,153032.0,522316.0,203047.0,450723.7,601699.6,359214.6,507367.8,123045.5,95289.5,133398.7,515060.6,55981.0,310240.0,131997.2,303422.5
3641,53508,50.5208,7.0169,Rheinland-Pfalz,RP,Landkreis Ahrweiler,7131.0,"(50.5208, 7.0169)",309134.4,155795.5,526920.0,207650.9,455327.6,604463.0,363818.5,511971.7,125808.9,98052.9,136162.1,519664.5,58744.5,313003.4,134760.6,303208.2
3642,53518,50.3649625,6.9305,Rheinland-Pfalz,RP,Landkreis Ahrweiler,7131.0,"(50.3649625, 6.9305)",305063.9,176249.9,522849.4,203580.4,451257.1,624917.4,359747.9,507901.1,146263.3,118507.3,156616.5,515594.0,65427.0,333457.8,155215.0,303955.8
3643,53520,50.399378947368426,6.887657894736842,Rheinland-Pfalz,RP,Landkreis Ahrweiler,7131.0,"(50.399378947368426, 6.887657894736842)",305680.6,187478.7,523466.2,204197.1,451873.8,636146.3,360364.7,508517.9,152243.3,124487.3,162596.6,516210.7,63063.0,344686.6,154846.9,304572.6
3644,53533,50.40748333333334,6.822383333333334,Rheinland-Pfalz,RP,Landkreis Ahrweiler,7131.0,"(50.40748333333334, 6.822383333333334)",311286.6,175722.1,529072.1,209803.1,457479.8,624389.7,365970.6,514123.8,140486.8,112730.8,150840.0,521816.7,51306.4,332930.1,154994.0,323134.9
3645,53534,50.353366666666666,6.859916666666667,Rheinland-Pfalz,RP,Landkreis Ahrweiler,7131.0,"(50.353366666666666, 6.859916666666667)",307251.6,183223.5,525037.1,205768.1,453444.8,631891.1,361935.7,510088.9,147988.1,120232.1,158341.4,517781.7,58807.8,340431.4,162495.3,306143.6
3646,53539,50.309375,6.9066,Rheinland-Pfalz,RP,Vulkaneifel,7233.0,"(50.309375, 6.9066)",310218.1,193256.4,528003.7,208734.7,456635.3,641923.9,321024.9,513055.4,158021.0,130265.0,168374.2,520748.2,68840.7,363062.8,172528.2,309110.1
3647,53545,50.57245,7.2799,Rheinland-Pfalz,RP,Landkreis Neuwied,7138.0,"(50.57245, 7.2799)",277744.4,145481.3,495529.9,176260.9,472675.0,594148.9,358654.0,480581.6,117917.1,101675.4,151057.7,488274.5,69779.2,302689.3,124446.5,276636.3
3648,53547,50.56572857142857,7.375557142857143,Rheinland-Pfalz,RP,Landkreis Neuwied,7138.0,"(50.56572857142857, 7.375557142857143)",265632.1,152980.6,483417.6,164148.6,460562.7,601648.2,346541.7,468469.4,125416.5,106519.1,158557.0,476162.2,76648.7,310188.6,131945.8,264524.1
3649,53557,50.5169,7.312,Rheinland-Pfalz,RP,Landkreis Neuwied,7138.0,"(50.5169, 7.312)",267535.0,150197.4,485320.6,166051.5,462465.6,598865.0,348444.6,470372.3,122633.3,106391.5,151325.2,478065.1,73907.6,307405.4,129162.6,266427.0
3650,53560,50.6167,7.35,Rheinland-Pfalz,RP,Landkreis Neuwied,7138.0,"(50.6167, 7.35)",265752.0,145561.8,483537.5,164268.5,460682.6,594229.3,346661.6,468589.2,117997.6,99100.2,151138.1,476282.1,91992.1,302769.7,124526.9,264644.0
3651,53562,50.5833,7.3833,Rheinland-Pfalz,RP,Landkreis Neuwied,7138.0,"(50.5833, 7.3833)",278231.0,151563.5,496016.5,176747.5,473161.6,600231.1,359140.6,481068.2,123999.3,105102.0,157139.8,488761.1,78529.0,308771.4,130528.6,277122.9
3652,53567,50.6767,7.40595,Rheinland-Pfalz,RP,Landkreis Neuwied,7138.0,"(50.6767, 7.40595)",269133.0,147291.6,472221.2,167649.5,464063.6,595959.1,350042.6,471970.2,119727.4,100830.1,152867.9,479663.1,93721.9,304499.5,126256.7,253327.7
3653,53572,50.59825,7.23445,Rheinland-Pfalz,RP,Landkreis Neuwied,7138.0,"(50.59825, 7.23445)",277484.6,138270.4,495270.1,176001.1,472415.2,586937.9,358394.1,480321.8,110706.2,94464.5,143846.7,488014.7,78881.4,295478.3,117235.5,276376.5
3654,53577,50.6209,7.4325,Rheinland-Pfalz,RP,Landkreis Neuwied,7138.0,"(50.6209, 7.4325)",259484.0,151416.1,477269.5,158000.5,454414.6,600083.6,340393.6,462321.3,123851.9,104954.5,156992.4,470014.1,97846.4,312328.7,130381.2,258376.0
3655,53578,50.6412,7.3535,Rheinland-Pfalz,RP,Landkreis Neuwied,7138.0,"(50.6412, 7.3535)",267745.6,141533.9,485531.1,166262.1,462676.2,590201.5,348655.2,470582.9,113969.7,95072.4,147110.3,478275.7,87964.3,298741.8,120499.1,266637.6
3656,53579,50.5833,7.2333,Rheinland-Pfalz,RP,Landkreis Neuwied,7138.0,"(50.5833, 7.2333)",278723.1,139392.1,496508.6,177239.6,473653.7,588059.6,359632.7,481560.3,111827.9,95586.1,144968.4,489253.2,71310.3,296600.0,118357.2,277615.0
3657,53604,50.6434,7.2278,Nordrhein-Westfalen,NW,Rhein-Sieg-Kreis,5382.0,"(50.6434, 7.2278)",275904.5,133964.9,493690.0,174421.0,470835.1,582632.5,356814.1,478741.8,106400.7,90159.0,139541.3,486434.6,74576.0,291172.9,112930.1,281377.7
3658,53619,50.6167,7.2333,Rheinland-Pfalz,RP,Landkreis Neuwied,7138.0,"(50.6167, 7.2333)",281789.0,136338.9,499574.5,180305.5,476719.6,585006.5,362698.6,484626.3,108774.7,92533.0,141915.3,492319.1,76950.0,293546.8,115304.1,283751.7
3659,53639,50.7026,7.2584,Nordrhein-Westfalen,NW,Rhein-Sieg-Kreis,5382.0,"(50.7026, 7.2584)",274648.8,136162.1,492434.3,173165.3,469579.4,584829.7,355558.4,477486.0,108597.9,89700.6,141738.5,485178.9,82592.5,293370.0,115127.3,273540.7
3660,53721,50.8002,7.2077,Nordrhein-Westfalen,NW,Rhein-Sieg-Kreis,5382.0,"(50.8002, 7.2077)",288328.8,117519.1,506114.3,186845.3,483259.4,566186.7,369238.4,491166.1,89954.9,71057.6,123095.5,498858.9,66898.1,274727.0,96484.2,264931.9
3661,53757,50.7754,7.197,Nordrhein-Westfalen,NW,Rhein-Sieg-Kreis,5382.0,"(50.7754, 7.197)",286840.8,120176.4,504626.3,185357.3,481771.4,568843.9,367750.4,489678.0,92612.2,73714.8,125752.7,497370.9,66606.7,277384.3,99141.5,267589.1
3662,53773,50.7756,7.2831,Nordrhein-Westfalen,NW,Rhein-Sieg-Kreis,5382.0,"(50.7756, 7.2831)",285563.6,125162.1,503349.1,184080.1,480494.2,573829.7,366473.2,488400.9,97597.9,78700.6,130738.5,496093.7,71592.5,282370.0,104127.3,272574.9
3663,53783,50.7667,7.45,Nordrhein-Westfalen,NW,Rhein-Sieg-Kreis,5382.0,"(50.7667, 7.45)",284808.6,141198.6,475045.9,183325.2,479739.2,589866.1,365718.2,487645.9,113634.4,94737.1,146774.9,495338.7,87628.9,298406.5,120163.7,256152.4
3664,53797,50.8387,7.214,Nordrhein-Westfalen,NW,Rhein-Sieg-Kreis,5382.0,"(50.8387, 7.214)",294096.2,116962.9,510053.8,192612.7,489026.8,565630.4,375005.8,496933.5,89398.7,70501.4,122539.2,504626.3,70404.6,274170.8,95928.0,264375.6
3665,53804,50.8747,7.3537,Nordrhein-Westfalen,NW,Rhein-Sieg-Kreis,5382.0,"(50.8747, 7.3537)",306111.0,126040.0,496952.2,190273.3,501041.5,574707.6,387020.5,508948.2,98475.8,76762.9,131616.4,516641.1,77844.3,283247.9,105005.1,273452.8
3666,53809,50.8437,7.4841,Nordrhein-Westfalen,NW,Rhein-Sieg-Kreis,5382.0,"(50.8437, 7.4841)",306054.0,122662.1,492577.7,185898.8,500984.6,573245.7,386963.6,508891.3,110225.1,88512.2,143365.7,516584.1,92082.9,281786.1,116754.5,273684.1
3667,53819,50.8667,7.325,Nordrhein-Westfalen,NW,Rhein-Sieg-Kreis,5382.0,"(50.8667, 7.325)",302815.8,121344.1,506582.6,199903.8,497746.4,570011.7,383725.3,505653.0,93779.9,74882.6,126920.4,513345.9,74785.8,278552.0,100309.2,268756.8
3668,53840,50.8152,7.172,Nordrhein-Westfalen,NW,Rhein-Sieg-Kreis,5382.0,"(50.8152, 7.172)",291152.0,118170.7,508937.5,189668.5,486082.5,566838.3,372061.5,493989.2,90606.5,71709.2,123747.1,501682.1,66946.8,275378.6,97135.8,265583.5
3669,53842,50.8189,7.1189,Nordrhein-Westfalen,NW,Rhein-Sieg-Kreis,5382.0,"(50.8189, 7.1189)",294453.5,110816.8,512239.0,192970.0,489384.1,559484.4,375363.1,497290.7,83252.6,64355.3,116393.1,504983.6,63040.4,268024.7,89781.9,258229.5
3670,53844,50.8015,7.1271,Nordrhein-Westfalen,NW,Rhein-Sieg-Kreis,5382.0,"(50.8015, 7.1271)",293373.2,112631.7,511158.7,191889.7,488303.8,561299.3,374282.8,496210.5,85067.6,66170.2,118208.1,503903.3,64855.3,269839.7,91596.9,260044.5
3671,53859,50.815,7.0378,Nordrhein-Westfalen,NW,Rhein-Sieg-Kreis,5382.0,"(50.815, 7.0378)",300380.8,113367.4,493500.0,198897.3,495311.4,562034.9,381290.4,503218.0,85803.2,66905.8,118943.7,510910.9,65591.0,270575.3,92332.5,260780.1
3672,53879,50.6606,6.7872,Nordrhein-Westfalen,NW,Euskirchen,5366.0,"(50.6606, 6.7872)",323769.7,137008.6,517141.2,222286.2,469962.9,585676.2,378453.8,526607.0,101773.2,74017.2,112126.4,534299.8,14235.0,294216.5,116280.4,284421.4
3673,53881,50.6272,6.8478,Nordrhein-Westfalen,NW,Euskirchen,5366.0,"(50.6272, 6.8478)",318101.5,142212.4,535887.0,216618.0,464294.6,590880.0,372785.5,520938.7,106977.1,79221.1,117330.3,528631.6,19866.1,299420.3,121484.3,289625.2
3674,53894,50.6399,6.7042,Nordrhein-Westfalen,NW,Euskirchen,5366.0,"(50.6399, 6.7042)",344866.2,139854.6,519987.3,243382.7,491059.4,588522.2,399550.3,547703.4,104619.3,76863.3,114972.5,555396.3,10099.8,297062.6,119126.5,287267.4
3675,53902,50.5567,6.7642,Nordrhein-Westfalen,NW,Euskirchen,5366.0,"(50.5567, 6.7642)",329494.9,153955.5,547280.4,228011.4,475688.1,602623.1,384178.9,532332.1,118720.2,90964.2,129073.4,540025.0,24799.6,311163.5,133227.4,301368.3
3676,53909,50.7,6.65,Nordrhein-Westfalen,NW,Euskirchen,5366.0,"(50.7, 6.65)",348229.6,134591.7,514724.3,246746.1,494422.8,583259.2,402913.7,551066.8,99356.3,71600.3,109709.5,558759.7,0.0,291799.6,113863.5,282004.4
3677,53913,50.7,6.9167,Nordrhein-Westfalen,NW,Rhein-Sieg-Kreis,5382.0,"(50.7, 6.9167)",322125.6,134153.7,514286.3,220642.1,468318.8,582821.2,376809.6,524962.8,98918.3,71162.3,109271.5,532655.7,31853.9,291361.6,113425.5,281566.4
3678,53919,50.7529,6.8458,Nordrhein-Westfalen,NW,Euskirchen,5366.0,"(50.7529, 6.8458)",324706.0,127146.4,507279.1,223222.5,470899.2,575814.0,379390.1,527543.3,91911.0,64155.0,102264.3,535236.1,22645.7,284354.3,106418.2,274559.2
3679,53925,50.5422,6.563,Nordrhein-Westfalen,NW,Euskirchen,5366.0,"(50.5422, 6.563)",368014.5,163003.0,543135.6,266531.0,514207.7,611670.5,422698.6,570851.8,127767.6,100011.6,138120.8,578544.6,22208.0,320210.9,142274.8,310415.7
3680,53937,50.529,6.4769,Nordrhein-Westfalen,NW,Euskirchen,5366.0,"(50.529, 6.4769)",369204.1,164192.5,544325.2,267720.6,515397.3,612860.1,370441.0,572041.4,128957.2,101201.2,139310.4,579734.2,29855.9,321400.5,143464.4,311605.3
3681,53940,50.4412,6.4361,Nordrhein-Westfalen,NW,Euskirchen,5366.0,"(50.4412, 6.4361)",357837.2,180296.5,560429.1,256353.7,527407.8,628964.0,360701.8,560674.5,145061.1,117305.1,155414.3,568367.3,41789.3,337504.4,159568.3,327709.2
3682,53945,50.4333,6.65,Nordrhein-Westfalen,NW,Euskirchen,5366.0,"(50.4333, 6.65)",329747.9,164487.8,544620.4,228264.4,475941.1,613155.3,344631.2,532585.1,129252.4,101496.4,139605.6,540278.0,40072.1,321695.7,143759.6,311900.5
3683,53947,50.4937,6.629,Nordrhein-Westfalen,NW,Euskirchen,5366.0,"(50.4937, 6.629)",363028.9,158017.3,538150.0,261545.4,509222.1,606684.9,417713.0,565866.1,122782.0,95026.0,133135.2,573559.0,33601.6,315225.3,137289.2,305430.1
3684,53949,50.3861,6.5477,Nordrhein-Westfalen,NW,Euskirchen,5366.0,"(50.3861, 6.5477)",345779.8,174403.2,554535.8,244296.3,517372.3,623070.7,350666.3,548617.0,139167.8,111411.8,149521.0,556309.9,49987.5,331611.1,153675.0,321815.9
3685,54290,49.7537,6.6393,Rheinland-Pfalz,RP,"Trier, kreisfreie Stadt",7211.0,"(49.7537, 6.6393)",313824.7,265489.8,583524.1,215005.3,430562.1,710980.1,263856.1,516379.5,230254.4,202498.4,240607.6,507018.6,141074.1,418583.3,244761.6,364630.6
3686,54292,49.7728,6.6645,Rheinland-Pfalz,RP,"Trier, kreisfreie Stadt",7211.0,"(49.7728, 6.6645)",310549.9,262215.0,580249.3,211730.5,427287.3,707705.3,260581.3,513104.7,226979.6,199223.6,237332.8,503743.8,137799.3,415308.5,241486.8,361355.8
3687,54293,49.75,6.6333,Rheinland-Pfalz,RP,"Trier, kreisfreie Stadt",7211.0,"(49.75, 6.6333)",314983.5,261516.2,584682.9,216164.1,431720.9,712138.9,265014.9,517538.3,226280.9,198524.9,236634.1,508177.4,137100.5,419742.1,240788.1,365789.4
3688,54294,49.744,6.6188,Rheinland-Pfalz,RP,"Trier, kreisfreie Stadt",7211.0,"(49.744, 6.6188)",316483.5,262363.0,586182.9,217664.1,433220.8,713638.8,258501.7,519038.3,227127.7,199371.7,237480.9,509677.3,137947.3,421242.0,241634.9,367289.3
3689,54295,49.75,6.6333,Rheinland-Pfalz,RP,"Trier, kreisfreie Stadt",7211.0,"(49.75, 6.6333)",314983.5,261516.2,584682.9,216164.1,431720.9,712138.9,265014.9,517538.3,226280.9,198524.9,236634.1,508177.4,137100.5,419742.1,240788.1,365789.4
