,zipcode,lat,long,state,state_code,community_name,community_code,coor,AKB Kitzingen,AKB Dortmund,AKB Zörbig,AKB Schöneck,AKB Buch,Mosolf Etzin,Mosolf Kippenheim,BLG Kelheim,BLG Duisburg,BLG Neuss,Carservice Erkens,ARS Altmann Wolnzach,CAT Zülpich,Autohaus Siebrecht,Neu: FleetParQ Essen ,Neu: FleetParQ Kassel
1312,22045,53.58233333333334,10.124133333333331,Hamburg,HH,"Hamburg, Freie und Hansestadt",2000.0,"(53.58233333333334, 10.124133333333331)",524191.7,352482.9,364020.8,502075.3,719122.3,271385.2,727958.2,718382.3,393280.9,417389.5,420255.0,751149.0,469594.4,284730.5,372416.8,318113.4
1313,22047,53.5917,10.09555,Hamburg,HH,"Hamburg, Freie und Hansestadt",2000.0,"(53.5917, 10.09555)",526645.7,354936.9,366474.8,504529.3,721576.3,273839.2,730412.2,720836.3,395734.9,419843.5,422709.0,753603.0,472048.4,287184.5,374870.8,320567.3
1314,22049,53.58090000000001,10.069433333333334,Hamburg,HH,"Hamburg, Freie und Hansestadt",2000.0,"(53.58090000000001, 10.069433333333334)",518809.8,347101.0,358638.9,496693.4,713740.4,275901.2,722576.3,713000.4,387899.0,412007.7,414873.1,745767.1,464212.5,279348.6,367035.0,312731.5
1315,22081,53.5758,10.0364,Hamburg,HH,"Hamburg, Freie und Hansestadt",2000.0,"(53.5758, 10.0364)",518541.0,346832.2,358370.1,496424.6,713471.6,277189.3,722307.5,712731.6,387630.2,411738.9,414604.3,745498.3,463943.7,279079.8,366766.1,312462.7
1316,22083,53.5775,10.0389,Hamburg,HH,"Hamburg, Freie und Hansestadt",2000.0,"(53.5775, 10.0389)",517236.1,345527.3,357065.2,495119.7,712166.6,276607.8,721002.6,711426.7,386325.3,410433.9,413299.4,744193.4,462638.8,277774.9,365461.2,311157.7
1317,22085,53.576166666666666,10.027166666666666,Hamburg,HH,"Hamburg, Freie und Hansestadt",2000.0,"(53.576166666666666, 10.027166666666666)",517050.4,345341.6,356879.5,494934.0,711981.0,277126.3,720817.0,711241.0,386139.6,410248.3,413113.7,744007.7,462453.1,277589.2,365275.6,310972.1
1318,22087,53.56532,10.03372,Hamburg,HH,"Hamburg, Freie und Hansestadt",2000.0,"(53.56532, 10.03372)",516715.4,345006.6,356544.5,494599.0,711646.0,276084.8,720481.9,710906.0,385804.6,409913.3,412778.7,743672.7,462118.1,277254.2,364940.5,310637.1
1319,22089,53.56608333333333,10.05935,Hamburg,HH,"Hamburg, Freie und Hansestadt",2000.0,"(53.56608333333333, 10.05935)",516860.5,345151.7,356689.6,494744.1,711791.0,274329.4,720627.0,711051.1,385949.7,410058.3,412923.8,743817.8,462263.2,277399.3,365085.6,310782.1
1320,22111,53.540725,10.105975,Hamburg,HH,"Hamburg, Freie und Hansestadt",2000.0,"(53.540725, 10.105975)",519251.2,347542.4,359080.3,497134.8,714181.8,271789.6,723017.7,713441.8,388340.4,412449.1,415314.5,746208.5,464653.9,279790.0,367476.4,313172.9
1321,22113,53.522866666666665,10.126955555555556,Schleswig-Holstein,SH,Kreis Stormarn,1062.0,"(53.522866666666665, 10.126955555555556)",516523.8,344815.0,356353.0,494407.4,711454.4,271604.4,720290.4,710714.5,385613.1,409721.7,412587.1,743481.2,461926.5,277062.6,364749.0,310445.5
1322,22115,53.52603333333334,10.1566,Hamburg,HH,"Hamburg, Freie und Hansestadt",2000.0,"(53.52603333333334, 10.1566)",517490.3,345781.5,357319.4,495373.9,712420.8,273809.2,721256.8,711680.9,386579.5,410688.1,413553.6,744447.6,462892.9,278029.0,365715.4,311411.9
1323,22117,53.54,10.1261,Hamburg,HH,"Hamburg, Freie und Hansestadt",2000.0,"(53.54, 10.1261)",520074.5,348365.7,359903.6,497958.1,715005.1,271097.3,723841.0,714265.1,389163.7,413272.4,416137.8,747031.8,465477.2,280613.3,368299.6,313996.2
1324,22119,53.54816666666667,10.1122,Hamburg,HH,"Hamburg, Freie und Hansestadt",2000.0,"(53.54816666666667, 10.1122)",520582.1,348873.3,360411.2,498465.7,715512.7,271423.7,724348.7,714772.7,389671.4,413780.0,416645.4,747539.4,465984.8,281120.9,368807.3,314503.8
1325,22143,53.6079,10.17975,Hamburg,HH,"Hamburg, Freie und Hansestadt",2000.0,"(53.6079, 10.17975)",532259.2,360550.4,396526.6,510142.8,727189.7,274425.1,736025.7,726449.8,401348.4,425457.0,428322.5,759216.5,477661.9,292797.9,380484.3,326180.8
1326,22145,53.6096,10.18518,Hamburg,HH,"Hamburg, Freie und Hansestadt",2000.0,"(53.6096, 10.18518)",531868.9,360160.1,396136.4,509752.5,726799.5,274034.8,735635.4,726059.5,400958.1,425066.8,427932.2,758826.2,477271.6,292407.7,380094.1,325790.6
1327,22147,53.6092,10.1481,Hamburg,HH,"Hamburg, Freie und Hansestadt",2000.0,"(53.6092, 10.1481)",527731.9,356023.0,367561.0,505615.5,722662.4,274925.4,731498.4,721922.5,396821.1,420929.7,423795.2,754689.2,473134.5,288270.6,375957.0,321653.5
1328,22149,53.59446666666667,10.149066666666668,Hamburg,HH,"Hamburg, Freie und Hansestadt",2000.0,"(53.59446666666667, 10.149066666666668)",526362.9,354654.1,366192.0,504246.5,721293.5,273556.4,730129.4,720553.5,395452.1,419560.7,422426.2,753320.2,471765.6,286901.7,374588.0,320284.5
1329,22159,53.61494,10.11328,Hamburg,HH,"Hamburg, Freie und Hansestadt",2000.0,"(53.61494, 10.11328)",529081.6,357372.7,368910.7,506965.2,724012.1,276275.1,732848.1,723272.2,398170.8,422279.4,425144.9,756038.9,474484.2,289620.3,377306.7,323003.2
1330,22175,53.61695,10.0857,Hamburg,HH,"Hamburg, Freie und Hansestadt",2000.0,"(53.61695, 10.0857)",523258.6,351549.8,363087.7,501142.2,718189.1,277586.8,727025.1,717449.2,392347.8,416456.4,419321.9,750215.9,468661.3,283797.3,371483.7,317180.2
1331,22177,53.61123333333333,10.071633333333333,Hamburg,HH,"Hamburg, Freie und Hansestadt",2000.0,"(53.61123333333333, 10.071633333333333)",521860.6,350151.8,361689.7,499744.2,716791.2,279478.8,725627.2,716051.2,390949.9,415058.5,417923.9,748817.9,467263.3,282399.4,370085.8,315782.3
1332,22179,53.609,10.08595,Hamburg,HH,"Hamburg, Freie und Hansestadt",2000.0,"(53.609, 10.08595)",522929.0,351220.2,362758.2,500812.6,717859.6,277734.9,726695.6,717119.7,392018.3,416126.9,418992.3,749886.4,468331.7,283467.8,371154.2,316850.7
1333,22297,53.60262,10.0177,Hamburg,HH,"Hamburg, Freie und Hansestadt",2000.0,"(53.60262, 10.0177)",520843.7,349134.9,360672.8,498727.3,715774.3,279836.5,724610.3,715034.3,389933.0,414041.6,416907.0,747801.0,466246.4,281382.5,369068.9,314765.4
1334,22299,53.5955,10.0069,Hamburg,HH,"Hamburg, Freie und Hansestadt",2000.0,"(53.5955, 10.0069)",520770.7,349061.9,360599.8,498654.3,715701.3,281156.0,724537.2,714961.3,389859.9,413968.6,416834.0,747728.0,466173.4,281309.5,368995.9,314692.4
1335,22301,53.5898,10.0076,Hamburg,HH,"Hamburg, Freie und Hansestadt",2000.0,"(53.5898, 10.0076)",519078.4,347369.6,358907.5,496962.0,714009.0,279459.8,722844.9,713269.0,388167.6,412276.2,415141.7,746035.7,464481.1,279617.2,367303.5,313000.0
1336,22303,53.5919,10.029966666666668,Hamburg,HH,"Hamburg, Freie und Hansestadt",2000.0,"(53.5919, 10.029966666666668)",519190.9,347482.1,359020.0,497074.5,714121.5,278439.9,722957.4,713381.5,388280.1,412388.7,415254.2,746148.2,464593.6,279729.7,367416.0,313112.5
1337,22305,53.59,10.0388,Hamburg,HH,"Hamburg, Freie und Hansestadt",2000.0,"(53.59, 10.0388)",519298.7,347589.9,359127.8,497182.3,714229.3,277236.2,723065.2,713489.3,388387.9,412496.5,415362.0,746256.0,464701.4,279837.5,367523.8,313220.3
1338,22307,53.59765,10.04655,Hamburg,HH,"Hamburg, Freie und Hansestadt",2000.0,"(53.59765, 10.04655)",519896.5,348187.7,359725.6,497780.1,714827.1,277829.9,723663.1,714087.1,388985.8,413094.4,415959.8,746853.8,465299.2,280435.3,368121.7,313818.2
1339,22309,53.61056,10.05708,Hamburg,HH,"Hamburg, Freie und Hansestadt",2000.0,"(53.61056, 10.05708)",522335.6,350626.8,362164.7,500219.2,717266.2,279953.7,726102.1,716526.2,391424.8,415533.4,418398.9,749292.9,467738.3,282874.4,370560.7,316257.2
1340,22335,53.61952,10.0143,Hamburg,HH,"Hamburg, Freie und Hansestadt",2000.0,"(53.61952, 10.0143)",522530.4,350821.6,362359.5,500414.0,717461.0,281523.2,726296.9,716721.0,391619.6,415728.3,418593.7,749487.7,467933.1,283069.2,370755.6,316452.1
1341,22337,53.62033333333333,10.029633333333337,Hamburg,HH,"Hamburg, Freie und Hansestadt",2000.0,"(53.62033333333333, 10.029633333333337)",522662.9,350954.1,362492.0,500546.5,717593.5,280600.4,726429.4,716853.5,391752.1,415860.7,418726.2,749620.2,468065.6,283201.7,370888.0,316584.5
1342,22339,53.644533333333335,10.035966666666669,Hamburg,HH,"Hamburg, Freie und Hansestadt",2000.0,"(53.644533333333335, 10.035966666666669)",526236.2,354527.4,366065.3,504119.8,721166.8,283876.8,730002.7,720426.8,395325.4,419434.1,422299.5,753193.5,471638.9,286775.0,374461.4,320157.9
1343,22359,53.644925,10.16025,Hamburg,HH,"Hamburg, Freie und Hansestadt",2000.0,"(53.644925, 10.16025)",531989.7,360280.9,402561.6,509873.3,726920.3,280460.1,735756.3,726180.3,401078.9,425187.6,428053.0,758947.0,477392.4,292528.5,380214.9,325911.4
1344,22391,53.64028571428571,10.077285714285711,Hamburg,HH,"Hamburg, Freie und Hansestadt",2000.0,"(53.64028571428571, 10.077285714285711)",533141.1,361432.3,372970.2,511024.7,728071.6,280334.6,736907.6,727331.7,402230.3,426338.9,429204.4,760098.4,478543.7,293679.8,381366.2,327062.7
1345,22393,53.6422,10.097,Hamburg,HH,"Hamburg, Freie und Hansestadt",2000.0,"(53.6422, 10.097)",532134.0,360425.2,371963.1,510017.6,727064.6,279327.6,735900.6,726324.7,401223.3,425331.9,428197.3,759091.4,477536.7,292672.8,380359.2,326055.7
1346,22395,53.66967999999999,10.11508,Hamburg,HH,"Hamburg, Freie und Hansestadt",2000.0,"(53.66967999999999, 10.11508)",536739.7,365030.9,376568.8,514623.3,731670.3,284862.1,740506.3,730930.3,405829.0,429937.6,432803.0,763697.0,482142.4,297278.5,384964.9,330661.4
1347,22397,53.698475,10.107225,Hamburg,HH,"Hamburg, Freie und Hansestadt",2000.0,"(53.698475, 10.107225)",539486.6,367777.8,379315.7,517370.2,734417.2,287609.0,743253.1,733677.2,408575.8,432684.5,435549.9,766443.9,484889.3,300025.4,387711.7,333408.3
1348,22399,53.663875,10.07025,Hamburg,HH,"Hamburg, Freie und Hansestadt",2000.0,"(53.663875, 10.07025)",530379.5,358670.7,370208.6,508263.1,725310.1,283615.4,734146.0,724570.1,399468.7,423577.4,426442.8,757336.8,475782.2,290918.3,378604.7,324301.2
1349,22415,53.647675,10.0202,Hamburg,HH,"Hamburg, Freie und Hansestadt",2000.0,"(53.647675, 10.0202)",526837.3,353034.8,366666.4,504720.9,721767.9,284126.2,730603.9,721028.0,393832.8,417941.4,420806.9,753794.7,470146.3,287376.1,372968.7,320759.0
1350,22417,53.66143333333333,10.030466666666667,Hamburg,HH,"Hamburg, Freie und Hansestadt",2000.0,"(53.66143333333333, 10.030466666666667)",528490.5,354687.9,368319.6,506374.1,723421.1,286673.1,732257.0,722681.1,395486.0,419594.6,422460.0,755447.8,471799.4,289029.3,374621.9,322412.2
1351,22419,53.6648,10.007,Hamburg,HH,"Hamburg, Freie und Hansestadt",2000.0,"(53.6648, 10.007)",528086.3,353242.0,367915.4,505969.9,723016.9,286268.9,731852.8,722276.9,394040.0,418148.7,421014.1,755043.6,470353.5,288625.1,373175.9,322007.9
1352,22453,53.616075,9.983375,Hamburg,HH,"Hamburg, Freie und Hansestadt",2000.0,"(53.616075, 9.983375)",522904.1,346584.3,362733.2,500787.7,717834.7,283394.7,726670.6,717094.7,387382.4,411491.0,414356.5,749861.4,463695.8,283442.9,366518.3,316825.8
1353,22455,53.6319,9.9489,Hamburg,HH,"Hamburg, Freie und Hansestadt",2000.0,"(53.6319, 9.9489)",530402.3,347707.9,370231.4,508285.9,725332.8,287024.5,734168.8,724592.9,388505.9,412614.5,415480.0,757359.6,464819.4,290941.0,367641.8,324323.9
1354,22457,53.62455,9.929975,Hamburg,HH,"Hamburg, Freie und Hansestadt",2000.0,"(53.62455, 9.929975)",529008.9,346314.5,368838.0,506892.5,723939.4,287632.0,732775.4,723199.5,387112.5,411221.1,414086.6,755966.2,463426.0,289547.6,366248.4,322930.5
1355,22459,53.6264,9.9384,Hamburg,HH,"Hamburg, Freie und Hansestadt",2000.0,"(53.6264, 9.9384)",529579.4,346885.0,369408.5,507463.0,724510.0,286312.9,733345.9,723770.0,387683.0,411791.6,414657.1,756536.7,463996.5,290118.2,366818.9,323501.0
1356,22523,53.6079,9.9097,Hamburg,HH,"Hamburg, Freie und Hansestadt",2000.0,"(53.6079, 9.9097)",525519.6,342825.2,365348.7,503403.2,720450.1,287450.8,729286.1,719710.2,383623.2,407731.8,410597.3,752476.9,459936.7,286058.3,362759.1,319441.2
1357,22525,53.58741666666666,9.918166666666666,Hamburg,HH,"Hamburg, Freie und Hansestadt",2000.0,"(53.58741666666666, 9.918166666666666)",524907.1,342212.7,364736.2,502790.7,719837.7,285261.6,728673.7,719097.7,383010.8,407119.4,409984.8,751864.4,459324.2,285445.9,362146.7,318828.8
1358,22527,53.593,9.94038,Hamburg,HH,"Hamburg, Freie und Hansestadt",2000.0,"(53.593, 9.94038)",524431.4,341737.0,364260.5,502315.0,719362.0,284251.1,728197.9,718622.0,382535.0,406643.7,409509.1,751388.7,458848.5,284970.2,361670.9,318353.0
1359,22529,53.599114285714286,9.964714285714283,Hamburg,HH,"Hamburg, Freie und Hansestadt",2000.0,"(53.599114285714286, 9.964714285714283)",522282.4,343712.8,362111.5,500166.0,717213.0,283542.4,726048.9,716473.0,384510.8,408619.5,411484.9,749239.7,460824.3,282821.2,363646.7,316204.1
1360,22547,53.58628,9.88696,Hamburg,HH,"Hamburg, Freie und Hansestadt",2000.0,"(53.58628, 9.88696)",523621.4,340927.0,363450.5,501505.0,718552.0,288874.9,727388.0,717812.0,381725.1,405833.7,408699.1,750578.7,458038.5,284160.2,360861.0,317543.1
1361,22549,53.5799,9.8728,Hamburg,HH,"Hamburg, Freie und Hansestadt",2000.0,"(53.5799, 9.8728)",523156.5,340462.1,362985.6,501040.1,718087.1,289414.5,726923.0,717347.1,381260.2,405368.8,408234.2,750113.8,457573.6,283695.3,360396.1,317078.2
1362,22559,53.5889,9.76075,Hamburg,HH,"Hamburg, Freie und Hansestadt",2000.0,"(53.5889, 9.76075)",530437.6,347743.2,370266.7,508321.2,725368.2,296434.3,734204.1,724628.2,388541.2,412649.8,415515.3,757394.9,464854.7,290976.4,367677.1,324359.2
1363,22587,53.569433333333336,9.812283333333331,Hamburg,HH,"Hamburg, Freie und Hansestadt",2000.0,"(53.569433333333336, 9.812283333333331)",526329.4,343635.0,366158.5,504213.0,721259.9,292182.8,730095.9,720520.0,384433.0,408541.6,411407.1,753286.7,460746.5,286868.1,363568.9,320251.0
1364,22589,53.5755,9.81804,Hamburg,HH,"Hamburg, Freie und Hansestadt",2000.0,"(53.5755, 9.81804)",525226.0,342531.6,365055.1,503109.6,720156.6,291484.0,728992.5,719416.6,383329.7,407438.3,410303.7,752183.3,459643.1,285764.8,362465.6,319147.7
1365,22605,53.560425,9.890325,Hamburg,HH,"Hamburg, Freie und Hansestadt",2000.0,"(53.560425, 9.890325)",519722.9,337028.5,359552.0,497606.5,714653.5,287016.6,723489.4,713913.5,377826.5,401935.2,404800.6,746680.2,454140.0,280261.7,356962.4,313644.5
1366,22607,53.56233999999999,9.88286,Hamburg,HH,"Hamburg, Freie und Hansestadt",2000.0,"(53.56233999999999, 9.88286)",521101.4,338407.1,360930.6,498985.0,716032.0,287359.4,724868.0,715292.1,379205.1,403313.7,406179.2,748058.8,455518.5,281640.2,358341.0,315023.1
1367,22609,53.5629,9.86964,Hamburg,HH,"Hamburg, Freie und Hansestadt",2000.0,"(53.5629, 9.86964)",521656.0,338961.6,361485.1,499539.6,716586.6,287914.0,725422.5,715846.6,379759.7,403868.3,406733.7,748613.3,456073.1,282194.8,358895.6,315577.7
1368,22761,53.56785,9.9104,Hamburg,HH,"Hamburg, Freie und Hansestadt",2000.0,"(53.56785, 9.9104)",520472.9,337778.5,360302.0,498356.5,715403.5,285006.4,724239.4,714663.5,378576.5,402685.2,405550.6,747430.2,454890.0,281011.7,357712.4,314394.5
1369,22763,53.554,9.904866666666669,Hamburg,HH,"Hamburg, Freie und Hansestadt",2000.0,"(53.554, 9.904866666666669)",519111.5,336417.1,358940.6,496995.1,714042.1,285510.1,722878.1,713302.2,377215.2,401323.8,404189.3,746068.9,453528.6,279650.3,356351.1,313033.2
1370,22765,53.554875,9.93355,Hamburg,HH,"Hamburg, Freie und Hansestadt",2000.0,"(53.554875, 9.93355)",521138.9,338444.5,360968.0,499022.5,716069.5,284251.0,724905.4,715329.5,379242.5,403351.2,406216.6,748096.2,455556.0,281677.7,358378.4,315060.5
1371,22767,53.551825,9.941475,Hamburg,HH,"Hamburg, Freie und Hansestadt",2000.0,"(53.551825, 9.941475)",519921.5,339264.4,359750.6,497805.1,714852.1,282977.7,723688.1,714112.1,380062.5,404171.1,407036.5,746878.8,456375.9,280460.3,359198.4,313843.2
1372,22769,53.56555714285714,9.943742857142857,Hamburg,HH,"Hamburg, Freie und Hansestadt",2000.0,"(53.56555714285714, 9.943742857142857)",522510.5,339816.1,362339.6,500394.1,717441.1,282797.0,726277.0,716701.1,380614.1,404722.8,407588.2,749467.8,456927.6,283049.3,359750.1,316432.2
1373,22844,53.7246,10.0124,Schleswig-Holstein,SH,Kreis Segeberg,1060.0,"(53.7246, 10.0124)",546600.3,363905.9,386429.4,524483.9,741530.9,294560.4,750366.8,740790.9,404704.0,428812.6,431678.0,773557.6,481017.4,307139.1,383839.9,340522.0
1374,22846,53.7099,9.9946,Schleswig-Holstein,SH,Kreis Segeberg,1060.0,"(53.7099, 9.9946)",538811.5,356117.1,378640.6,516695.1,733742.1,294081.4,742578.0,733002.1,396915.1,421023.8,423889.2,765768.8,473228.6,299350.3,376051.1,332733.2
1375,22848,53.6736,9.9833,Schleswig-Holstein,SH,Kreis Segeberg,1060.0,"(53.6736, 9.9833)",534519.9,351825.5,374349.0,512403.5,729450.5,289789.8,738286.4,728710.5,392623.5,416732.2,419597.6,761477.2,468937.0,295058.7,371759.5,328441.6
1376,22850,53.6855,9.9976,Schleswig-Holstein,SH,Kreis Segeberg,1060.0,"(53.6855, 9.9976)",536079.3,353384.9,375908.4,513962.9,731009.9,291349.2,739845.8,730269.9,394182.9,418291.6,421157.0,763036.6,470496.4,296618.1,373318.9,330001.0
1377,22851,53.6874,10.0366,Schleswig-Holstein,SH,Kreis Segeberg,1060.0,"(53.6874, 10.0366)",531773.0,355741.3,371602.1,509656.6,726703.5,289413.6,735539.5,725963.6,396539.4,420648.0,423513.5,758730.3,472852.8,292311.8,375675.3,325694.6
1378,22869,53.6,9.85,Schleswig-Holstein,SH,Kreis Pinneberg,1056.0,"(53.6, 9.85)",525346.3,342651.9,365175.4,503229.9,720276.9,290897.5,729112.8,719536.9,383450.0,407558.6,410424.0,752303.6,459763.4,285885.1,362585.9,319268.0
1379,22880,53.5837,9.6984,Schleswig-Holstein,SH,Kreis Pinneberg,1056.0,"(53.5837, 9.6984)",533269.3,350574.9,373098.4,511152.9,728199.9,299527.3,737035.9,727459.9,391373.0,415481.6,418347.0,760226.7,467686.4,293808.1,370508.9,327191.0
1380,22885,53.5667,10.1667,Schleswig-Holstein,SH,Kreis Stormarn,1062.0,"(53.5667, 10.1667)",526312.3,354603.5,389056.4,504195.9,721242.9,266954.9,730078.8,720502.9,395401.5,419510.1,422375.6,753269.6,471715.0,286851.1,374537.4,320233.9
1381,22889,53.7333,10.0833,Schleswig-Holstein,SH,Kreis Stormarn,1062.0,"(53.7333, 10.0833)",551406.4,368712.0,391235.5,529290.0,746337.0,287594.2,755172.9,745597.0,409510.0,433618.7,436484.1,778363.7,485823.5,311945.2,388645.9,345328.0
1382,22926,53.6752,10.2259,Schleswig-Holstein,SH,Kreis Stormarn,1062.0,"(53.6752, 10.2259)",540031.5,368322.7,394645.2,517915.1,734962.1,272543.7,743798.0,734222.1,409120.7,433229.3,436094.8,766988.8,485434.2,300570.3,388256.6,333953.1
1383,22927,53.6667,10.2833,Schleswig-Holstein,SH,Kreis Stormarn,1062.0,"(53.6667, 10.2833)",536332.6,364623.8,390946.4,514216.2,731263.2,268844.8,740099.2,730523.2,405421.8,429530.5,432395.9,763289.9,481735.3,296871.4,384557.8,330254.3
1384,22929,53.6329125,10.3943,Schleswig-Holstein,SH,Kreis Stormarn,1062.0,"(53.6329125, 10.3943)",545965.4,374256.6,381054.2,523849.0,740896.0,258952.7,749732.0,732968.5,415054.7,439163.3,442028.7,765735.2,491368.1,306504.2,394190.6,339887.1
1385,22941,53.73095,10.2418,Schleswig-Holstein,SH,Kreis Stormarn,1062.0,"(53.73095, 10.2418)",546337.4,374628.6,400951.2,524221.0,741268.0,278849.6,750104.0,740528.1,415426.7,439535.3,442400.7,773294.8,491740.1,306876.2,394562.6,340259.1
1386,22946,53.60486666666667,10.384383333333334,Schleswig-Holstein,SH,Kreis Stormarn,1062.0,"(53.60486666666667, 10.384383333333334)",539994.2,368285.4,378943.1,517877.8,734924.8,256841.6,743760.7,730857.3,409083.4,433192.0,436057.5,763624.0,485396.9,300533.0,388219.3,333915.8
1387,22949,53.7,10.2,Schleswig-Holstein,SH,Kreis Stormarn,1062.0,"(53.7, 10.2)",545060.2,373351.4,399674.0,522943.8,739990.8,277572.4,748826.7,739250.8,414149.4,438258.1,441123.5,772017.5,490462.9,305599.0,393285.4,338981.9
1388,22952,53.65,10.3667,Schleswig-Holstein,SH,Kreis Stormarn,1062.0,"(53.65, 10.3667)",540152.0,368443.2,384229.9,518035.6,735082.6,262128.4,743918.6,736144.2,409241.3,433349.9,436215.3,768910.9,485554.7,300690.8,388377.2,334073.7
1389,22955,53.65,10.3167,Schleswig-Holstein,SH,Kreis Stormarn,1062.0,"(53.65, 10.3167)",536068.6,364359.8,387473.6,513952.2,730999.2,265372.0,739835.1,730259.2,405157.8,429266.5,432131.9,763025.9,481471.3,296607.4,384293.7,329990.3
1390,22956,53.6416,10.4078,Schleswig-Holstein,SH,Kreis Stormarn,1062.0,"(53.6416, 10.4078)",547147.5,375438.7,382236.3,525031.1,742078.1,260134.8,750914.1,734150.6,416236.8,440345.4,443210.8,766917.3,492550.2,307686.3,395372.7,341069.2
1391,22958,53.5833,10.4,Schleswig-Holstein,SH,Kreis Herzogtum Lauenburg,1053.0,"(53.5833, 10.4)",537353.2,365644.4,377837.9,515236.8,732283.8,255736.3,741119.8,729752.1,406442.5,430551.1,433416.5,762518.8,482755.9,297892.0,385578.4,331274.9
1392,22959,53.6445,10.4685,Schleswig-Holstein,SH,Kreis Herzogtum Lauenburg,1053.0,"(53.6445, 10.4685)",546009.1,374300.3,384399.9,523892.7,740939.7,262298.4,749775.7,736314.2,415098.4,439207.0,442072.5,769080.9,491411.8,306547.9,394234.3,339930.8
1393,22961,,,,,,,"(nan, nan)",0.0,0.0,0.0,0.0,0.0,0.0,0.0,0.0,0.0,0.0,0.0,0.0,0.0,0.0,0.0,0.0
