,zipcode,lat,long,state,state_code,community_name,community_code,coor,AKB Kitzingen,AKB Dortmund,AKB Zörbig,AKB Schöneck,AKB Buch,Mosolf Etzin,Mosolf Kippenheim,BLG Kelheim,BLG Duisburg,BLG Neuss,Carservice Erkens,ARS Altmann Wolnzach,CAT Zülpich,Autohaus Siebrecht,Neu: FleetParQ Essen ,Neu: FleetParQ Kassel
2788,38381,52.0817,10.8984,Niedersachsen,NI,Landkreis Helmstedt,3154.0,"(52.0817, 10.8984)",391731.5,317033.6,147318.1,369615.1,586662.1,183849.6,595498.1,501679.6,380619.9,387890.1,407593.9,534446.3,434478.6,152270.3,347674.0,185653.2
2789,38382,52.0741,10.8581,Niedersachsen,NI,Landkreis Helmstedt,3154.0,"(52.0741, 10.8581)",379454.3,318062.6,143780.0,357337.9,574384.9,187066.4,583220.8,498569.7,381648.9,388919.1,408622.9,531336.4,435507.6,139993.1,348703.0,173376.0
2790,38384,52.0766,10.8222,Niedersachsen,NI,Landkreis Helmstedt,3154.0,"(52.0766, 10.8222)",363437.5,317140.6,145108.4,341321.1,558368.1,193527.2,567204.0,499898.1,380726.8,387997.0,407700.9,532664.8,434585.6,123976.3,347781.0,157359.1
2791,38387,52.0898,10.9252,Niedersachsen,NI,Landkreis Helmstedt,3154.0,"(52.0898, 10.9252)",392758.7,320805.3,145311.0,370642.3,587689.2,181842.5,596525.2,499672.5,384391.5,391661.7,411365.6,532439.2,438250.3,153297.4,351445.7,186680.3
2792,38440,52.4239,10.7812,Niedersachsen,NI,"Wolfsburg, Stadt",3103.0,"(52.4239, 10.7812)",388311.3,295183.4,165448.8,366194.9,583241.9,201980.4,592077.9,519810.4,358769.6,366039.8,385743.7,552577.1,412628.4,148850.1,325823.8,182233.0
2793,38442,52.4204,10.7188,Niedersachsen,NI,"Wolfsburg, Stadt",3103.0,"(52.4204, 10.7188)",387173.8,294045.9,164311.3,365057.4,582104.4,200842.8,590940.3,518672.8,357632.1,364902.3,384606.2,551439.6,411490.9,147712.6,324686.2,181095.5
2794,38444,52.4003,10.7531,Niedersachsen,NI,"Wolfsburg, Stadt",3103.0,"(52.4003, 10.7531)",383808.1,290680.2,160945.6,361691.7,578738.7,197477.1,587574.6,515307.1,354266.4,361536.6,381240.5,548073.8,408125.2,144346.9,321320.5,177729.7
2795,38446,52.3808,10.8285,Niedersachsen,NI,"Wolfsburg, Stadt",3103.0,"(52.3808, 10.8285)",391880.5,298448.0,157280.9,369764.1,586811.1,193812.4,595647.0,511642.4,362034.2,369304.4,389008.3,544409.1,415893.0,152419.3,329088.4,185802.1
2796,38448,52.4231,10.8224,Niedersachsen,NI,"Wolfsburg, Stadt",3103.0,"(52.4231, 10.8224)",390341.6,297213.7,159775.9,368225.2,585272.2,196307.4,594108.1,514137.4,360799.9,368070.1,387774.0,546904.1,414658.7,150880.4,327854.0,184263.3
2797,38458,52.408,10.9364,Niedersachsen,NI,Landkreis Helmstedt,3154.0,"(52.408, 10.9364)",395904.0,302471.5,151793.2,373787.6,590834.6,188324.7,599670.5,506154.7,366057.8,373328.0,393031.8,538921.4,419916.5,156442.8,333111.9,189825.7
2798,38459,52.3859,11.0004,Niedersachsen,NI,Landkreis Helmstedt,3154.0,"(52.3859, 11.0004)",397583.2,304150.7,148750.8,375466.8,592513.8,185282.4,601349.7,503112.4,367737.0,375007.2,394711.0,535879.1,421595.7,158122.0,334791.1,191504.9
2799,38461,52.4247,10.9129,Niedersachsen,NI,Landkreis Helmstedt,3154.0,"(52.4247, 10.9129)",397120.7,303688.3,154077.3,375004.3,592051.3,190608.8,600887.3,508438.8,367274.5,374544.7,394248.6,541205.5,421133.3,157659.5,334328.6,191042.4
2800,38462,52.4448,10.9451,Niedersachsen,NI,Landkreis Helmstedt,3154.0,"(52.4448, 10.9451)",400599.3,307166.8,156185.8,378482.9,595529.9,192717.3,604365.8,510547.3,370753.1,378023.3,397727.1,543314.0,424611.8,161138.1,337807.2,194521.0
2801,38464,52.3736,10.9193,Niedersachsen,NI,Landkreis Helmstedt,3154.0,"(52.3736, 10.9193)",391451.8,298019.4,147161.6,369335.4,586382.4,183693.1,595218.4,501523.1,361605.6,368875.8,388579.7,534289.8,415464.4,151990.6,328659.7,185373.5
2802,38465,52.6002,10.9375,Niedersachsen,NI,Landkreis Gifhorn,3151.0,"(52.6002, 10.9375)",414470.9,321343.0,191608.4,392354.5,609401.5,228139.9,618237.4,545969.9,384929.2,392199.4,411903.3,578736.6,438788.0,175009.7,351983.3,208392.6
2803,38467,52.544,10.8451,Niedersachsen,NI,Landkreis Gifhorn,3151.0,"(52.544, 10.8451)",404164.4,311036.5,181302.0,382048.0,599095.0,217833.5,607931.0,535663.5,374622.7,381893.0,401596.8,568430.2,428481.5,164703.2,341676.9,198086.1
2804,38468,52.5667,10.8,Niedersachsen,NI,Landkreis Gifhorn,3151.0,"(52.5667, 10.8)",403748.1,310620.2,180885.6,381631.7,598678.7,217417.1,607514.6,535247.1,374206.4,381476.6,401180.5,568013.8,428065.2,164286.9,341260.5,197669.7
2805,38470,52.5347,10.8902,Niedersachsen,NI,Landkreis Gifhorn,3151.0,"(52.5347, 10.8902)",407959.0,314831.1,168854.8,385842.6,602889.5,205386.3,611725.5,523216.3,378417.3,385687.5,405391.3,555983.0,432276.0,168497.7,345471.4,201880.6
2806,38471,52.4856,10.8864,Niedersachsen,NI,Landkreis Gifhorn,3151.0,"(52.4856, 10.8864)",399099.3,305971.4,163151.9,376982.9,594029.9,199683.4,602865.8,517513.4,369557.6,376827.8,396531.7,550280.1,423416.4,159638.1,336611.7,193021.0
2807,38473,52.5167,10.8,Niedersachsen,NI,Landkreis Gifhorn,3151.0,"(52.5167, 10.8)",399701.2,306573.3,176838.7,377584.8,594631.8,213370.2,603467.7,531200.2,370159.5,377429.7,397133.6,563966.9,424018.3,160240.0,337213.6,193622.9
2808,38474,52.5758,10.8782,Niedersachsen,NI,Landkreis Gifhorn,3151.0,"(52.5758, 10.8782)",408876.6,315748.7,186014.1,386760.2,603807.2,222545.6,612643.1,540375.6,379334.9,386605.1,406309.0,573142.3,433193.7,169415.4,346389.0,202798.3
2809,38476,52.5219,10.7749,Niedersachsen,NI,Landkreis Gifhorn,3151.0,"(52.5219, 10.7749)",398849.9,305722.0,175987.4,376733.5,593780.5,212518.9,602616.4,530348.9,369308.2,376578.4,396282.3,563115.6,423167.0,159388.7,336362.3,192771.6
2810,38477,52.5,10.7667,Niedersachsen,NI,Landkreis Gifhorn,3151.0,"(52.5, 10.7667)",395613.9,302486.0,172751.4,373497.5,590544.5,209282.9,599380.4,527112.9,366072.2,373342.4,393046.3,559879.6,419931.0,156152.7,333126.3,189535.6
2811,38479,52.4705,10.7407,Niedersachsen,NI,Landkreis Gifhorn,3151.0,"(52.4705, 10.7407)",391512.8,298384.9,168650.4,369396.4,586443.4,205181.9,595279.4,523011.9,361971.2,369241.4,388945.2,555778.6,415829.9,152051.6,329025.3,185434.5
2812,38486,52.6163,11.088207692307693,Sachsen-Anhalt,ST,Altmarkkreis Salzwedel,15081.0,"(52.6163, 11.088207692307693)",429143.6,336015.7,169906.8,407027.2,624074.1,205866.3,632910.1,524268.3,399601.9,406872.1,426575.9,557035.0,453460.6,189682.3,366656.0,223065.2
2813,38489,52.684045454545455,11.00019090909091,Sachsen-Anhalt,ST,Altmarkkreis Salzwedel,15081.0,"(52.684045454545455, 11.00019090909091)",426396.7,333268.8,203534.2,404280.3,621327.3,240065.7,630163.2,557895.7,396855.0,404125.2,423829.1,590662.4,450713.8,186935.5,363909.1,220318.4
2814,38518,52.4777,10.5511,Niedersachsen,NI,Landkreis Gifhorn,3151.0,"(52.4777, 10.5511)",383991.7,282038.3,180321.0,361875.3,578922.3,216852.6,587758.2,534682.6,345624.5,352894.7,372598.6,567449.3,399483.3,144530.5,312678.7,177913.3
2815,38524,52.5167,10.6333,Niedersachsen,NI,Landkreis Gifhorn,3151.0,"(52.5167, 10.6333)",402453.3,276881.0,179590.8,380336.9,597383.9,216122.3,606219.8,533952.3,340467.3,347737.5,367441.3,566719.0,394326.0,162992.1,307521.4,196375.0
2816,38527,52.3849,10.5393,Niedersachsen,NI,Landkreis Gifhorn,3151.0,"(52.3849, 10.5393)",372747.6,270810.5,172780.7,350631.2,567678.2,209312.2,576514.1,527142.2,334396.7,341666.9,361370.8,559908.9,388255.5,133286.4,301450.8,166669.2
2817,38528,52.3798,10.4508,Niedersachsen,NI,Landkreis Gifhorn,3151.0,"(52.3798, 10.4508)",375089.3,266347.6,179297.0,352972.9,570019.9,215828.5,578855.9,533658.5,329933.9,337204.1,356907.9,566425.2,383792.6,135628.1,296988.0,169011.0
2818,38530,52.3804,10.4029,Niedersachsen,NI,Landkreis Gifhorn,3151.0,"(52.3804, 10.4029)",375115.0,265210.1,178159.5,352998.6,570045.5,214691.0,578881.5,532521.0,328796.3,336066.5,355770.4,565287.7,382655.1,135653.7,295850.4,169036.6
2819,38531,52.4167,10.5333,Niedersachsen,NI,Landkreis Gifhorn,3151.0,"(52.4167, 10.5333)",376182.8,274229.5,176215.9,354066.4,571113.4,212747.4,579949.4,530577.4,337815.7,345085.9,364789.8,563344.1,391674.5,136721.6,304869.8,170104.5
2820,38533,52.3652,10.5204,Niedersachsen,NI,Landkreis Gifhorn,3151.0,"(52.3652, 10.5204)",370922.1,271928.5,170955.2,348805.7,565852.7,207486.7,574688.7,525316.7,335514.7,342784.9,362488.8,558083.4,389373.5,131460.9,302568.8,164843.8
2821,38536,52.4744,10.3525,Niedersachsen,NI,Landkreis Gifhorn,3151.0,"(52.4744, 10.3525)",388979.7,255980.3,192024.2,366863.3,583910.2,228555.7,592746.2,546385.7,319566.6,326836.8,346540.6,579152.4,373425.3,149518.4,286620.7,182901.3
2822,38539,52.5333,10.3667,Niedersachsen,NI,Landkreis Gifhorn,3151.0,"(52.5333, 10.3667)",394881.5,260649.1,197926.0,372765.1,589812.1,234457.5,598648.0,552287.5,324235.3,331505.5,351209.3,585054.2,378094.0,155420.3,291289.4,188803.1
2823,38542,52.4395,10.4346,Niedersachsen,NI,Landkreis Gifhorn,3151.0,"(52.4395, 10.4346)",384238.6,274333.8,187283.1,362122.2,579169.2,223814.7,588005.2,541644.7,337920.0,345190.2,364894.1,574411.4,391778.8,144777.4,304974.1,178160.3
2824,38543,52.4167,10.4,Niedersachsen,NI,Landkreis Gifhorn,3151.0,"(52.4167, 10.4)",380792.2,270887.3,183836.7,358675.8,575722.8,220368.2,584558.7,538198.2,334473.5,341743.7,361447.6,570964.9,388332.3,141331.0,301527.7,174713.8
2825,38547,52.4207,10.6233,Niedersachsen,NI,Landkreis Gifhorn,3151.0,"(52.4207, 10.6233)",379917.6,280924.0,171698.6,357801.2,574848.2,208230.1,583684.2,526060.1,344510.2,351780.4,371484.3,558826.8,398369.0,140456.4,311564.3,173839.3
2826,38550,52.4333,10.5833,Niedersachsen,NI,Landkreis Gifhorn,3151.0,"(52.4333, 10.5833)",381287.7,279334.3,175764.6,359171.3,576218.2,212296.1,585054.2,530126.1,342920.5,350190.7,369894.6,562892.8,396779.3,141826.4,309974.7,175209.3
2827,38551,52.4344,10.51,Niedersachsen,NI,Landkreis Gifhorn,3151.0,"(52.4344, 10.51)",379108.0,279108.8,179141.1,356991.6,574038.6,215672.6,582874.5,533502.6,342695.0,349965.2,369669.1,566269.3,396553.8,139646.8,309749.1,173029.7
2828,38553,52.4133,10.5936,Niedersachsen,NI,Landkreis Gifhorn,3151.0,"(52.4133, 10.5936)",378697.0,276759.9,173617.0,356580.6,573627.6,210148.5,582463.6,527978.5,340346.1,347616.4,367320.2,560745.2,394204.9,139235.8,307400.3,172618.7
2829,38554,52.4621,10.717,Niedersachsen,NI,Landkreis Gifhorn,3151.0,"(52.4621, 10.717)",392388.8,299260.9,169526.4,370272.4,587319.4,206057.9,596155.4,523887.9,362847.2,370117.4,389821.2,556654.6,416705.9,152927.6,329901.3,186310.5
2830,38556,52.5,10.7167,Niedersachsen,NI,Landkreis Gifhorn,3151.0,"(52.5, 10.7167)",396751.1,303623.2,173888.7,374634.7,591681.7,210420.2,600517.7,528250.2,367209.4,374479.7,394183.5,561016.9,421068.2,157289.9,334263.6,190672.8
2831,38557,52.4693,10.6801,Niedersachsen,NI,Landkreis Gifhorn,3151.0,"(52.4693, 10.6801)",394959.4,301831.5,172096.9,372843.0,589889.9,208628.4,598725.9,526458.4,365417.7,372687.9,392391.8,559225.1,419276.5,155498.2,332471.8,188881.0
2832,38559,52.5523,10.5234,Niedersachsen,NI,Landkreis Gifhorn,3151.0,"(52.5523, 10.5234)",392533.4,275766.1,192566.5,370417.0,587464.0,229098.0,596300.0,546928.0,339352.3,346622.5,366326.4,579694.7,393211.1,153072.2,306406.5,186455.1
2833,38640,51.9153,10.4243,Niedersachsen,NI,Landkreis Goslar,3153.0,"(51.9153, 10.4243)",328199.0,288187.5,144439.7,306082.6,523129.6,245788.4,531965.6,499229.3,369655.3,356140.5,396629.4,531996.0,402729.1,88737.8,324839.3,122120.7
2834,38642,51.9113,10.4588,Niedersachsen,NI,Landkreis Goslar,3153.0,"(51.9113, 10.4588)",330865.4,290853.9,141269.0,308749.0,525796.0,245625.4,534631.9,496058.7,372321.7,358806.9,399295.7,528825.4,405395.5,91404.2,327505.6,124787.1
2835,38644,51.92255,10.39535,Niedersachsen,NI,Landkreis Goslar,3153.0,"(51.92255, 10.39535)",328646.2,288634.7,146152.8,306529.8,523576.8,248074.2,532412.7,500942.5,360852.6,356587.7,387826.7,533709.2,403176.2,89185.0,325286.4,122567.9
2836,38667,51.89768,10.55794,Niedersachsen,NI,Landkreis Goslar,3153.0,"(51.89768, 10.55794)",339487.6,317951.9,134458.3,317371.2,534418.2,245590.6,543254.2,489248.0,381538.1,388808.4,408512.2,522014.7,435396.9,100026.4,348592.3,133409.3
2837,38678,51.8095,10.3382,Niedersachsen,NI,Landkreis Goslar,3153.0,"(51.8095, 10.3382)",307949.2,267937.7,158117.4,285832.8,502879.8,269249.7,511715.7,479428.5,347018.7,335890.7,373992.8,512195.2,382479.2,68113.9,304589.4,101870.9
2838,38685,51.9238,10.3866,Niedersachsen,NI,Landkreis Goslar,3153.0,"(51.9238, 10.3866)",325394.7,285383.2,147516.7,303278.3,520325.3,249438.1,529161.2,502306.3,366851.0,353336.2,393825.0,535073.0,399924.8,85933.5,322034.9,119316.4
2839,38690,51.9524,10.5637,Niedersachsen,NI,Landkreis Goslar,3153.0,"(51.9524, 10.5637)",340317.6,311677.0,131891.2,318201.2,535248.1,239315.7,544084.1,486680.9,375263.3,382533.5,402237.3,519447.6,429122.0,100856.3,342317.4,134239.2
2840,38700,51.7265,10.6109,Niedersachsen,NI,Landkreis Goslar,3153.0,"(51.7265, 10.6109)",320190.6,280179.1,130537.7,298074.2,515121.2,258507.0,523957.1,466320.2,359260.2,348132.1,386234.2,499086.9,394720.7,91205.6,316830.8,114112.3
2841,38704,52.0218,10.4317,Niedersachsen,NI,Landkreis Goslar,3153.0,"(52.0218, 10.4317)",332443.2,308776.0,147149.8,310326.8,527373.7,236414.7,536209.7,501939.5,372362.3,379632.5,399336.3,534706.2,426221.0,92981.9,339416.4,126364.8
2842,38707,51.8172,10.4374,Niedersachsen,NI,Landkreis Goslar,3153.0,"(51.8172, 10.4374)",317018.3,277006.7,151018.4,294901.9,511948.8,262150.7,520784.8,505808.0,356087.8,344959.8,383061.9,538574.7,391548.3,77182.9,313658.5,110939.9
2843,38709,51.8281,10.2815,Niedersachsen,NI,Landkreis Goslar,3153.0,"(51.8281, 10.2815)",316988.3,276976.7,167488.2,294871.9,511918.9,266362.8,520754.8,486827.0,356057.8,344929.8,383031.9,519593.7,391518.3,77527.1,313628.5,110909.9
2844,38723,51.891,10.1785,Niedersachsen,NI,Landkreis Goslar,3153.0,"(51.891, 10.1785)",302696.7,262685.2,168155.0,280580.3,497627.3,265550.0,506463.3,488409.7,341766.3,330638.2,368740.4,516149.6,377226.8,63235.5,299337.0,96618.4
2845,38729,51.98536666666666,10.2509,Niedersachsen,NI,Landkreis Goslar,3153.0,"(51.98536666666666, 10.2509)",316338.9,276327.3,162428.4,294222.5,511269.5,247150.8,520105.4,517218.1,357795.2,344280.4,384769.2,549984.8,390868.9,76877.7,312979.1,110260.6
2846,38820,51.8956,11.0562,Sachsen-Anhalt,ST,Landkreis Harz,15085.0,"(51.8956, 11.0562)",347447.4,354769.8,96823.3,362450.4,542378.0,183892.8,588333.4,451612.9,418356.0,425626.2,445330.1,484379.6,472214.8,145105.6,385410.1,178488.5
2847,38822,51.93256,10.9819,Sachsen-Anhalt,ST,Landkreis Harz,15085.0,"(51.93256, 10.9819)",355756.1,328885.5,105132.0,357185.5,550686.7,191323.3,583068.4,459921.7,392471.7,399741.9,419445.8,492688.4,446330.5,139840.7,359525.8,173223.6
2848,38828,51.8838,11.1735,Sachsen-Anhalt,ST,Landkreis Harz,15085.0,"(51.8838, 11.1735)",341278.3,371487.4,90654.2,379168.1,536208.9,181544.6,605051.0,445443.9,435073.7,442343.9,462047.7,478210.6,488932.4,161823.3,402127.8,195206.2
2849,38829,51.8667,11.1,Sachsen-Anhalt,ST,Landkreis Harz,15085.0,"(51.8667, 11.1)",345304.7,365240.2,94680.6,372920.9,540235.3,186013.9,598803.8,449470.3,428826.5,436096.7,455800.5,482237.0,482685.2,155576.1,395880.6,188959.0
2850,38835,51.9868,10.71255,Sachsen-Anhalt,ST,Landkreis Harz,15085.0,"(51.9868, 10.71255)",356016.2,323411.2,131736.7,333899.8,550946.8,210409.7,559782.8,486526.4,386997.4,394267.6,413971.5,519293.1,440856.2,116555.0,354051.6,149937.9
2851,38836,52.0041125,10.90155,Sachsen-Anhalt,ST,Landkreis Harz,15085.0,"(52.0041125, 10.90155)",378020.3,326661.6,133460.3,355903.9,572950.9,193627.1,581786.9,488250.0,390247.8,397518.0,417221.8,521016.7,444106.5,138559.1,357301.9,171942.0
2852,38838,51.99986,11.00882,Sachsen-Anhalt,ST,Landkreis Harz,15085.0,"(51.99986, 11.00882)",361901.8,338710.6,111277.7,365377.0,556832.4,184037.4,591259.9,466067.4,402296.8,409567.0,429270.8,498834.1,456155.5,148032.2,369350.9,181415.1
2853,38855,51.88192,10.81616,Sachsen-Anhalt,ST,Landkreis Harz,15085.0,"(51.88192, 10.81616)",365222.0,335425.0,114907.6,343105.7,560152.6,242876.9,568988.6,469697.3,399011.2,406281.4,425985.3,502464.0,452870.0,125760.8,366065.4,159143.7
2854,38871,51.8919625,10.712325,Sachsen-Anhalt,ST,Landkreis Harz,15085.0,"(51.8919625, 10.712325)",355018.1,325221.0,118089.0,332901.7,549948.7,246058.3,558784.6,472878.7,388807.3,396077.5,415781.3,505645.4,442666.0,115556.9,355861.4,148939.8
2855,38875,51.7299,10.73574,Sachsen-Anhalt,ST,Landkreis Harz,15085.0,"(51.7299, 10.73574)",329906.9,289895.3,121173.6,307790.5,524837.5,249142.9,533673.4,475963.2,368976.4,357848.4,395950.5,508729.9,404436.9,100579.4,326547.1,123828.5
2856,38877,51.6682,10.7172,Sachsen-Anhalt,ST,Landkreis Harz,15085.0,"(51.6682, 10.7172)",293560.1,292264.7,126151.6,310159.8,488490.7,254121.0,536042.7,440440.0,371345.8,360217.7,398319.8,473206.7,406806.3,102182.0,328916.4,126197.9
2857,38879,51.7639,10.6621,Sachsen-Anhalt,ST,Landkreis Harz,15085.0,"(51.7639, 10.6621)",332837.7,292826.1,127591.2,310721.3,527768.3,255560.5,536604.2,482380.9,371907.2,360779.2,398881.3,515147.6,407367.7,103510.2,329477.9,126759.4
2858,38889,51.7653625,10.9337625,Sachsen-Anhalt,ST,Landkreis Harz,15085.0,"(51.7653625, 10.9337625)",334236.1,317618.2,107739.9,335513.4,529166.7,235709.2,561396.3,462529.6,417925.1,385571.3,444899.2,495296.3,432159.8,144674.7,354270.0,151551.5
2859,38895,51.86,10.96995,Sachsen-Anhalt,ST,Landkreis Harz,15085.0,"(51.86, 10.96995)",357229.1,346994.7,106605.0,354675.4,552159.7,191040.1,580558.3,461394.7,410580.9,417851.1,437555.0,494161.4,464439.7,137330.5,377635.1,170713.4
2860,38899,51.680933333333336,10.840833333333334,Sachsen-Anhalt,ST,Landkreis Harz,15085.0,"(51.680933333333336, 10.840833333333334)",295362.7,304156.4,116943.0,322051.6,490293.3,244912.3,547934.5,442242.6,383237.5,372109.5,410211.6,475009.3,418698.0,109582.7,340808.2,138089.6
2861,39104,52.1243,11.6322,Sachsen-Anhalt,ST,Landeshauptstadt Magdeburg,15003.0,"(52.1243, 11.6322)",371211.5,352994.4,87132.2,424310.5,575051.9,129437.6,650193.4,441493.7,416580.7,423850.9,443554.7,474260.4,470439.4,206965.7,383634.8,240348.6
2862,39106,52.1469,11.6498,Sachsen-Anhalt,ST,Landeshauptstadt Magdeburg,15003.0,"(52.1469, 11.6498)",374897.5,352350.8,90818.3,423666.9,578737.9,128794.1,649549.8,445179.8,415937.1,423207.3,442911.1,477946.5,469795.8,206322.1,382991.2,239705.0
2863,39108,52.1333,11.6167,Sachsen-Anhalt,ST,Landeshauptstadt Magdeburg,15003.0,"(52.1333, 11.6167)",372497.5,348532.3,88418.3,419848.3,576337.9,128505.8,645731.3,442779.8,412118.5,419388.7,439092.5,475546.5,465977.3,202503.5,379172.6,235886.4
2864,39110,52.1263,11.6011,Sachsen-Anhalt,ST,Landeshauptstadt Magdeburg,15003.0,"(52.1263, 11.6011)",370697.9,348481.0,86618.6,419797.1,574538.3,130421.1,645680.0,440980.1,412067.2,419337.4,439041.3,473746.8,465926.0,202452.3,379121.4,235835.1
2865,39112,52.1104,11.6011,Sachsen-Anhalt,ST,Landeshauptstadt Magdeburg,15003.0,"(52.1104, 11.6011)",368804.8,354804.7,84725.5,426120.7,572645.1,131247.9,652003.7,439087.0,418390.9,425661.1,445364.9,471853.7,472249.6,208775.9,385445.0,242158.8
2866,39114,52.1333,11.6167,Sachsen-Anhalt,ST,Landeshauptstadt Magdeburg,15003.0,"(52.1333, 11.6167)",372497.5,348532.3,88418.3,419848.3,576337.9,128505.8,645731.3,442779.8,412118.5,419388.7,439092.5,475546.5,465977.3,202503.5,379172.6,235886.4
2867,39116,52.0819,11.5861,Sachsen-Anhalt,ST,Landeshauptstadt Magdeburg,15003.0,"(52.0819, 11.5861)",366215.7,352749.0,82136.5,424065.1,570056.1,134987.6,649948.0,436498.0,416335.3,423605.5,443309.3,469264.7,470194.0,206720.3,383389.4,240103.2
2868,39118,52.1333,11.6167,Sachsen-Anhalt,ST,Landeshauptstadt Magdeburg,15003.0,"(52.1333, 11.6167)",372497.5,348532.3,88418.3,419848.3,576337.9,128505.8,645731.3,442779.8,412118.5,419388.7,439092.5,475546.5,465977.3,202503.5,379172.6,235886.4
2869,39120,52.0816,11.6212,Sachsen-Anhalt,ST,Landeshauptstadt Magdeburg,15003.0,"(52.0816, 11.6212)",361419.9,358975.6,77340.6,430291.7,565260.3,134680.7,656174.6,431702.1,422561.8,429832.1,449535.9,464468.8,476420.6,212946.9,389616.0,246329.7
