,zipcode,lat,long,state,state_code,community_name,community_code,coor,AKB Kitzingen,AKB Dortmund,AKB Zörbig,AKB Schöneck,AKB Buch,Mosolf Etzin,Mosolf Kippenheim,BLG Kelheim,BLG Duisburg,BLG Neuss,Carservice Erkens,ARS Altmann Wolnzach,CAT Zülpich,Autohaus Siebrecht,Neu: FleetParQ Essen ,Neu: FleetParQ Kassel
7364,93049,49.0153,12.0577,Bayern,BY,Regensburg,9362.0,"(49.0153, 12.0577)",197908.6,560995.3,359204.7,330309.0,235485.7,486660.6,430451.7,20107.3,564963.9,546066.5,598104.4,66105.4,534748.8,459859.9,571493.2,405907.2
7365,93051,49.0007,12.0734,Bayern,BY,Regensburg,9362.0,"(49.0007, 12.0734)",198051.7,561138.3,361638.1,330452.1,233756.6,489094.0,430594.7,17891.3,565106.9,546209.6,598247.4,64376.2,534891.9,460002.9,571636.2,406050.2
7366,93053,48.9965,12.1202,Bayern,BY,Regensburg,9362.0,"(48.9965, 12.1202)",199664.7,562751.4,365109.0,332065.1,237486.3,492564.9,432207.8,22107.9,566720.0,547822.6,599860.5,68106.0,536504.9,461616.0,573249.3,407663.3
7367,93055,49.0143,12.1427,Bayern,BY,Regensburg,9362.0,"(49.0143, 12.1427)",204514.2,567600.8,362420.1,336914.6,242335.7,489876.1,437057.2,26957.3,571569.4,552672.0,604709.9,72955.4,541354.3,466465.4,578098.7,412512.7
7368,93057,49.0499,12.1006,Bayern,BY,Regensburg,9362.0,"(49.0499, 12.1006)",198030.7,561117.3,355849.9,330431.1,240333.1,483305.8,430573.7,24954.7,565085.9,546188.5,598226.4,70952.7,534870.9,459981.9,571615.2,406029.2
7369,93059,49.0312,12.1022,Bayern,BY,Regensburg,9362.0,"(49.0312, 12.1022)",196754.5,559841.1,356496.9,329154.9,239397.1,483952.9,429297.5,24018.7,563809.7,544912.3,596950.2,70016.8,533594.7,458705.7,570339.0,404753.0
7370,93073,48.9874,12.201,Bayern,BY,Landkreis Regensburg,9375.0,"(48.9874, 12.201)",206326.0,569412.6,373555.9,338726.4,244147.5,501011.8,438869.0,28769.1,573381.2,554483.8,606521.7,74767.2,543166.1,468277.2,579910.5,414324.5
7371,93077,48.9375,12.0449,Bayern,BY,Landkreis Kelheim,9273.0,"(48.9375, 12.0449)",201806.7,564893.3,368413.4,334207.1,229053.2,495869.3,434349.7,11427.8,568861.9,549964.6,602002.4,59672.9,538646.9,463758.0,575391.2,409805.2
7372,93080,48.9834,12.0587,Bayern,BY,Landkreis Regensburg,9375.0,"(48.9834, 12.0587)",197907.2,560993.9,364513.9,330307.6,232012.5,491969.9,430450.2,16147.2,564962.4,546065.1,598103.0,62632.1,534747.4,459858.5,571491.8,405905.8
7373,93083,48.9667,12.1667,Bayern,BY,Landkreis Regensburg,9375.0,"(48.9667, 12.1667)",206551.7,569638.4,373781.6,338952.1,233450.2,501237.5,439094.7,21848.8,573606.9,554709.6,606747.5,64069.8,543391.9,468503.0,580136.2,414550.3
7374,93086,49.0009,12.4054,Bayern,BY,Landkreis Regensburg,9375.0,"(49.0009, 12.4054)",221401.3,584487.9,388631.2,353801.7,259222.8,516087.1,453944.3,43844.4,588456.5,569559.2,621597.0,89842.5,558241.5,483352.5,594985.8,429399.8
7375,93087,48.9167,12.2,Bayern,BY,Landkreis Regensburg,9375.0,"(48.9167, 12.2)",212673.5,575760.2,379280.2,345073.9,234703.7,506736.1,445216.5,24622.9,579728.7,560831.4,612869.3,65323.3,549513.7,474624.8,586258.0,420672.1
7376,93089,48.872,12.2821,Bayern,BY,Landkreis Regensburg,9375.0,"(48.872, 12.2821)",228264.3,591350.9,395494.2,360664.7,247495.5,522950.1,460807.3,43219.9,595319.5,576422.2,628460.0,78115.1,565104.5,490215.5,601848.8,436262.8
7377,93090,49.0217,12.3037,Bayern,BY,Landkreis Regensburg,9375.0,"(49.0217, 12.3037)",223211.9,586298.6,374354.6,355612.3,261033.5,501810.5,455754.9,45655.1,590267.1,571369.8,623407.7,91653.1,560052.1,485163.2,596796.5,431210.5
7378,93092,49.0,12.2,Bayern,BY,Landkreis Regensburg,9375.0,"(49.0, 12.2)",205853.1,568939.7,373083.0,338253.5,243674.6,500538.9,438396.1,28296.2,572908.3,554010.9,606048.8,74294.3,542693.2,467804.3,579437.6,413851.6
7379,93093,49.0326,12.2046,Bayern,BY,Landkreis Regensburg,9375.0,"(49.0326, 12.2046)",210134.0,573220.7,367362.5,342534.4,247955.6,494818.4,442677.1,32577.2,577189.3,558291.9,610329.8,78575.2,546974.2,472085.3,583718.6,418132.6
7380,93095,48.9,12.2167,Bayern,BY,Landkreis Regensburg,9375.0,"(48.9, 12.2167)",215844.9,578931.6,383074.8,348245.3,243234.5,510530.8,448387.9,28640.3,582900.1,564002.8,616040.7,73854.2,552685.1,477796.2,589429.5,423843.5
7381,93096,48.9333,12.2,Bayern,BY,Landkreis Regensburg,9375.0,"(48.9333, 12.2)",210786.1,573872.7,378016.0,343186.5,233722.3,505471.9,443329.1,23641.6,577841.3,558944.0,610981.8,64342.0,547626.3,472737.3,584370.6,418784.6
7382,93098,48.9536,12.2421,Bayern,BY,Landkreis Regensburg,9375.0,"(48.9536, 12.2421)",212591.1,575677.8,379821.0,344991.5,237701.7,507276.9,445134.1,35034.2,579646.3,560749.0,612786.8,68321.4,549431.3,474542.4,586175.6,420589.6
7383,93099,48.8935,12.3736,Bayern,BY,Landkreis Regensburg,9375.0,"(48.8935, 12.3736)",228729.1,591815.8,395959.0,361129.5,266977.9,523415.0,461272.1,51172.3,595784.3,576887.0,628924.9,81525.4,565569.3,490680.4,602313.7,436727.7
7384,93101,48.8582,12.2274,Bayern,BY,Landkreis Regensburg,9375.0,"(48.8582, 12.2274)",220234.5,583321.2,387464.4,352634.9,242780.9,514920.4,452777.5,38505.3,587289.7,568392.4,620430.3,73400.5,557074.7,482185.8,593819.1,428233.1
7385,93102,48.9631,12.3825,Bayern,BY,Landkreis Regensburg,9375.0,"(48.9631, 12.3825)",219868.6,582955.2,387098.5,352269.0,257690.1,514554.4,452411.6,42311.7,586923.8,568026.4,620064.3,88309.8,556708.8,481819.8,593453.1,427867.1
7386,93104,48.8976,12.35065,Bayern,BY,Landkreis Regensburg,9375.0,"(48.8976, 12.35065)",225785.4,588872.1,393015.3,358185.8,267123.5,520471.3,458328.4,48228.6,592840.6,573943.3,625981.2,78778.0,562625.6,487736.7,599370.0,433784.0
7387,93105,49.0239,12.173,Bayern,BY,Landkreis Regensburg,9375.0,"(49.0239, 12.173)",207121.8,570208.5,364448.4,339522.2,244943.4,491904.3,439664.8,29565.0,574177.0,555279.7,607317.6,75563.0,543962.0,469073.1,580706.4,415120.4
7388,93107,48.9117,12.155,Bayern,BY,Landkreis Regensburg,9375.0,"(48.9117, 12.155)",208978.5,572065.1,375585.2,341378.9,231008.6,503041.1,441521.5,20927.9,576033.7,557136.3,609174.2,61628.3,545818.6,470929.7,582563.0,416977.0
7389,93109,49.0167,12.3833,Bayern,BY,Landkreis Regensburg,9375.0,"(49.0167, 12.3833)",219986.4,583073.1,387216.3,352386.8,257808.0,514672.2,452529.4,42429.6,587041.6,568144.3,620182.2,88427.6,556826.6,481937.7,593570.9,427985.0
7390,93128,49.1201,12.1303,Bayern,BY,Landkreis Regensburg,9375.0,"(49.1201, 12.1303)",193495.1,556581.8,346413.8,325895.5,250851.9,473869.8,441497.5,35473.5,560550.4,541653.0,593690.9,81471.6,530335.3,455446.4,567079.7,401493.7
7391,93133,49.2038,12.0445,Bayern,BY,Landkreis Schwandorf,9376.0,"(49.2038, 12.0445)",186735.3,549822.0,341235.8,319135.7,260321.5,468691.7,419278.3,44943.1,553790.5,534893.2,586931.1,90941.1,523575.5,448686.6,560319.9,394733.9
7392,93138,49.0469,12.0913,Bayern,BY,Landkreis Regensburg,9375.0,"(49.0469, 12.0913)",198068.4,561155.1,355035.0,330468.8,240370.8,482491.0,430611.4,24992.4,565123.6,546226.3,598264.2,70990.5,534908.6,460019.7,571653.0,406067.0
7393,93142,49.1996,12.0923,Bayern,BY,Landkreis Schwandorf,9376.0,"(49.1996, 12.0923)",191406.2,554492.9,340033.4,323806.6,258957.0,467489.3,435117.1,43578.6,558461.4,539564.1,591601.9,89576.6,528246.4,453357.5,564990.7,399404.7
7394,93149,49.1942,12.2674,Bayern,BY,Landkreis Schwandorf,9376.0,"(49.1942, 12.2674)",201758.4,564845.1,344681.8,334158.8,266003.8,472137.7,433964.5,50625.4,568813.6,549916.3,601954.2,96623.5,538598.6,463709.7,575343.0,409757.0
7395,93152,49.0246,11.9613,Bayern,BY,Landkreis Regensburg,9375.0,"(49.0246, 11.9613)",185263.6,548350.3,365659.3,317664.0,245518.3,493115.3,417806.6,30139.9,552318.8,533421.5,585459.4,76137.9,522103.8,447214.9,558848.1,393262.2
7396,93155,49.0383,11.8522,Bayern,BY,Landkreis Regensburg,9375.0,"(49.0383, 11.8522)",187608.4,550695.1,368004.1,320008.8,252664.2,495460.1,420151.4,23043.4,554663.6,535766.3,587804.2,83283.9,524448.6,449559.7,561192.9,395606.9
7397,93158,49.2229,12.0873,Bayern,BY,Landkreis Schwandorf,9376.0,"(49.2229, 12.0873)",199880.8,562967.5,337003.2,332281.2,263339.5,464459.1,432086.9,47961.0,566936.0,548038.7,600076.6,93959.1,536721.0,461832.1,573465.4,407879.4
7398,93161,49.0,12.0333,Bayern,BY,Landkreis Regensburg,9375.0,"(49.0, 12.0333)",193554.1,556640.7,365809.0,325954.5,238743.3,493264.9,426097.1,23364.9,560609.3,541711.9,593749.8,69362.9,530394.3,455505.3,567138.6,401552.6
7399,93164,49.0836,11.89275,Bayern,BY,Landkreis Regensburg,9375.0,"(49.0836, 11.89275)",176699.8,539786.4,357095.5,309100.2,253733.6,484551.4,409242.8,38355.2,543755.0,524857.6,576895.5,84353.3,513540.0,438651.0,550284.3,384698.3
7400,93167,49.0975,12.488,Bayern,BY,Cham,9372.0,"(49.0975, 12.488)",235911.9,598998.5,369642.4,368312.3,273733.4,497098.3,468454.9,58355.0,602967.1,584069.8,636107.6,104353.1,572752.1,497863.1,609496.4,443910.4
7401,93170,49.0912,12.2474,Bayern,BY,Landkreis Regensburg,9375.0,"(49.0912, 12.2474)",210512.9,573599.5,368332.1,342913.3,252815.3,495788.0,443055.9,37436.9,577568.1,558670.8,610708.6,83435.0,547353.1,472464.2,584097.4,418511.4
7402,93173,49.0756,12.1995,Bayern,BY,Landkreis Regensburg,9375.0,"(49.0756, 12.1995)",206486.2,569572.8,364305.4,338886.6,248788.6,491761.3,439029.2,33410.2,573541.4,554644.1,606681.9,79408.3,543326.4,468437.4,580070.7,414484.7
7403,93176,49.0952,11.8097,Bayern,BY,Landkreis Regensburg,9375.0,"(49.0952, 11.8097)",176444.3,539531.0,356840.0,308844.7,230628.3,484296.0,408987.3,31069.7,543499.5,524602.2,576640.1,90817.2,513284.5,438395.6,550028.8,384442.9
7404,93177,49.1,12.3,Bayern,BY,Landkreis Regensburg,9375.0,"(49.1, 12.3)",217415.5,580502.2,359001.9,349815.9,259718.0,486457.9,449958.6,44339.6,584470.8,565573.4,617611.3,90337.6,554255.7,479366.8,591000.1,425414.1
7405,93179,49.0667,12.4,Bayern,BY,Landkreis Regensburg,9375.0,"(49.0667, 12.4)",232484.9,595571.5,363908.1,364885.3,270306.4,491364.0,465027.9,54928.0,599540.1,580642.7,632680.6,100926.1,569325.1,494436.1,606069.4,440483.4
7406,93180,49.0372,11.9104,Bayern,BY,Landkreis Regensburg,9375.0,"(49.0372, 11.9104)",187879.5,550966.2,368275.2,320279.9,248134.2,495731.2,420422.5,32755.7,554934.7,536037.4,588075.2,78753.8,524719.7,449830.8,561464.0,395878.0
7407,93182,49.1167,11.9167,Bayern,BY,Landkreis Regensburg,9375.0,"(49.1167, 11.9167)",179749.9,542836.5,360145.6,312150.3,256357.8,487601.5,412292.9,40979.3,546805.1,527907.7,579945.6,86977.4,516590.1,441701.1,553334.4,387748.4
7408,93183,49.1547,11.9791,Bayern,BY,Landkreis Regensburg,9375.0,"(49.1547, 11.9791)",179871.2,542957.9,350389.5,312271.6,279801.5,477845.4,412414.2,48937.2,546926.4,528029.1,580067.0,94935.3,516711.4,441822.5,553455.8,387869.8
7409,93185,49.1229,12.5528,Bayern,BY,Cham,9372.0,"(49.1229, 12.5528)",229107.7,592194.4,366230.1,361508.1,279730.7,493686.0,461313.8,64352.3,596162.9,577265.6,629303.5,110350.4,565947.9,491059.0,602692.3,437106.3
7410,93186,49.0607,12.0078,Bayern,BY,Landkreis Regensburg,9375.0,"(49.0607, 12.0078)",197322.7,560409.4,364825.2,329723.1,245955.8,492281.2,429865.8,30577.4,564378.0,545480.6,597518.5,76575.5,534162.9,459274.0,570907.3,405321.3
7411,93188,49.0723,11.957,Bayern,BY,Landkreis Regensburg,9375.0,"(49.0723, 11.957)",183026.9,546113.5,370526.6,315427.3,253208.5,497982.5,415569.9,37830.1,550082.1,531184.7,583222.6,83828.2,519867.1,444978.1,556611.4,391025.4
7412,93189,49.1833,12.35,Bayern,BY,Cham,9372.0,"(49.1833, 12.35)",210993.1,574079.8,348115.5,343393.5,270121.1,475571.4,443199.2,54742.7,578048.4,559151.0,611188.9,100740.8,547833.3,472944.4,584577.7,418991.7
7413,93191,49.0667,12.45,Bayern,BY,Cham,9372.0,"(49.0667, 12.45)",230599.1,593685.7,371223.4,362999.5,268420.6,498679.3,463142.1,53042.2,597654.3,578756.9,630794.8,99040.3,567439.3,492550.3,604183.6,438597.6
7414,93192,49.15,12.35,Bayern,BY,Cham,9372.0,"(49.15, 12.35)",211490.1,574576.7,352639.8,343890.5,264389.9,480095.7,443696.1,49011.5,578545.3,559647.9,611685.8,95009.5,548330.3,473441.3,585074.6,419488.6
7415,93194,49.1833,12.3833,Bayern,BY,Cham,9372.0,"(49.1833, 12.3833)",214058.8,577145.5,351181.2,346459.2,272796.6,478637.1,446264.9,57418.2,581114.0,562216.7,614254.6,103416.3,550899.0,476010.1,587643.3,422057.4
7416,93195,49.1073,11.9781,Bayern,BY,Landkreis Regensburg,9375.0,"(49.1073, 11.9781)",184419.3,547505.9,362127.6,316819.7,252396.3,489583.5,416962.3,37017.9,551474.5,532577.1,584615.0,83015.9,521259.4,446370.5,558003.8,392417.8
7417,93197,49.0785,12.1117,Bayern,BY,Landkreis Regensburg,9375.0,"(49.0785, 12.1117)",201414.5,564501.2,351655.8,333814.9,243717.0,479111.7,433957.6,28338.6,568469.8,549572.4,601610.3,74336.6,538254.7,463365.8,574999.1,409413.1
7418,93199,49.1444,12.4141,Bayern,BY,Cham,9372.0,"(49.1444, 12.4141)",216411.2,579497.9,359334.6,348811.6,269145.6,486790.5,448617.3,53767.1,583466.4,564569.1,616607.0,99765.2,553251.4,478362.5,589995.7,424409.8
7419,93309,48.9173,11.8862,Bayern,BY,Landkreis Kelheim,9273.0,"(48.9173, 11.8862)",215412.5,578499.2,382019.2,347812.9,212891.2,509475.2,431071.2,5350.8,582467.7,563570.4,615608.3,53250.9,552252.7,477363.8,588997.1,423411.1
7420,93326,48.8168,11.8498,Bayern,BY,Landkreis Kelheim,9273.0,"(48.8168, 11.8498)",228175.2,591261.8,394781.9,360575.6,198158.1,522237.8,416114.2,13506.8,595230.4,576333.0,628370.9,35086.1,565015.4,490126.4,601759.7,436173.7
7421,93333,48.8071,11.7695,Bayern,BY,Landkreis Kelheim,9273.0,"(48.8071, 11.7695)",206673.3,569760.0,387031.3,339073.7,192616.0,514487.2,427824.8,22014.1,573728.5,554831.2,606869.1,39972.9,543513.5,468624.6,580257.9,414671.9
7422,93336,48.8992,11.652,Bayern,BY,Eichstätt,9176.0,"(48.8992, 11.652)",192110.8,555197.5,372468.7,324511.2,196812.4,499924.7,413262.2,31593.1,559166.0,540268.7,592306.6,53444.3,528951.0,454062.1,565695.3,400109.4
7423,93339,48.9638,11.6888,Bayern,BY,Landkreis Kelheim,9273.0,"(48.9638, 11.6888)",192133.6,555220.2,372491.5,324534.0,209542.1,499947.4,413285.0,21665.5,559188.8,540291.4,592329.3,66174.0,528973.7,454084.8,565718.1,400132.1
7424,93342,48.9,11.9333,Bayern,BY,Landkreis Kelheim,9273.0,"(48.9, 11.9333)",211156.2,574242.8,377762.9,343556.6,208161.0,505218.8,443699.2,0.0,578211.4,559314.1,611351.9,48520.7,547996.4,473107.5,584740.7,419154.7
7425,93343,48.9347,11.7897,Bayern,BY,Landkreis Kelheim,9273.0,"(48.9347, 11.7897)",201971.9,565058.6,382329.9,334372.3,219380.5,509785.8,423123.4,12557.2,569027.2,550129.8,602167.7,60457.3,538812.1,463923.2,575556.5,409970.5
7426,93345,48.8595,12.0063,Bayern,BY,Landkreis Kelheim,9273.0,"(48.8595, 12.0063)",214639.8,577726.5,381246.5,347040.2,214861.9,508702.5,447182.9,8774.7,581695.1,562797.7,614835.6,45481.5,551480.0,476591.1,588224.4,422638.4
7427,93346,48.9333,11.8667,Bayern,BY,Landkreis Kelheim,9273.0,"(48.9333, 11.8667)",193757.8,556844.4,384220.0,326158.2,215091.9,511675.9,429961.5,7551.5,560813.0,541915.7,593953.5,55451.7,530598.0,455709.1,567342.3,401756.3
7428,93348,48.771,11.9037,Bayern,BY,Landkreis Kelheim,9273.0,"(48.771, 11.9037)",235152.5,598239.2,401759.2,367552.9,203414.8,529215.2,421370.8,18657.9,602207.7,583310.4,635348.3,34034.4,571992.7,497103.8,608737.1,443151.1
7429,93349,48.85,11.65,Bayern,BY,Eichstätt,9176.0,"(48.85, 11.65)",194968.3,558054.9,375326.2,327368.7,191808.1,502782.1,416119.7,34895.7,562023.5,543126.1,595164.0,52854.4,531808.5,456919.5,568552.8,402966.8
7430,93351,48.9973,11.8195,Bayern,BY,Landkreis Kelheim,9273.0,"(48.9973, 11.8195)",185756.7,548843.4,366152.5,318157.1,223836.6,493608.4,418299.7,16612.1,552811.9,533914.6,585952.5,64512.3,522596.9,447708.0,559341.3,393755.3
7431,93352,48.7667,11.9667,Bayern,BY,Landkreis Kelheim,9273.0,"(48.7667, 11.9667)",227156.4,590243.1,393763.1,359556.8,212584.8,521219.0,459699.4,17879.8,594211.6,575314.3,627352.2,43204.5,563996.6,489107.7,600740.9,435155.0
7432,93354,48.77245,11.8528,Bayern,BY,Landkreis Kelheim,9273.0,"(48.77245, 11.8528)",233159.1,596245.7,399765.8,365559.5,201421.3,527221.7,419377.4,19375.4,600214.3,581316.9,633354.8,32040.9,569999.3,495110.3,606743.6,441157.6
7433,93356,48.893,12.0117,Bayern,BY,Landkreis Kelheim,9273.0,"(48.893, 12.0117)",208447.2,571533.9,375053.9,340847.6,218732.4,502509.9,440990.3,6451.6,575502.5,556605.1,608643.0,49352.1,545287.4,470398.5,582031.8,416445.8
7434,93358,48.7333,11.8333,Bayern,BY,Landkreis Kelheim,9273.0,"(48.7333, 11.8333)",236900.9,599987.5,403507.6,369301.3,195669.4,530963.5,413625.4,24733.2,603956.1,585058.8,637096.6,26289.0,573741.1,498852.1,610485.4,444899.4
7435,93359,48.7298,11.8985,Bayern,BY,Landkreis Kelheim,9273.0,"(48.7298, 11.8985)",234151.9,597238.6,400758.6,366552.3,202040.5,528214.5,419996.6,25240.9,601207.1,582309.8,634347.7,32660.2,570992.1,496103.2,607736.5,442150.5
7436,93413,49.2257,12.655,Bayern,BY,Cham,9372.0,"(49.2257, 12.655)",233727.8,596814.5,352409.2,366128.2,321526.4,479865.1,465933.9,80599.9,600783.0,581885.7,633923.6,126597.9,570568.0,495679.1,607312.4,441726.4
7437,93426,49.1943,12.5196,Bayern,BY,Cham,9372.0,"(49.1943, 12.5196)",220053.7,583140.3,357176.0,352454.1,283728.3,484632.0,452259.7,68349.9,587108.9,568211.5,620249.4,114348.0,556893.8,482004.9,593638.2,428052.2
7438,93437,49.3095,12.8416,Bayern,BY,Cham,9372.0,"(49.3095, 12.8416)",251157.8,614244.5,365008.7,383558.2,337937.9,492464.7,483363.9,97011.4,618213.1,599315.7,651353.6,143009.4,587998.0,513109.1,624742.4,459156.4
7439,93444,49.1765,12.8552,Bayern,BY,Cham,9372.0,"(49.1765, 12.8552)",247684.3,610770.9,369380.6,380084.7,331608.9,496836.5,479890.3,93537.8,614739.5,595842.1,647880.0,139535.9,584524.5,509635.5,621268.8,455682.8
7440,93449,49.378,12.7091,Bayern,BY,Cham,9372.0,"(49.378, 12.7091)",230733.1,593819.8,347116.2,363133.5,330326.5,474572.1,462939.2,93864.1,597788.3,578891.0,630928.9,139862.2,567573.3,492684.4,604317.7,438731.7
7441,93453,49.2587,12.9687,Bayern,BY,Cham,9372.0,"(49.2587, 12.9687)",262388.7,625475.4,384085.1,394789.1,349168.8,511541.0,494594.8,108242.3,629443.9,610546.6,662584.5,154240.3,599228.9,524340.0,635973.3,470387.3
7442,93455,49.15,12.65,Bayern,BY,Cham,9372.0,"(49.15, 12.65)",237295.0,600381.7,374417.4,369695.4,311625.6,501873.3,469501.0,84701.6,604350.2,585452.9,637490.8,130699.7,574135.2,499246.3,610879.5,445293.6
7443,93458,49.2988,12.9157,Bayern,BY,Cham,9372.0,"(49.2988, 12.9157)",255776.6,618863.2,377472.9,388177.0,342556.6,504928.8,487982.6,101630.1,622831.8,603934.4,655972.3,147628.2,592616.7,517727.8,629361.1,463775.1
7444,93462,49.1967,13.0505,Bayern,BY,Cham,9372.0,"(49.1967, 13.0505)",267163.1,630249.8,388859.5,399563.5,341077.9,516315.4,499369.2,118484.8,634218.4,615321.0,667358.9,164482.9,604003.3,529114.4,640747.7,475161.7
