,zipcode,lat,long,state,state_code,community_name,community_code,coor,AKB Kitzingen,AKB Dortmund,AKB Zörbig,AKB Schöneck,AKB Buch,Mosolf Etzin,Mosolf Kippenheim,BLG Kelheim,BLG Duisburg,BLG Neuss,Carservice Erkens,ARS Altmann Wolnzach,CAT Zülpich,Autohaus Siebrecht,Neu: FleetParQ Essen ,Neu: FleetParQ Kassel
4920,70771,48.6941,9.1681,Baden-Württemberg,BW,Esslingen,8116.0,"(48.6941, 9.1681)",177305.7,426763.4,512962.9,238628.7,120968.7,640418.8,165988.6,261609.1,430918.8,412021.5,450908.5,225260.6,373490.9,424073.8,437448.1,370121.1
4921,70794,48.657,9.2205,Baden-Württemberg,BW,Esslingen,8116.0,"(48.657, 9.2205)",184101.7,433559.4,519758.9,245424.7,118259.4,647214.8,172784.6,258899.8,437714.8,418817.5,457704.5,222551.3,380286.9,430869.8,444244.1,376917.1
4922,70806,48.8616,9.1857,Baden-Württemberg,BW,Ludwigsburg,8118.0,"(48.8616, 9.1857)",148646.1,410912.0,484303.3,222777.3,153448.1,611759.2,167189.2,296830.5,415067.4,396170.1,434806.0,257740.0,357388.4,395414.2,421596.7,341461.5
4923,70825,48.8167,9.1167,Baden-Württemberg,BW,Ludwigsburg,8118.0,"(48.8167, 9.1167)",155227.0,417493.0,490884.3,229358.3,145292.5,618340.2,159033.7,303411.4,421648.4,402751.0,441386.9,249584.5,363969.3,401995.2,428177.7,348042.4
4924,70839,48.7995,9.0632,Baden-Württemberg,BW,Ludwigsburg,8118.0,"(48.7995, 9.0632)",157149.0,419414.9,492806.2,231280.2,140761.5,620262.1,159404.5,305333.4,423570.3,404673.0,443308.9,245053.5,365891.3,403917.1,430099.6,349964.4
4925,71032,48.6821,9.0117,Baden-Württemberg,BW,Böblingen,8115.0,"(48.6821, 9.0117)",176919.0,426376.8,512576.3,238242.1,136720.6,640032.2,165602.0,277361.0,430532.2,411634.9,450521.9,241012.6,373104.3,423687.2,437061.5,369734.5
4926,71034,48.6902,8.9705,Baden-Württemberg,BW,Böblingen,8115.0,"(48.6902, 8.9705)",178787.3,421646.6,514444.6,233511.9,138588.9,641900.5,160871.8,279229.3,425802.0,406904.6,445791.7,242880.8,368374.0,425555.5,432331.3,371602.8
4927,71063,48.7094,8.9988,Baden-Württemberg,BW,Böblingen,8115.0,"(48.7094, 8.9988)",171564.0,424075.7,507221.3,235941.0,134419.5,634677.2,163300.9,275059.9,428231.1,409333.8,448220.8,238711.5,370803.2,418332.2,434760.4,364379.4
4928,71065,48.7023,9.0219,Baden-Württemberg,BW,Böblingen,8115.0,"(48.7023, 9.0219)",173656.0,423113.7,509313.2,234979.0,133457.5,636769.1,162338.9,274097.9,427269.1,408371.8,447258.8,237749.5,369841.2,420424.1,433798.4,366471.4
4929,71067,48.7233,9.0077,Baden-Württemberg,BW,Böblingen,8115.0,"(48.7233, 9.0077)",170074.0,419534.4,505731.2,231399.7,135173.1,633187.1,158759.6,275813.5,423689.8,404792.5,443679.5,239465.0,366261.9,416842.1,430219.1,362889.4
4930,71069,48.7172,8.9684,Baden-Württemberg,BW,Böblingen,8115.0,"(48.7172, 8.9684)",174341.3,418926.9,509998.5,230792.2,138848.8,637454.4,158152.1,279489.2,423082.3,404185.0,443072.0,243140.7,365654.4,421109.4,429611.6,367156.7
4931,71083,48.5952,8.8665,Baden-Württemberg,BW,Böblingen,8115.0,"(48.5952, 8.8665)",190486.1,434644.6,526143.3,246509.9,150287.6,653599.2,123909.8,290928.0,438800.0,419902.7,458789.7,254579.6,381372.1,437254.2,445329.3,383301.5
4932,71088,48.6397,9.0115,Baden-Württemberg,BW,Böblingen,8115.0,"(48.6397, 9.0115)",183916.7,427742.7,519573.9,239608.0,143718.3,647029.8,166967.9,284358.7,431898.1,413000.7,451887.8,248010.2,374470.1,430684.8,438427.4,376732.1
4933,71093,48.6227,9.0635,Baden-Württemberg,BW,Böblingen,8115.0,"(48.6227, 9.0635)",184361.4,433655.3,520018.6,245520.6,131010.4,647474.5,172880.5,271650.8,437810.7,418913.4,457800.4,235302.3,380382.8,431129.5,444340.1,377176.8
4934,71101,48.6587,9.0601,Baden-Württemberg,BW,Böblingen,8115.0,"(48.6587, 9.0601)",178165.8,427623.5,513823.0,239488.8,133656.2,641278.9,166848.7,274296.6,431778.9,412881.6,451768.6,237948.1,374351.0,424933.9,438308.3,370981.2
4935,71106,48.7447,8.9668,Baden-Württemberg,BW,Böblingen,8115.0,"(48.7447, 8.9668)",170761.4,415347.0,506418.6,227212.3,145296.6,633874.5,154572.3,285937.0,419502.4,400605.1,439492.2,249588.5,362074.5,417529.5,426031.8,363576.8
4936,71111,48.6383,9.1326,Baden-Württemberg,BW,Böblingen,8115.0,"(48.6383, 9.1326)",185061.2,434519.0,520718.5,246384.3,125147.4,648174.4,173744.2,265787.8,438674.4,419777.0,458664.1,229439.4,381246.4,431829.4,445203.7,377876.6
4937,71116,48.6418,8.9007,Baden-Württemberg,BW,Böblingen,8115.0,"(48.6418, 8.9007)",185927.7,430086.2,521584.9,241951.5,145729.3,649040.8,169311.5,286369.7,434241.6,415344.3,454231.3,250021.2,376813.7,432695.8,440771.0,378743.1
4938,71120,48.7083,8.9183,Baden-Württemberg,BW,Böblingen,8115.0,"(48.7083, 8.9183)",175350.8,419936.4,511008.0,231801.7,143703.5,638463.9,159161.6,284343.9,424091.8,405194.5,444081.5,247995.4,366663.9,422118.9,430621.2,368166.2
4939,71126,48.55,8.8167,Baden-Württemberg,BW,Böblingen,8115.0,"(48.55, 8.8167)",200984.6,445143.1,536641.8,257008.4,160786.1,664097.7,118782.8,301426.5,449298.5,430401.2,469288.2,265078.1,391870.6,447752.7,455827.8,393800.0
4940,71131,48.575,8.7865,Baden-Württemberg,BW,Böblingen,8115.0,"(48.575, 8.7865)",200073.3,444231.8,535730.5,256097.1,159874.8,663186.4,116546.1,300515.2,448387.2,429489.9,468376.9,264166.8,390959.3,446841.4,454916.5,392888.7
4941,71134,48.6785,8.8952,Baden-Württemberg,BW,Böblingen,8115.0,"(48.6785, 8.8952)",180212.5,424798.2,515869.8,236663.5,143567.8,643325.7,164023.4,284208.2,428953.6,410056.2,448943.3,247859.7,371525.7,426980.7,435482.9,373028.0
4942,71139,48.6588,8.9412,Baden-Württemberg,BW,Böblingen,8115.0,"(48.6588, 8.9412)",181564.5,425723.0,517221.7,237588.3,141366.0,644677.6,164948.2,282006.5,429878.4,410981.1,449868.1,245658.0,372450.5,428332.6,436407.7,374379.9
4943,71144,48.6667,9.1167,Baden-Württemberg,BW,Böblingen,8115.0,"(48.6667, 9.1167)",182200.0,431657.8,517857.2,243523.1,128304.0,645313.2,170883.0,268944.4,435813.2,416915.8,455802.9,232595.9,378385.2,428968.1,442342.5,375015.4
4944,71149,48.5206,8.837,Baden-Württemberg,BW,Böblingen,8115.0,"(48.5206, 8.837)",202528.2,446686.7,538185.4,258552.0,162329.7,665641.3,118399.7,302970.1,450842.1,431944.8,470831.8,266621.7,393414.2,449296.3,457371.4,395343.6
4945,71154,48.6225,8.8901,Baden-Württemberg,BW,Böblingen,8115.0,"(48.6225, 8.8901)",186911.7,431070.3,522569.0,242935.6,146713.3,650024.9,170295.5,287353.7,435225.7,416328.3,455215.4,251005.2,377797.7,433679.9,441755.0,379727.1
4946,71155,48.6311,8.9963,Baden-Württemberg,BW,Böblingen,8115.0,"(48.6311, 8.9963)",184954.6,428780.5,520611.8,240645.8,144756.1,648067.7,168005.7,285396.5,432935.9,414038.6,452925.6,249048.1,375508.0,431722.7,439465.3,377770.0
4947,71157,48.6242,8.966,Baden-Württemberg,BW,Böblingen,8115.0,"(48.6242, 8.966)",185546.0,429704.5,521203.2,241569.8,145347.5,648659.1,168929.7,285987.9,433859.9,414962.6,453849.6,249639.5,376432.0,432314.1,440389.2,378361.4
4948,71159,48.5332,8.7745,Baden-Württemberg,BW,Böblingen,8115.0,"(48.5332, 8.7745)",209009.7,453168.2,544666.9,265033.5,168811.3,672122.8,112925.1,309451.7,457323.6,438426.3,477313.4,273103.2,399895.7,455777.8,463853.0,401825.1
4949,71229,48.8,9.0167,Baden-Württemberg,BW,Böblingen,8115.0,"(48.8, 9.0167)",159492.6,411012.6,495149.9,222877.9,138257.6,622605.8,150237.8,307677.0,415168.0,396270.7,435157.7,242549.6,357740.1,406260.8,421697.3,352308.1
4950,71254,48.8267,9.067,Baden-Württemberg,BW,Ludwigsburg,8118.0,"(48.8267, 9.067)",154700.1,416966.0,490357.3,228831.3,143214.5,617813.2,156955.6,302884.4,421121.4,402224.0,440860.0,247506.4,363442.3,401468.2,427650.7,347515.5
4951,71263,48.7495,8.8718,Baden-Württemberg,BW,Böblingen,8115.0,"(48.7495, 8.8718)",172946.0,411649.1,508603.2,223514.4,148145.7,636059.1,150874.3,288786.1,415804.5,396907.2,435794.2,252437.7,358376.6,419714.1,422333.8,365761.4
4952,71272,48.7697,8.9387,Baden-Württemberg,BW,Böblingen,8115.0,"(48.7697, 8.9387)",166699.7,411285.3,502356.9,223150.6,141899.4,629812.8,150510.5,282539.8,415440.7,396543.4,435430.4,246191.4,358012.8,413467.8,421970.0,359515.1
4953,71277,48.8081,8.9454,Baden-Württemberg,BW,Böblingen,8115.0,"(48.8081, 8.9454)",169161.2,403880.4,504818.4,215745.7,144361.0,632274.3,143105.6,285001.4,408035.8,389138.5,428025.5,248652.9,350607.9,423503.6,414565.2,369550.8
4954,71282,48.8667,9.0333,Baden-Württemberg,BW,Ludwigsburg,8118.0,"(48.8667, 9.0333)",155313.8,417579.7,490971.0,229445.0,154036.1,618426.9,152780.8,303498.2,421735.1,402837.8,441473.7,258328.0,364056.1,402081.9,428264.4,348129.2
4955,71287,48.8469,8.9283,Baden-Württemberg,BW,Böblingen,8115.0,"(48.8469, 8.9283)",167124.4,406542.1,502781.6,218407.4,148465.4,630237.6,145767.3,315308.8,410697.5,391800.1,430687.2,252757.3,353269.5,413892.5,417226.8,359939.8
4956,71292,48.8333,8.8333,Baden-Württemberg,BW,Enzkreis,8236.0,"(48.8333, 8.8333)",175834.6,396061.2,511491.8,207926.5,151034.4,638947.7,135286.4,291674.8,400216.6,381319.3,420206.3,255326.3,342788.7,415684.4,406746.0,361731.6
4957,71296,48.8066,8.8674,Baden-Württemberg,BW,Enzkreis,8236.0,"(48.8066, 8.8674)",172569.3,400803.8,508226.5,212669.2,147769.1,635682.4,140029.1,288409.5,404959.2,386061.9,424949.0,252061.0,347531.3,420427.0,411488.6,366474.3
4958,71297,48.8667,8.8667,Baden-Württemberg,BW,Enzkreis,8236.0,"(48.8667, 8.8667)",176332.3,396048.0,511989.5,207913.3,151532.0,639445.4,135273.2,292172.4,400203.4,381306.0,420193.1,255824.0,342775.4,415671.1,406732.7,361718.4
4959,71299,48.85,8.8333,Baden-Württemberg,BW,Enzkreis,8236.0,"(48.85, 8.8333)",178293.1,394161.9,513950.3,206027.2,153492.9,641406.3,133387.1,294133.3,398317.3,379419.9,418307.0,257784.8,340889.3,413785.0,404846.6,359832.3
4960,71332,48.8285,9.3131,Baden-Württemberg,BW,Rems-Murr-Kreis,8119.0,"(48.8285, 9.3131)",158488.2,420754.1,489712.6,232619.4,135967.4,617168.5,181521.9,276607.8,424909.5,406012.2,444648.1,240259.3,367230.5,405256.3,431438.9,351303.6
4961,71334,48.843,9.31,Baden-Württemberg,BW,Rems-Murr-Kreis,8119.0,"(48.843, 9.31)",158313.8,420579.7,493971.1,232445.1,137502.8,621427.0,181347.5,278143.2,424735.1,405837.8,444473.7,241794.8,367056.1,405082.0,431264.5,351129.2
4962,71336,48.8333,9.3,Baden-Württemberg,BW,Rems-Murr-Kreis,8119.0,"(48.8333, 9.3)",158257.3,420523.2,493914.5,232388.5,137701.2,621370.4,181291.0,278341.6,424678.6,405781.3,444417.2,241993.1,366999.6,405025.4,431207.9,351072.7
4963,71364,48.8756,9.3982,Baden-Württemberg,BW,Rems-Murr-Kreis,8119.0,"(48.8756, 9.3982)",153611.4,415877.3,489268.6,227742.6,144827.3,616724.5,185583.0,301795.7,420032.7,401135.3,439771.3,249119.2,362353.6,400379.5,426562.0,346426.8
4964,71384,48.8092,9.3774,Baden-Württemberg,BW,Rems-Murr-Kreis,8119.0,"(48.8092, 9.3774)",166477.5,428743.4,484192.4,240608.7,128571.9,611648.4,186653.7,226121.8,432898.8,414001.5,452637.4,232863.9,375219.8,413245.6,439428.2,359292.9
4965,71394,48.8075,9.3224,Baden-Württemberg,BW,Rems-Murr-Kreis,8119.0,"(48.8075, 9.3224)",165652.5,427918.4,487973.0,239783.7,135043.6,615428.9,180846.0,275684.0,432073.8,413176.4,451812.4,239335.5,374394.7,412420.6,438603.1,358467.9
4966,71397,48.8879,9.3927,Baden-Württemberg,BW,Rems-Murr-Kreis,8119.0,"(48.8879, 9.3927)",152907.3,415173.2,462745.7,227038.5,145386.6,590201.6,186338.6,275272.8,419328.6,400431.3,439067.2,249678.5,361649.6,399675.4,425858.0,345722.7
4967,71404,48.843,9.3626,Baden-Württemberg,BW,Rems-Murr-Kreis,8119.0,"(48.843, 9.3626)",159272.9,421538.8,486393.2,233404.1,139794.7,613849.1,185597.1,228322.5,425694.2,406796.9,445432.8,244086.6,368015.2,406041.0,432223.6,352088.3
4968,71409,48.8773,9.3496,Baden-Württemberg,BW,Rems-Murr-Kreis,8119.0,"(48.8773, 9.3496)",151852.5,414118.4,487509.7,225983.7,144132.6,614965.7,181316.6,300036.9,418273.8,399376.5,438012.4,248424.5,360594.8,398620.6,424803.2,344667.9
4969,71522,48.9474,9.4372,Baden-Württemberg,BW,Rems-Murr-Kreis,8119.0,"(48.9474, 9.4372)",147064.3,409330.2,454984.8,221195.5,154109.0,582440.7,198060.3,267512.0,413485.6,394588.2,433224.2,258151.0,355806.5,393832.4,420014.9,339879.7
4970,71540,48.9819,9.5705,Baden-Württemberg,BW,Rems-Murr-Kreis,8119.0,"(48.9819, 9.5705)",149578.5,411844.4,446618.3,223709.7,142333.2,574074.2,209061.8,259145.4,415999.8,397102.5,435738.4,249784.5,358320.7,396346.6,422529.1,342393.9
4971,71543,49.060100000000006,9.3878,Baden-Württemberg,BW,Landkreis Heilbronn,8125.0,"(49.060100000000006, 9.3878)",133355.2,395621.1,469012.4,207486.4,183483.3,596468.4,209857.2,281539.6,399776.5,380879.2,419515.1,272178.7,342097.5,380123.3,406305.9,326170.6
4972,71546,48.9667,9.4,Baden-Württemberg,BW,Rems-Murr-Kreis,8119.0,"(48.9667, 9.4)",142560.4,404826.3,478217.7,216691.7,157398.6,605673.6,193556.5,290744.8,408981.7,390084.4,428720.3,281383.9,351302.7,389328.6,415511.1,335375.8
4973,71549,48.9333,9.5,Baden-Württemberg,BW,Rems-Murr-Kreis,8119.0,"(48.9333, 9.5)",153550.0,415815.9,457172.9,227681.2,155771.3,584628.8,204546.1,269700.0,419971.3,401074.0,439709.9,260339.1,362292.3,400318.1,426500.6,346365.4
4974,71554,48.9301,9.4769,Baden-Württemberg,BW,Rems-Murr-Kreis,8119.0,"(48.9301, 9.4769)",151682.8,413948.7,456953.9,225814.0,153904.1,584409.8,202678.8,269481.0,418104.1,399206.7,437842.7,258196.0,360425.0,398450.9,424633.4,344498.2
4975,71560,49.003,9.5003,Baden-Württemberg,BW,Rems-Murr-Kreis,8119.0,"(49.003, 9.5003)",143323.9,405589.8,445081.1,217455.1,147968.0,572537.0,202807.2,257608.3,409745.2,390847.8,429483.8,248247.3,352066.1,390092.0,416274.5,336139.3
4976,71563,48.9227,9.3236,Baden-Württemberg,BW,Ludwigsburg,8118.0,"(48.9227, 9.3236)",144851.6,407117.5,480508.8,218982.8,151385.3,607964.7,185030.0,293035.9,411272.9,392375.5,431011.5,255677.2,353593.8,391619.7,417802.2,337667.0
4977,71566,48.9156,9.5698,Baden-Württemberg,BW,Rems-Murr-Kreis,8119.0,"(48.9156, 9.5698)",161351.0,423617.0,457032.7,235482.3,132213.2,584488.6,212347.1,269559.8,427772.4,408875.0,447510.9,199983.0,370093.3,408119.2,434301.7,354166.4
4978,71570,48.9827,9.4585,Baden-Württemberg,BW,Rems-Murr-Kreis,8119.0,"(48.9827, 9.4585)",147587.3,409853.2,448923.8,221718.5,160057.5,576379.8,198583.3,261451.0,414008.6,395111.2,433747.2,252090.0,356329.5,394355.4,420537.9,340402.7
4979,71573,48.9066,9.4682,Baden-Württemberg,BW,Rems-Murr-Kreis,8119.0,"(48.9066, 9.4682)",152043.9,414309.8,461280.0,226175.1,131335.8,588735.9,203040.0,273807.1,418465.2,399567.9,438203.8,235627.8,360786.2,398812.0,424994.5,344859.3
4980,71576,48.9281,9.3724,Baden-Württemberg,BW,Rems-Murr-Kreis,8119.0,"(48.9281, 9.3724)",148360.9,410626.8,484018.1,222492.1,151918.6,611474.1,190527.5,296545.3,414782.2,395884.9,434520.8,256210.5,357103.2,395129.0,421311.6,341176.3
4981,71577,49.0537,9.5136,Baden-Württemberg,BW,Rems-Murr-Kreis,8119.0,"(49.0537, 9.5136)",136836.6,406808.2,438094.0,218673.5,193490.6,565549.9,221044.3,250621.1,410963.6,392066.2,430702.2,241260.2,353284.5,400837.6,417492.9,346884.9
4982,71579,49.0408,9.4444,Baden-Württemberg,BW,Rems-Murr-Kreis,8119.0,"(49.0408, 9.4444)",133391.9,395657.8,451005.4,207523.1,154258.5,578461.3,209893.9,263532.6,399813.2,380915.9,419551.8,254171.6,342134.2,380160.0,406342.5,326207.3
4983,71634,48.9076,9.1776,Baden-Württemberg,BW,Ludwigsburg,8118.0,"(48.9076, 9.1776)",143269.2,405535.2,478926.5,217400.5,156599.8,606382.4,170340.9,291453.6,409690.6,390793.2,429429.1,282092.7,352011.5,390037.4,416219.9,336084.7
4984,71636,48.8901,9.1746,Baden-Württemberg,BW,Ludwigsburg,8118.0,"(48.8901, 9.1746)",147898.8,410164.7,483556.0,222030.0,153323.2,611011.9,167064.3,296083.2,414320.1,395422.8,434058.7,257615.1,356641.1,394666.9,420849.4,340714.2
4985,71638,48.8909,9.1898,Baden-Württemberg,BW,Ludwigsburg,8118.0,"(48.8909, 9.1898)",145470.1,407736.0,481127.3,219601.3,154195.5,608583.2,167936.6,293654.5,411891.4,392994.1,431630.0,258487.5,354212.4,392238.2,418420.7,338285.5
4986,71640,48.8924,9.218,Baden-Württemberg,BW,Ludwigsburg,8118.0,"(48.8924, 9.218)",147154.9,409420.9,482812.2,221286.2,156397.7,610268.1,170138.8,295339.3,413576.3,394678.9,433314.9,260689.6,355897.2,393923.1,420105.6,339970.4
4987,71642,48.907,9.2174,Baden-Württemberg,BW,Ludwigsburg,8118.0,"(48.907, 9.2174)",141661.8,403927.7,477319.0,215793.0,159727.9,604774.9,173469.0,289846.1,408083.1,389185.7,427821.7,280485.2,350404.0,388429.9,414612.4,334477.2
4988,71665,48.9356,8.9604,Baden-Württemberg,BW,Ludwigsburg,8118.0,"(48.9356, 8.9604)",162158.8,381546.3,497816.0,193411.6,163480.9,625272.0,142115.7,310343.2,385701.7,366804.4,405691.5,267772.8,328273.8,401169.5,392231.1,347216.8
4989,71672,48.97,9.3286,Baden-Württemberg,BW,Ludwigsburg,8118.0,"(48.97, 9.3286)",142257.5,404523.5,477914.8,216388.8,159791.7,605370.7,186668.8,290441.9,408678.9,389781.5,428417.4,281081.0,350999.8,389025.7,415208.2,335072.9
4990,71679,48.9053,9.135,Baden-Württemberg,BW,Ludwigsburg,8118.0,"(48.9053, 9.135)",145446.1,407712.1,481103.4,219577.4,154582.2,608559.3,168323.4,293630.5,411867.5,392970.1,431606.1,258874.2,354188.4,392214.3,418396.8,338261.6
4991,71686,48.8783,9.2673,Baden-Württemberg,BW,Ludwigsburg,8118.0,"(48.8783, 9.2673)",151058.2,413324.1,486715.4,225189.4,142734.1,614171.3,173793.6,299242.6,417479.5,398582.2,437218.1,247026.1,359800.5,397826.3,424008.8,343873.6
4992,71691,48.932,9.2024,Baden-Württemberg,BW,Ludwigsburg,8118.0,"(48.932, 9.2024)",138018.9,400284.8,473676.2,212150.2,159375.1,601132.1,173116.3,286203.3,404440.2,385542.9,424178.8,276842.4,346761.2,384787.1,410969.6,330834.3
4993,71696,48.8874,9.1269,Baden-Württemberg,BW,Ludwigsburg,8118.0,"(48.8874, 9.1269)",146254.8,408520.7,481912.0,220386.0,152271.4,609368.0,166012.6,294439.2,412676.1,393778.8,432414.7,256563.4,354997.1,393022.9,419205.5,339070.2
4994,71701,48.8764,9.0744,Baden-Württemberg,BW,Ludwigsburg,8118.0,"(48.8764, 9.0744)",150559.0,412824.9,486216.2,224690.2,151278.9,613672.1,156143.5,298743.3,416980.3,398082.9,436718.9,255570.8,359301.2,397327.1,423509.6,343374.4
4995,71706,48.9049,9.0806,Baden-Württemberg,BW,Ludwigsburg,8118.0,"(48.9049, 9.0806)",151735.1,414001.0,487392.3,225866.3,154229.2,614848.2,160156.5,299919.5,418156.4,399259.1,437895.0,258521.2,360477.4,398503.2,424685.7,344550.5
4996,71711,48.963,9.2711,Baden-Württemberg,BW,Ludwigsburg,8118.0,"(48.963, 9.2711)",139916.0,402181.9,475573.2,214047.2,166353.3,603029.1,180094.4,288100.3,406337.3,387440.0,426075.9,278739.4,348658.2,386684.1,412866.6,332731.4
4997,71717,49.0394,9.315,Baden-Württemberg,BW,Landkreis Heilbronn,8125.0,"(49.0394, 9.315)",126848.3,389114.2,462505.5,200979.5,176976.4,589961.4,203350.3,275032.7,393269.6,374372.3,413008.2,265671.7,335590.6,373616.4,399798.9,319663.7
4998,71720,49.0261,9.3208,Baden-Württemberg,BW,Ludwigsburg,8118.0,"(49.0261, 9.3208)",128455.2,390721.1,464112.4,202586.4,174206.6,591568.3,187947.7,276639.6,394876.5,375979.2,414615.1,267278.6,337197.5,375223.3,401405.8,321270.6
4999,71723,49.0015,9.2935,Baden-Württemberg,BW,Ludwigsburg,8118.0,"(49.0015, 9.2935)",133477.6,395743.5,469134.8,207608.8,170732.6,596590.8,184473.7,281662.0,399898.9,381001.6,419637.5,272301.1,342219.9,380245.7,406428.3,326293.0
5000,71726,48.9467,9.2421,Baden-Württemberg,BW,Ludwigsburg,8118.0,"(48.9467, 9.2421)",138921.1,401187.0,474578.3,213052.3,165358.4,602034.2,179099.5,287105.5,405342.4,386445.1,425081.0,277744.5,347663.4,385689.2,411871.7,331736.5
5001,71729,48.9426,9.2962,Baden-Württemberg,BW,Ludwigsburg,8118.0,"(48.9426, 9.2962)",141961.7,404227.7,477619.0,216093.0,154701.5,605074.9,182140.2,290146.1,408383.1,389485.7,428121.7,280785.2,350704.0,388729.9,414912.4,334777.2
