,zipcode,lat,long,state,state_code,community_name,community_code,coor,AKB Kitzingen,AKB Dortmund,AKB Zörbig,AKB Schöneck,AKB Buch,Mosolf Etzin,Mosolf Kippenheim,BLG Kelheim,BLG Duisburg,BLG Neuss,Carservice Erkens,ARS Altmann Wolnzach,CAT Zülpich,Autohaus Siebrecht,Neu: FleetParQ Essen ,Neu: FleetParQ Kassel
1066,18249,53.83426000000001,11.93624,Mecklenburg-Vorpommern,MV,Landkreis Rostock,13072.0,"(53.83426000000001, 11.93624)",680007.9,495139.4,331977.5,644731.8,817449.9,209875.9,870614.7,683891.7,535937.4,560046.1,562911.5,716658.4,612250.9,427387.0,515073.3,460769.9
1067,18258,53.93031428571429,12.101314285714285,Mecklenburg-Vorpommern,MV,Landkreis Rostock,13072.0,"(53.93031428571429, 12.101314285714285)",678404.5,514163.5,330374.2,663755.9,815846.5,208272.6,889638.9,682288.4,554961.6,579070.2,581935.6,715055.1,631275.0,446411.1,534097.5,479794.0
1068,18273,53.7972,12.1734,Mecklenburg-Vorpommern,MV,Landkreis Rostock,13072.0,"(53.7972, 12.1734)",659471.0,543483.3,311440.6,708116.2,796912.9,189339.0,929525.6,663354.8,584281.4,608390.0,611255.4,696121.5,660594.8,488866.4,563417.3,522249.3
1069,18276,53.78429333333334,12.14812,Mecklenburg-Vorpommern,MV,Landkreis Rostock,13072.0,"(53.78429333333334, 12.14812)",661143.0,523432.9,313112.6,709788.2,798585.0,191011.1,931197.7,665026.9,564231.0,588339.6,591205.1,697793.6,640544.4,370246.9,543366.9,403629.8
1070,18279,53.765725,12.3941,Mecklenburg-Vorpommern,MV,Landkreis Rostock,13072.0,"(53.765725, 12.3941)",653122.8,551632.5,305092.4,701768.0,790564.8,182990.9,923177.5,657006.7,592430.5,616539.2,619404.6,689773.4,668744.0,482518.3,571566.5,515901.1
1071,18292,53.6674,12.29515,Mecklenburg-Vorpommern,MV,Landkreis Rostock,13072.0,"(53.6674, 12.29515)",642339.1,562673.3,294308.8,690984.3,779781.1,172207.2,912393.8,646223.0,603471.3,627580.0,630445.4,678989.7,679784.8,471734.6,582607.2,505117.5
1072,18299,53.90804444444445,12.32588888888889,Mecklenburg-Vorpommern,MV,Landkreis Rostock,13072.0,"(53.90804444444445, 12.32588888888889)",665378.1,536323.2,317347.7,714023.3,802820.1,195246.2,935432.8,669262.0,577121.3,601229.9,604095.3,702028.7,653434.7,468570.8,556257.2,501953.7
1073,18311,54.2422,12.4567,Mecklenburg-Vorpommern,MV,Vorpommern-Rügen,13073.0,"(54.2422, 12.4567)",712622.6,550566.2,364592.2,700158.6,850064.6,242490.6,926041.5,716506.4,591364.2,615472.9,618338.3,749273.1,667677.7,482813.8,570500.2,516196.7
1074,18314,54.31334,12.6735,Mecklenburg-Vorpommern,MV,Vorpommern-Rügen,13073.0,"(54.31334, 12.6735)",731155.3,569099.0,383124.9,718691.4,868597.3,261023.4,944574.3,735039.2,609897.0,634005.6,636871.1,767805.9,686210.4,501346.5,589032.9,534729.4
1075,18317,54.3105,12.4994,Mecklenburg-Vorpommern,MV,Vorpommern-Rügen,13073.0,"(54.3105, 12.4994)",721709.3,559652.9,373678.9,709245.4,859151.3,251577.4,935128.3,725593.2,600451.0,624559.6,627425.1,758359.9,676764.4,491900.5,579586.9,525283.4
1076,18320,54.208625,12.600325000000002,Mecklenburg-Vorpommern,MV,Vorpommern-Rügen,13073.0,"(54.208625, 12.600325000000002)",724602.1,562844.8,376571.7,712437.2,862044.1,254470.2,938320.1,728486.0,603642.8,627751.4,630616.9,761252.7,679956.3,495092.4,582778.7,528475.2
1077,18334,54.110842857142856,12.673885714285715,Mecklenburg-Vorpommern,MV,Vorpommern-Rügen,13073.0,"(54.110842857142856, 12.673885714285715)",718142.1,555857.9,370111.7,705450.3,855584.0,248010.1,931333.2,722025.9,596655.9,620764.6,623630.0,754792.6,672969.4,488105.5,575791.9,521488.4
1078,18337,54.1544,12.5726,Mecklenburg-Vorpommern,MV,Vorpommern-Rügen,13073.0,"(54.1544, 12.5726)",714049.0,551764.9,366018.6,701357.3,851491.0,243917.1,927240.2,717932.9,592562.9,616671.5,619537.0,750699.6,668876.4,484012.5,571698.8,517395.3
1079,18347,54.34356666666667,12.399466666666669,Mecklenburg-Vorpommern,MV,Vorpommern-Rügen,13073.0,"(54.34356666666667, 12.399466666666669)",719667.9,557611.6,371637.6,707204.0,857109.9,249536.0,933086.9,723551.8,598409.6,622518.2,625383.7,756318.5,674723.1,489859.2,577545.5,523242.1
1080,18356,54.367466666666665,12.667066666666663,Mecklenburg-Vorpommern,MV,Vorpommern-Rügen,13073.0,"(54.367466666666665, 12.667066666666663)",737012.0,574955.7,388981.7,724548.1,874454.0,266880.1,950431.0,740895.9,615753.7,639862.3,642727.8,773662.6,692067.2,507203.3,594889.6,540586.2
1081,18374,54.4357,12.6888,Mecklenburg-Vorpommern,MV,Vorpommern-Rügen,13073.0,"(54.4357, 12.6888)",746906.7,584850.4,398876.3,734442.8,884348.7,276774.8,960325.7,750790.6,625648.4,649757.0,652622.5,783557.3,701961.9,517098.0,604784.3,550480.8
1082,18375,54.42313333333333,12.570433333333334,Mecklenburg-Vorpommern,MV,Vorpommern-Rügen,13073.0,"(54.42313333333333, 12.570433333333334)",738097.6,576041.2,390067.2,725633.6,875539.5,267965.6,951516.5,741981.4,616839.2,640947.9,643813.3,774748.1,693152.7,508288.8,595975.2,541671.7
1083,18435,54.3272,13.0642,Mecklenburg-Vorpommern,MV,Vorpommern-Rügen,13073.0,"(54.3272, 13.0642)",776620.0,614335.8,428589.6,763928.2,914062.0,306488.0,989811.2,780503.8,655133.9,679242.5,682107.9,813270.5,731447.3,546583.4,634269.8,579966.3
1084,18437,54.3041,13.046,Mecklenburg-Vorpommern,MV,Vorpommern-Rügen,13073.0,"(54.3041, 13.046)",773283.0,610998.8,425252.6,760591.2,910725.0,303151.1,986474.2,777166.8,651796.9,675905.5,678770.9,809933.6,728110.3,543246.4,630932.8,576629.3
1085,18439,54.3024,13.0928,Mecklenburg-Vorpommern,MV,Vorpommern-Rügen,13073.0,"(54.3024, 13.0928)",772089.5,609805.4,424059.1,759397.8,909531.5,301957.6,985280.7,775973.4,650603.4,674712.0,677577.5,808740.1,726916.9,542052.9,629739.3,575435.8
1086,18442,54.287055555555554,12.945333333333332,Mecklenburg-Vorpommern,MV,Vorpommern-Rügen,13073.0,"(54.287055555555554, 12.945333333333332)",749727.6,587443.4,401697.2,737035.8,887169.6,279595.6,962918.8,753611.4,628241.4,652350.1,655215.5,786378.1,704554.9,519691.0,607377.4,553073.9
1087,18445,54.36995,12.997566666666666,Mecklenburg-Vorpommern,MV,Vorpommern-Rügen,13073.0,"(54.36995, 12.997566666666666)",754304.5,592248.1,406274.1,741840.5,891746.5,284172.6,967723.5,758188.4,633046.2,657154.8,660020.2,790955.1,709359.6,524495.7,612182.1,557878.6
1088,18461,54.19196,12.8543,Mecklenburg-Vorpommern,MV,Vorpommern-Rügen,13073.0,"(54.19196, 12.8543)",733460.7,571176.5,385430.3,720768.9,870902.6,263328.7,946651.8,737344.5,611974.5,636083.2,638948.6,770111.2,688288.0,503424.1,591110.5,536807.0
1089,18465,54.1285,12.7701,Mecklenburg-Vorpommern,MV,Vorpommern-Rügen,13073.0,"(54.1285, 12.7701)",725395.1,563110.9,377364.7,712703.3,862837.1,255263.1,938586.3,729278.9,603908.9,628017.6,630883.0,762045.6,680222.4,495358.5,583044.9,528741.4
1090,18469,54.28695,12.80065,Mecklenburg-Vorpommern,MV,Vorpommern-Rügen,13073.0,"(54.28695, 12.80065)",736845.3,574789.0,388815.0,724381.4,874287.3,266713.4,950264.3,740729.2,615587.0,639695.6,642561.1,773495.9,691900.5,507036.6,594722.9,540419.4
1091,18507,54.1122,13.0405,Mecklenburg-Vorpommern,MV,Vorpommern-Rügen,13073.0,"(54.1122, 13.0405)",738617.4,576333.3,390587.0,725925.7,876059.4,268485.5,951808.6,742501.3,617131.3,641239.9,644105.4,775268.0,693444.8,508580.8,596267.2,541963.7
1092,18510,54.1898,13.0739,Mecklenburg-Vorpommern,MV,Vorpommern-Rügen,13073.0,"(54.1898, 13.0739)",756856.8,594572.7,408826.4,744165.1,894298.8,286724.9,970048.0,760740.7,635370.7,659479.3,662344.8,793507.4,711684.2,526820.3,614506.6,560203.1
1093,18513,54.060516666666665,12.896216666666668,Mecklenburg-Vorpommern,MV,Vorpommern-Rügen,13073.0,"(54.060516666666665, 12.896216666666668)",730992.4,568708.2,382962.0,718300.6,868434.4,260860.5,944183.6,734876.3,609506.3,633614.9,636480.3,767643.0,685819.7,500955.8,588642.2,534338.7
1094,18516,54.0762,13.1333,Mecklenburg-Vorpommern,MV,Vorpommern-Rügen,13073.0,"(54.0762, 13.1333)",746602.1,584317.9,398571.7,733910.3,884044.1,276470.2,959793.3,750486.0,625116.0,649224.6,652090.0,783252.7,701429.4,516565.5,604251.9,549948.4
1095,18519,54.188516666666665,13.213883333333332,Mecklenburg-Vorpommern,MV,Vorpommern-Rügen,13073.0,"(54.188516666666665, 13.213883333333332)",759633.9,597349.7,411603.5,746942.1,897075.8,289501.9,972825.0,763517.7,638147.7,662256.4,665121.8,796284.4,714461.2,529597.3,617283.7,562980.2
1096,18528,54.4489,13.4416,Mecklenburg-Vorpommern,MV,Vorpommern-Rügen,13073.0,"(54.4489, 13.4416)",803042.2,640758.0,455011.8,790350.4,940484.2,332910.3,1016233.4,806926.1,681556.1,705664.7,708530.1,839692.8,757869.5,573005.6,660692.0,606388.5
1097,18546,54.5127,13.62,Mecklenburg-Vorpommern,MV,Vorpommern-Rügen,13073.0,"(54.5127, 13.62)",819623.7,657339.5,471593.3,806931.9,957065.7,349491.8,1032814.9,823507.5,698137.6,722246.2,725111.6,856274.2,774451.0,589587.1,677273.5,622970.0
1098,18551,54.559266666666666,13.543366666666666,Mecklenburg-Vorpommern,MV,Vorpommern-Rügen,13073.0,"(54.559266666666666, 13.543366666666666)",822026.1,659741.9,473995.7,809334.3,959468.0,351894.1,1035217.2,825909.9,700539.9,724648.6,727514.0,858676.6,776853.4,591989.5,679675.8,625372.4
1099,18556,54.63524,13.32832,Mecklenburg-Vorpommern,MV,Vorpommern-Rügen,13073.0,"(54.63524, 13.32832)",826878.8,664594.6,478848.4,814187.0,964320.7,356746.8,1040069.9,830762.6,705392.6,729501.3,732366.7,863529.3,781706.1,596842.2,684528.6,630225.1
1100,18565,54.549,13.1036,Mecklenburg-Vorpommern,MV,Vorpommern-Rügen,13073.0,"(54.549, 13.1036)",820975.5,658691.4,472945.1,808283.8,958417.5,350843.6,1034166.7,824859.4,699489.4,723598.0,726463.5,857626.1,775802.9,590939.0,678625.3,624321.9
1101,18569,54.49176666666667,13.2545,Mecklenburg-Vorpommern,MV,Vorpommern-Rügen,13073.0,"(54.49176666666667, 13.2545)",811566.9,649282.7,463536.5,798875.1,949008.9,341435.0,1024758.1,815450.8,690080.8,714189.4,717054.9,848217.5,766394.2,581530.3,669216.7,614913.2
1102,18573,54.360875,13.229525,Mecklenburg-Vorpommern,MV,Vorpommern-Rügen,13073.0,"(54.360875, 13.229525)",784933.1,622649.0,436902.8,772241.4,922375.1,314801.2,998124.3,788817.0,663447.0,687555.7,690421.1,821583.7,739760.5,554896.6,642582.9,588279.5
1103,18574,54.30664,13.3121,Mecklenburg-Vorpommern,MV,Vorpommern-Rügen,13073.0,"(54.30664, 13.3121)",790974.7,628690.6,442944.3,778283.0,928416.7,320842.8,1004165.9,794858.6,669488.6,693597.2,696462.7,827625.3,745802.1,560938.2,648624.5,594321.0
1104,18581,54.3551,13.4763,Mecklenburg-Vorpommern,MV,Vorpommern-Rügen,13073.0,"(54.3551, 13.4763)",802881.2,640597.1,454850.8,790189.5,940323.2,332749.3,1016072.4,806765.1,681395.1,705503.7,708369.2,839531.8,757708.6,572844.7,660531.0,606227.5
1105,18586,54.335185714285714,13.692142857142857,Mecklenburg-Vorpommern,MV,Vorpommern-Rügen,13073.0,"(54.335185714285714, 13.692142857142857)",824988.3,662704.1,476957.9,812296.5,962430.2,354856.3,1038179.4,828872.1,703502.1,727610.8,730476.2,861638.8,779815.6,594951.7,682638.0,628334.6
1106,18609,54.3833,13.6167,Mecklenburg-Vorpommern,MV,Vorpommern-Rügen,13073.0,"(54.3833, 13.6167)",812952.2,650668.0,464921.8,800260.4,950394.2,342820.3,1026143.4,816836.0,691466.1,715574.7,718440.1,849602.7,767779.5,582915.6,670602.0,616298.5
1107,19053,53.6313,11.4092,Mecklenburg-Vorpommern,MV,Schwerin,13004.0,"(53.6313, 11.4092)",619581.5,447872.7,325600.6,597465.1,811073.0,203499.1,823348.0,677514.9,488670.7,512779.3,515644.8,710281.6,564984.2,380120.3,467806.6,413503.1
1108,19055,53.6441,11.4103,Mecklenburg-Vorpommern,MV,Schwerin,13004.0,"(53.6441, 11.4103)",620746.0,449037.2,336384.8,598629.6,821857.1,214283.2,824512.6,688299.0,489835.3,513943.9,516809.3,721065.7,566148.7,381284.8,468971.2,414667.7
1109,19057,53.6382,11.3766,Mecklenburg-Vorpommern,MV,Schwerin,13004.0,"(53.6382, 11.3766)",618402.1,446693.3,324545.5,596285.7,810017.9,202443.9,822168.6,676459.7,487491.3,511600.0,514465.4,709226.4,563804.8,378940.9,466627.3,412323.8
1110,19059,53.641,11.3905,Mecklenburg-Vorpommern,MV,Schwerin,13004.0,"(53.641, 11.3905)",622190.5,450481.7,326812.0,600074.1,812284.4,204710.5,825957.0,678726.2,491279.7,515388.3,518253.8,711492.9,567593.2,382729.3,470415.6,416112.1
1111,19061,53.5992,11.404,Mecklenburg-Vorpommern,MV,Schwerin,13004.0,"(53.5992, 11.404)",613329.0,441620.2,318377.0,591212.6,803849.4,196275.4,817095.6,670291.2,482418.2,506526.9,509392.3,703057.9,558731.7,373867.8,461554.2,407250.7
1112,19063,53.6007,11.4433,Mecklenburg-Vorpommern,MV,Schwerin,13004.0,"(53.6007, 11.4433)",615361.8,443653.0,320186.8,593245.4,805659.2,198085.2,819128.3,672101.0,484451.0,508559.7,511425.1,704867.7,560764.5,375900.6,463587.0,409283.5
1113,19065,53.6143,11.5405,Mecklenburg-Vorpommern,MV,Ludwigslust-Parchim,13076.0,"(53.6143, 11.5405)",669174.1,469791.4,321143.7,533950.2,806616.1,199042.2,759833.1,673057.9,510589.5,534698.1,537563.5,705824.6,586902.9,316605.4,489725.4,349988.2
1114,19067,53.70076,11.52954,Mecklenburg-Vorpommern,MV,Ludwigslust-Parchim,13076.0,"(53.70076, 11.52954)",675769.3,476386.7,327739.0,540545.4,813211.3,205637.4,766428.4,679653.2,517184.7,541293.4,544158.8,712419.9,593498.2,323200.6,496320.7,356583.5
1115,19069,53.71716666666666,11.3705,Mecklenburg-Vorpommern,MV,Nordwestmecklenburg,13074.0,"(53.71716666666666, 11.3705)",639114.3,467405.5,343173.1,616997.9,828645.5,221071.6,842880.8,695087.4,508203.5,532312.2,535177.6,727854.1,584517.0,399653.1,487339.5,433036.0
1116,19071,53.6855,11.2664,Mecklenburg-Vorpommern,MV,Nordwestmecklenburg,13074.0,"(53.6855, 11.2664)",613195.3,441486.5,333237.2,591078.9,818709.5,211135.6,816961.9,685151.4,482284.6,506393.2,509258.6,717918.1,558598.0,373734.1,461420.5,407117.0
1117,19073,53.584583333333335,11.278833333333331,Mecklenburg-Vorpommern,MV,Ludwigslust-Parchim,13076.0,"(53.584583333333335, 11.278833333333331)",609586.1,437877.3,327044.4,587469.7,812516.8,204942.9,813352.7,678958.7,478675.3,502784.0,505649.4,711725.4,554988.8,370124.9,457811.3,403507.8
1118,19075,53.54696666666666,11.338566666666669,Mecklenburg-Vorpommern,MV,Ludwigslust-Parchim,13076.0,"(53.54696666666666, 11.338566666666669)",606323.0,434614.2,323781.3,584206.6,809253.7,201679.8,810089.5,675695.6,475412.2,499520.9,502386.3,708462.3,551725.7,366861.8,454548.2,400244.7
1119,19077,53.48305,11.426125,Mecklenburg-Vorpommern,MV,Ludwigslust-Parchim,13076.0,"(53.48305, 11.426125)",654228.2,450408.0,306197.8,600000.4,791670.2,184096.3,825883.3,658112.1,491206.0,515314.7,518180.1,690878.8,567519.5,382655.6,470342.0,416038.5
1120,19079,53.51226666666667,11.528033333333331,Mecklenburg-Vorpommern,MV,Ludwigslust-Parchim,13076.0,"(53.51226666666667, 11.528033333333331)",656661.4,452841.2,308631.0,602433.6,794103.4,186529.5,828316.5,660545.3,493639.2,517747.9,520613.3,693312.0,569952.7,385088.8,472775.2,418471.7
1121,19086,53.5515,11.5093,Mecklenburg-Vorpommern,MV,Ludwigslust-Parchim,13076.0,"(53.5515, 11.5093)",660499.0,456678.8,312468.6,606271.2,797941.0,190367.1,832154.1,664382.9,497476.8,521585.4,524450.9,697149.6,573790.3,388926.4,476612.7,422309.2
1122,19089,53.5717,11.68536,Mecklenburg-Vorpommern,MV,Ludwigslust-Parchim,13076.0,"(53.5717, 11.68536)",675520.9,476138.3,327490.5,540297.0,812962.9,205389.0,766179.9,679404.8,516936.3,541044.9,543910.4,712171.5,593249.8,322952.2,496072.2,356335.1
1123,19205,53.68548888888889,11.10962222222222,Mecklenburg-Vorpommern,MV,Nordwestmecklenburg,13074.0,"(53.68548888888889, 11.10962222222222)",611581.4,439872.6,352902.4,589465.0,838374.8,230800.9,815348.0,704816.7,480670.7,504779.3,507644.7,737583.4,556984.1,372120.2,459806.6,405503.1
1124,19209,53.62124,11.17426,Mecklenburg-Vorpommern,MV,Nordwestmecklenburg,13074.0,"(53.62124, 11.17426)",600475.4,428766.6,341796.4,578359.0,827268.8,219694.9,804242.0,693710.7,469564.7,493673.3,496538.7,726477.4,545878.1,361014.2,448700.6,394397.1
1125,19217,53.76030588235295,10.96739411764706,Mecklenburg-Vorpommern,MV,Nordwestmecklenburg,13074.0,"(53.76030588235295, 10.96739411764706)",598679.0,426970.2,368106.4,576562.6,793609.5,246004.9,802445.5,720020.7,467768.2,491876.8,494742.3,752787.4,544081.7,359217.7,446904.1,392600.6
1126,19230,53.414566666666666,11.22529523809524,Mecklenburg-Vorpommern,MV,Ludwigslust-Parchim,13076.0,"(53.414566666666666, 11.22529523809524)",600328.8,428620.0,327341.3,578212.4,812813.6,205239.7,804095.3,679255.5,469418.0,493526.7,496392.1,712022.2,545731.5,360867.6,448554.0,394250.5
1127,19243,53.527433333333335,11.071208333333333,Mecklenburg-Vorpommern,MV,Ludwigslust-Parchim,13076.0,"(53.527433333333335, 11.071208333333333)",588146.7,416437.9,329467.7,566030.3,814940.1,207366.2,791913.3,681382.0,457236.0,481344.6,484210.0,714148.7,533549.4,348685.5,436371.9,382068.4
1128,19246,53.5363,10.9362625,Mecklenburg-Vorpommern,MV,Ludwigslust-Parchim,13076.0,"(53.5363, 10.9362625)",576675.8,404966.9,338159.9,554559.4,771606.3,216058.4,780442.3,690074.1,445765.0,469873.6,472739.1,722840.8,522078.4,337214.5,424900.9,370597.4
1129,19249,53.30645,11.08055,Mecklenburg-Vorpommern,MV,Ludwigslust-Parchim,13076.0,"(53.30645, 11.08055)",509337.2,439784.3,242165.1,487220.8,704267.8,218988.0,713103.8,596526.6,480582.4,504691.0,507556.5,629293.3,556895.8,269876.0,459718.3,303258.9
1130,19258,53.41462727272727,10.782490909090908,Mecklenburg-Vorpommern,MV,Ludwigslust-Parchim,13076.0,"(53.41462727272727, 10.782490909090908)",541008.2,405899.2,356353.3,518891.8,735938.8,234251.7,744774.8,708267.5,446697.2,470805.8,473671.3,741034.2,523010.7,301547.0,425833.1,334929.9
1131,19260,53.4151,10.932683333333337,Mecklenburg-Vorpommern,MV,Ludwigslust-Parchim,13076.0,"(53.4151, 10.932683333333337)",513050.9,414733.7,346608.8,490934.5,707981.5,224507.2,716817.4,698523.0,455531.8,479640.4,482505.8,731289.7,531845.2,273589.7,434667.7,306972.6
1132,19273,53.3364,10.932175,Mecklenburg-Vorpommern,MV,Ludwigslust-Parchim,13076.0,"(53.3364, 10.932175)",498838.0,404403.1,251251.6,476721.6,693768.6,233461.7,702604.6,605613.1,445201.1,469309.7,472175.2,638379.8,521514.6,259376.8,424337.0,292759.7
1133,19288,53.34485454545455,11.418354545454546,Mecklenburg-Vorpommern,MV,Ludwigslust-Parchim,13076.0,"(53.34485454545455, 11.418354545454546)",514761.7,454134.8,302584.4,492645.3,788056.8,180482.9,718528.2,654498.6,494932.9,519041.5,521906.9,687265.3,571246.3,275300.4,474068.8,308683.3
1134,19294,53.22015,11.382364285714283,Mecklenburg-Vorpommern,MV,Ludwigslust-Parchim,13076.0,"(53.22015, 11.382364285714283)",500310.0,370389.4,315374.2,478193.6,695240.6,193272.7,704076.5,587499.3,511707.7,441245.9,538681.7,620266.1,487834.4,260848.8,401029.8,294231.7
1135,19300,53.25668,11.63693,Mecklenburg-Vorpommern,MV,Ludwigslust-Parchim,13076.0,"(53.25668, 11.63693)",534427.5,468636.0,288880.6,501802.4,738267.9,166779.1,727685.3,604709.8,509434.1,533542.7,536408.1,637476.5,585747.5,284457.5,488570.0,317840.4
1136,19303,53.17887142857143,11.220657142857144,Mecklenburg-Vorpommern,MV,Ludwigslust-Parchim,13076.0,"(53.17887142857143, 11.220657142857144)",490373.3,360452.8,223201.2,468256.9,685303.9,208925.0,694139.9,577562.7,465193.5,431309.2,492167.5,610329.4,477897.7,250912.1,391093.1,284295.0
1137,19306,53.37456666666666,11.641266666666668,Mecklenburg-Vorpommern,MV,Ludwigslust-Parchim,13076.0,"(53.37456666666666, 11.641266666666668)",636236.1,453079.8,288205.7,509098.0,773678.1,166104.2,734980.9,640120.0,493877.9,517986.5,520851.9,672886.7,570191.3,291753.1,473013.8,325136.0
1138,19309,53.09681666666666,11.45945,Brandenburg,BB,Landkreis Prignitz,12070.0,"(53.09681666666666, 11.45945)",494889.1,375171.5,229972.9,472772.7,717892.5,183511.1,698655.7,584334.4,479912.2,446027.9,506886.2,617101.1,492616.5,255427.9,405811.8,288810.8
1139,19322,52.997616666666666,11.782333333333334,Brandenburg,BB,Landkreis Prignitz,12070.0,"(52.997616666666666, 11.782333333333334)",494906.6,413852.0,210827.3,484863.5,698747.0,159993.9,710746.4,565188.8,546536.4,484708.4,573510.5,597955.5,531297.0,267518.7,525672.4,300901.6
1140,19336,52.9692,12.0025,Brandenburg,BB,Landkreis Prignitz,12070.0,"(52.9692, 12.0025)",506319.2,472286.4,248903.9,543602.4,710159.6,101681.8,769485.4,576601.4,553066.6,577175.3,580040.7,609368.1,589731.4,326257.6,532202.6,359640.5
1141,19339,52.91526666666667,12.130966666666666,Brandenburg,BB,Landkreis Prignitz,12070.0,"(52.91526666666667, 12.130966666666666)",493910.0,459877.2,209830.8,531193.3,697750.4,95912.1,757076.2,564192.3,523463.5,530733.7,550437.5,596959.0,577322.2,313848.5,490517.6,347231.4
1142,19348,53.13258181818182,11.925281818181816,Brandenburg,BB,Landkreis Prignitz,12070.0,"(53.13258181818182, 11.925281818181816)",514603.9,498436.9,273936.2,504560.8,718444.2,151834.6,730443.7,584886.1,539235.0,563343.6,566209.0,617652.8,615548.4,287216.0,518370.9,320598.8
1143,19357,53.1774,11.674550000000002,Brandenburg,BB,Landkreis Prignitz,12070.0,"(53.1774, 11.674550000000002)",521332.7,475905.1,237253.4,491222.3,725173.0,165619.6,717105.2,591614.9,516703.2,540811.8,543677.2,624381.6,593016.6,273877.4,495839.1,307260.3
1144,19370,53.4263,11.8488,Mecklenburg-Vorpommern,MV,Ludwigslust-Parchim,13076.0,"(53.4263, 11.8488)",627912.7,468091.0,279882.3,524109.1,765354.7,157780.8,749992.0,631796.6,508889.0,532997.6,535863.1,664563.3,585202.5,306764.3,488024.9,340147.2
1145,19372,53.37167,11.80117,Mecklenburg-Vorpommern,MV,Ludwigslust-Parchim,13076.0,"(53.37167, 11.80117)",624001.5,466645.2,275971.1,523121.7,761443.5,153869.6,749004.7,627885.4,507443.2,531551.9,534417.3,660652.1,583756.7,305776.9,486579.1,339159.8
1146,19374,53.51973636363636,11.799618181818182,Mecklenburg-Vorpommern,MV,Ludwigslust-Parchim,13076.0,"(53.51973636363636, 11.799618181818182)",642994.9,471005.9,294964.5,551460.4,780436.9,172863.0,777343.3,646878.8,511804.0,535912.6,538778.0,679645.5,588117.4,334115.6,490939.9,367498.5
1147,19376,53.341725,11.933225,Mecklenburg-Vorpommern,MV,Ludwigslust-Parchim,13076.0,"(53.341725, 11.933225)",613611.6,483719.6,265581.2,529627.5,751053.5,143479.6,883666.2,617495.4,524517.6,548626.3,551491.7,650262.1,600831.1,312282.6,503653.5,345665.5
