,zipcode,lat,long,state,state_code,community_name,community_code,coor,AKB Kitzingen,AKB Dortmund,AKB Zörbig,AKB Schöneck,AKB Buch,Mosolf Etzin,Mosolf Kippenheim,BLG Kelheim,BLG Duisburg,BLG Neuss,Carservice Erkens,ARS Altmann Wolnzach,CAT Zülpich,Autohaus Siebrecht,Neu: FleetParQ Essen ,Neu: FleetParQ Kassel
6068,83131,47.7423,12.1561,Bayern,BY,Landkreis Rosenheim,9187.0,"(47.7423, 12.1561)",344177.3,707264.0,524535.3,476577.7,245075.5,651991.2,463031.6,180609.1,711232.5,692335.2,744373.1,134524.5,681017.5,606128.6,717761.9,552175.9
6069,83132,47.9772,12.39,Bayern,BY,Landkreis Traunstein,9189.0,"(47.9772, 12.39)",338369.8,701456.5,518727.8,470770.2,239268.0,646183.7,457224.1,174801.6,705425.0,686527.7,738565.6,128717.0,675210.0,600321.1,711954.3,546368.4
6070,83134,47.8932,12.2024,Bayern,BY,Landkreis Rosenheim,9187.0,"(47.8932, 12.2024)",347826.6,710913.3,528184.6,480227.0,248724.9,655640.5,466680.9,184258.5,714881.9,695984.5,748022.4,138173.9,684666.8,609777.9,721411.2,555825.2
6071,83135,47.9291,12.1239,Bayern,BY,Landkreis Rosenheim,9187.0,"(47.9291, 12.1239)",319910.9,682997.5,500268.8,452311.3,220809.1,627724.7,438765.1,156342.7,686966.1,668068.7,720106.6,110258.1,656751.1,581862.1,693495.4,527909.4
6072,83137,47.9833,12.25,Bayern,BY,Landkreis Rosenheim,9187.0,"(47.9833, 12.25)",321591.1,684677.7,501949.0,453991.5,222489.3,629404.9,440445.3,158022.9,688646.3,669748.9,721786.8,111938.3,658431.3,583542.3,695175.6,529589.6
6073,83139,47.9312,12.2296,Bayern,BY,Landkreis Rosenheim,9187.0,"(47.9312, 12.2296)",325203.5,688290.1,505561.4,457603.9,226101.7,633017.3,444057.7,161635.3,692258.7,673361.3,725399.2,115550.7,662043.7,587154.7,698788.0,533202.0
6074,83209,47.856,12.3462,Bayern,BY,Landkreis Rosenheim,9187.0,"(47.856, 12.3462)",356476.1,719562.7,536834.0,488876.5,257374.3,664289.9,475330.3,192907.9,723531.3,704633.9,756671.8,146823.3,693316.2,618427.3,730060.6,564474.6
6075,83224,47.78215,12.46845,Bayern,BY,Landkreis Traunstein,9189.0,"(47.78215, 12.46845)",363525.1,726611.8,543883.1,495925.5,264423.3,671339.0,482379.4,199956.9,730580.3,711683.0,763720.9,153872.3,700365.3,625476.4,737109.6,571523.7
6076,83229,47.7769,12.323,Bayern,BY,Landkreis Rosenheim,9187.0,"(47.7769, 12.323)",351978.5,715065.2,532336.5,484378.9,252876.7,659792.4,470832.8,188410.4,719033.7,700136.4,752174.3,142325.7,688818.7,613929.8,725563.1,559977.1
6077,83233,47.8117,12.3757,Bayern,BY,Landkreis Rosenheim,9187.0,"(47.8117, 12.3757)",354640.5,717727.2,534998.5,487040.9,255538.7,662454.4,473494.8,191072.4,721695.7,702798.4,754836.3,144987.7,691480.7,616591.8,728225.1,562639.1
6078,83236,47.8167,12.4833,Bayern,BY,Landkreis Traunstein,9189.0,"(47.8167, 12.4833)",366798.3,729884.9,547156.2,499198.7,267696.5,674612.1,485652.5,203230.1,733853.5,714956.1,766994.0,157145.5,703638.5,628749.5,740382.8,574796.8
6079,83242,47.6587,12.5281,Bayern,BY,Landkreis Traunstein,9189.0,"(47.6587, 12.5281)",381890.6,744977.2,562248.5,514291.0,282788.8,689704.4,500744.8,218322.4,748945.8,730048.4,782086.3,172237.8,718730.7,643841.8,755475.1,589889.1
6080,83246,47.7333,12.4667,Bayern,BY,Landkreis Traunstein,9189.0,"(47.7333, 12.4667)",368405.3,731491.9,548763.2,500805.7,269303.5,676219.2,487259.5,204837.1,735460.5,716563.1,768601.0,158752.5,705245.5,630356.5,741989.8,576403.8
6081,83250,47.7586,12.4622,Bayern,BY,Landkreis Traunstein,9189.0,"(47.7586, 12.4622)",364546.3,727633.0,544904.2,496946.7,265444.5,672360.2,483400.6,200978.1,731601.5,712704.2,764742.1,154893.5,701386.5,626497.6,738130.8,572544.9
6082,83253,47.8808,12.3371,Bayern,BY,Landkreis Rosenheim,9187.0,"(47.8808, 12.3371)",359174.6,722261.3,539532.5,491575.0,260072.8,666988.5,478028.9,195606.4,726229.8,707332.5,759370.4,149521.8,696014.8,621125.9,732759.1,567173.1
6083,83254,47.8895,12.4004,Bayern,BY,Landkreis Rosenheim,9187.0,"(47.8895, 12.4004)",365522.0,728608.7,545880.0,497922.4,266420.2,673335.9,484376.3,201953.9,732577.2,713679.9,765717.8,155869.2,702362.2,627473.3,739106.6,573520.6
6084,83256,47.8667,12.4167,Bayern,BY,Landkreis Rosenheim,9187.0,"(47.8667, 12.4167)",368983.8,732070.4,549341.7,501384.2,269882.0,676797.6,487838.0,205415.6,736039.0,717141.6,769179.5,159331.0,705824.0,630935.0,742568.3,576982.3
6085,83257,47.8845,12.4181,Bayern,BY,Landkreis Rosenheim,9187.0,"(47.8845, 12.4181)",367119.8,730206.5,547477.8,499520.2,268018.0,674933.7,485974.1,203551.6,734175.0,715277.7,767315.6,157467.0,703960.0,629071.1,740704.4,575118.4
6086,83259,47.721,12.3948,Bayern,BY,Landkreis Traunstein,9189.0,"(47.721, 12.3948)",372282.7,735369.4,552640.6,504683.1,273180.9,680096.6,491137.0,208714.5,739337.9,720440.6,772478.5,162629.9,709122.9,634234.0,745867.2,580281.2
6087,83278,47.8682,12.6433,Bayern,BY,Landkreis Traunstein,9189.0,"(47.8682, 12.6433)",380594.2,743680.9,560952.2,512994.6,281492.4,688408.1,499448.5,217026.0,747649.4,728752.1,780790.0,170941.4,717434.4,642545.5,754178.7,588592.8
6088,83301,47.9627,12.5923,Bayern,BY,Landkreis Traunstein,9189.0,"(47.9627, 12.5923)",350448.1,713534.8,530806.1,482848.5,251346.3,658262.0,469302.4,151022.1,717503.3,698606.0,750643.9,140795.3,687288.3,612399.4,724032.7,558446.7
6089,83308,48.0175,12.5346,Bayern,BY,Landkreis Traunstein,9189.0,"(48.0175, 12.5346)",343312.3,706399.0,523670.3,475712.7,244210.5,651126.2,462166.6,141912.0,710367.5,691470.2,743508.1,133659.5,680152.5,605263.6,716896.8,551310.9
6090,83313,47.8228,12.6428,Bayern,BY,Landkreis Traunstein,9189.0,"(47.8228, 12.6428)",376409.0,739495.6,556766.9,508809.4,277307.2,684222.9,495263.3,212840.8,743464.2,724566.9,776604.7,166756.2,713249.2,638360.2,749993.5,584407.5
6091,83317,47.8492,12.8192,Bayern,BY,Berchtesgadener Land,9172.0,"(47.8492, 12.8192)",391560.3,754647.0,571918.3,523960.7,292458.5,699374.2,510414.6,227992.1,758615.5,739718.2,791756.1,181907.5,728400.5,653511.6,765144.9,599558.9
6092,83324,47.7667,12.65,Bayern,BY,Landkreis Traunstein,9189.0,"(47.7667, 12.65)",384583.7,747670.3,564941.6,516984.1,285481.9,692397.5,503437.9,221015.5,751638.9,732741.5,784779.4,174930.9,721423.8,646534.9,758168.2,592582.2
6093,83329,47.9254,12.7253,Bayern,BY,Landkreis Traunstein,9189.0,"(47.9254, 12.7253)",390261.1,753347.8,570619.1,522661.5,291159.3,698075.0,509115.4,167918.3,757316.3,738419.0,790456.9,180608.3,727101.3,652212.4,763845.7,598259.7
6094,83334,47.763,12.7515,Bayern,BY,Landkreis Traunstein,9189.0,"(47.763, 12.7515)",387528.0,750614.7,567886.0,519928.4,288426.3,695341.9,506382.3,223959.9,754583.3,735685.9,787723.8,177875.3,724368.2,649479.3,761112.6,595526.6
6095,83339,47.8926,12.5401,Bayern,BY,Landkreis Traunstein,9189.0,"(47.8926, 12.5401)",375249.6,738336.3,555607.6,507650.0,276147.9,683063.5,494103.9,211681.5,742304.9,723407.5,775445.4,165596.9,712089.8,637200.9,748834.2,583248.2
6096,83342,48.0783,12.5701,Bayern,BY,Landkreis Traunstein,9189.0,"(48.0783, 12.5701)",351102.2,714188.8,531460.1,483502.6,252000.4,658916.0,469956.4,143284.6,718157.4,699260.0,751297.9,141449.4,687942.4,613053.4,724686.7,559100.7
6097,83346,47.8036,12.5828,Bayern,BY,Landkreis Traunstein,9189.0,"(47.8036, 12.5828)",375827.5,738914.2,556185.5,508227.9,276725.8,683641.4,494681.8,212259.4,742882.8,723985.4,776023.3,166174.8,712667.7,637778.8,749412.1,583826.1
6098,83349,48.002,12.637,Bayern,BY,Landkreis Traunstein,9189.0,"(48.002, 12.637)",361647.9,724734.6,511043.4,494048.3,262546.2,638499.4,480502.2,152405.8,728703.2,709805.8,761843.7,151995.2,698488.1,623599.2,735232.5,569646.5
6099,83352,48.0026,12.5367,Bayern,BY,Landkreis Traunstein,9189.0,"(48.0026, 12.5367)",343297.2,706383.8,523655.1,475697.6,244195.4,651111.1,462151.5,143871.2,710352.4,691455.1,743492.9,133644.4,680137.4,605248.4,716881.7,551295.7
6100,83355,47.8453,12.5433,Bayern,BY,Landkreis Traunstein,9189.0,"(47.8453, 12.5433)",369222.1,732308.7,549580.0,501622.5,270120.3,677036.0,488076.4,205653.9,736277.3,717380.0,769417.8,159569.3,706062.3,631173.3,742806.6,577220.6
6101,83358,47.9667,12.4667,Bayern,BY,Landkreis Traunstein,9189.0,"(47.9667, 12.4667)",341446.5,704533.2,521804.5,473846.9,242344.8,649260.4,460300.8,177878.4,708501.8,689604.4,741642.3,131793.8,678286.7,603397.8,715031.1,549445.1
6102,83361,48.0348,12.4633,Bayern,BY,Landkreis Traunstein,9189.0,"(48.0348, 12.4633)",336248.5,699335.2,516606.5,468648.9,237146.7,644062.4,455102.8,139167.3,703303.7,684406.4,736444.3,126595.7,673088.7,598199.8,709833.0,544247.1
6103,83362,47.8667,12.7,Bayern,BY,Landkreis Traunstein,9189.0,"(47.8667, 12.7)",386128.1,749214.8,566486.1,518528.5,287026.3,693942.0,504982.4,222560.0,753183.3,734286.0,786323.9,176475.4,722968.3,648079.4,759712.7,594126.7
6104,83364,47.844,12.7342,Bayern,BY,Berchtesgadener Land,9172.0,"(47.844, 12.7342)",385602.8,748689.5,565960.7,518003.2,286501.0,693416.7,504457.1,222034.6,752658.0,733760.7,785798.5,175950.0,722443.0,647554.1,759187.3,593601.3
6105,83365,47.9056,12.5961,Bayern,BY,Landkreis Traunstein,9189.0,"(47.9056, 12.5961)",381277.8,744364.4,561635.7,513678.2,282176.0,689091.7,500132.1,217709.6,748333.0,729435.7,781473.5,171625.0,718118.0,643229.0,754862.3,589276.3
6106,83367,47.9123,12.8151,Bayern,BY,Landkreis Traunstein,9189.0,"(47.9123, 12.8151)",398770.1,761856.8,579128.1,531170.5,299668.4,706584.0,517624.4,172698.4,765825.4,746928.0,798965.9,189117.4,735610.3,660721.4,772354.7,606768.7
6107,83368,47.9833,12.5667,Bayern,BY,Landkreis Traunstein,9189.0,"(47.9833, 12.5667)",348175.3,711262.0,528533.3,480575.7,249073.5,655989.2,467029.6,148749.3,715230.5,696333.2,748371.1,138522.5,685015.5,610126.6,721759.9,556173.9
6108,83370,47.9667,12.4667,Bayern,BY,Landkreis Traunstein,9189.0,"(47.9667, 12.4667)",341446.5,704533.2,521804.5,473846.9,242344.8,649260.4,460300.8,177878.4,708501.8,689604.4,741642.3,131793.8,678286.7,603397.8,715031.1,549445.1
6109,83371,48.0,12.55,Bayern,BY,Landkreis Traunstein,9189.0,"(48.0, 12.55)",357831.9,720918.6,538189.9,490232.3,258730.1,665645.8,476686.2,152624.4,724887.1,705989.8,758027.7,148179.1,694672.1,619783.2,731416.5,565830.5
6110,83373,47.9594,12.7293,Bayern,BY,Landkreis Traunstein,9189.0,"(47.9594, 12.7293)",395060.0,758146.7,575418.0,527460.4,295958.2,702873.9,513914.3,162822.4,762115.2,743217.9,795255.8,185407.3,731900.2,657011.3,768644.6,603058.6
6111,83374,47.9427,12.6306,Bayern,BY,Landkreis Traunstein,9189.0,"(47.9427, 12.6306)",357221.6,720308.2,537579.5,489622.0,258119.8,665035.5,476075.9,160865.9,724276.8,705379.5,757417.3,147568.8,694061.8,619172.9,730806.1,565220.1
6112,83376,47.9425,12.5049,Bayern,BY,Landkreis Traunstein,9189.0,"(47.9425, 12.5049)",345571.6,708658.2,525929.5,477972.0,246469.8,653385.5,464425.9,154311.6,712626.8,693729.5,745767.3,135918.8,682411.8,607522.9,719156.1,553570.1
6113,83377,47.8426,12.6061,Bayern,BY,Landkreis Traunstein,9189.0,"(47.8426, 12.6061)",374725.4,737812.0,555083.3,507125.8,275623.6,682539.2,493579.6,211157.2,741780.6,722883.2,774921.1,165072.6,711565.5,636676.6,748309.9,582723.9
6114,83379,47.9167,12.7167,Bayern,BY,Landkreis Traunstein,9189.0,"(47.9167, 12.7167)",390019.7,753106.3,570377.6,522420.1,290917.9,697833.6,508874.0,167676.9,757074.9,738177.6,790215.4,180366.9,726859.9,651970.9,763604.2,598018.2
6115,83395,47.8409,12.9811,Bayern,BY,Berchtesgadener Land,9172.0,"(47.8409, 12.9811)",410914.3,774000.9,591272.2,543314.7,311812.5,718728.1,529768.5,182083.7,777969.5,759072.1,811110.0,201261.5,747754.5,672865.5,784498.8,618912.8
6116,83404,47.8131,12.9405,Bayern,BY,Berchtesgadener Land,9172.0,"(47.8131, 12.9405)",406909.4,769996.0,587267.3,539309.8,307807.6,714723.3,525763.7,243341.2,773964.6,755067.3,807105.1,197256.6,743749.6,668860.6,780493.9,614907.9
6117,83410,47.9357,12.9286,Bayern,BY,Berchtesgadener Land,9172.0,"(47.9357, 12.9286)",393274.6,756361.2,527310.9,525675.0,294172.8,654766.8,512128.8,168673.2,760329.8,741432.4,793470.3,183621.8,730114.8,655225.8,766859.1,601273.1
6118,83413,47.9977,12.8263,Bayern,BY,Landkreis Traunstein,9189.0,"(47.9977, 12.8263)",382719.3,745806.0,516755.7,515119.7,283617.5,644211.6,501573.6,158118.0,749774.5,730877.2,782915.1,173066.5,719559.5,644670.6,756303.8,590717.9
6119,83416,47.875,12.9417,Bayern,BY,Berchtesgadener Land,9172.0,"(47.875, 12.9417)",406431.9,769518.5,586789.8,538832.3,307330.1,714245.8,525286.2,177396.8,773487.1,754589.8,806627.6,196779.1,743272.1,668383.1,780016.4,614430.4
6120,83417,47.953,12.8343,Bayern,BY,Landkreis Traunstein,9189.0,"(47.953, 12.8343)",390153.9,753240.5,524190.2,522554.3,291052.1,651646.1,509008.1,165552.5,757209.1,738311.7,790349.6,180501.1,726994.1,652105.1,763738.4,598152.4
6121,83435,47.7295,12.8782,Bayern,BY,Berchtesgadener Land,9172.0,"(47.7295, 12.8782)",404296.3,767383.0,584654.3,536696.7,305194.6,712110.2,523150.6,240728.2,771351.6,752454.2,804492.1,194643.6,741136.5,666247.6,777880.9,612294.9
6122,83451,47.7667,12.9167,Bayern,BY,Berchtesgadener Land,9172.0,"(47.7667, 12.9167)",407225.1,770311.7,587583.0,539625.5,308123.3,715038.9,526079.3,243656.9,774280.3,755382.9,807420.8,197572.3,744065.3,669176.3,780809.6,615223.6
6123,83454,47.8019,12.8581,Bayern,BY,Berchtesgadener Land,9172.0,"(47.8019, 12.8581)",394754.6,757841.2,575112.5,527155.0,295652.8,702568.4,513608.8,231186.4,761809.8,742912.4,794950.3,185101.8,731594.7,656705.8,768339.1,602753.1
6124,83457,47.7167,12.9,Bayern,BY,Berchtesgadener Land,9172.0,"(47.7167, 12.9)",406163.0,769249.6,586520.9,538563.4,307061.2,713976.8,525017.2,242594.8,773218.2,754320.8,806358.7,196510.2,743003.2,668114.2,779747.5,614161.5
6125,83458,47.6833,12.8,Bayern,BY,Berchtesgadener Land,9172.0,"(47.6833, 12.8)",403157.0,766243.6,583514.9,535557.4,304055.2,710970.8,522011.2,239588.8,770212.2,751314.8,803352.7,193504.2,739997.2,665108.2,776741.5,611155.5
6126,83471,47.61645,12.99445,Bayern,BY,Berchtesgadener Land,9172.0,"(47.61645, 12.99445)",428554.9,791641.6,608912.9,560955.3,329453.1,736368.8,547409.2,264986.7,795610.1,776712.8,828750.7,218902.1,765395.1,690506.2,802139.4,636553.5
6127,83483,47.6312,12.983,Bayern,BY,Berchtesgadener Land,9172.0,"(47.6312, 12.983)",419176.7,782263.4,599534.6,551577.1,320074.9,726990.6,538031.0,255608.5,786231.9,767334.6,819372.5,209523.9,756016.9,681128.0,792761.2,627175.3
6128,83486,47.6167,12.9,Bayern,BY,Berchtesgadener Land,9172.0,"(47.6167, 12.9)",411250.8,774337.5,591608.8,543651.2,312149.0,719064.7,530105.1,247682.7,778306.0,759408.7,811446.6,201598.0,748091.0,673202.1,784835.4,619249.4
6129,83487,47.6966,13.0434,Bayern,BY,Berchtesgadener Land,9172.0,"(47.6966, 13.0434)",416485.2,779571.9,596843.2,548885.6,317383.5,724299.1,535339.5,252917.1,783540.5,764643.1,816681.0,206832.5,753325.4,678436.5,790069.8,624483.8
6130,83512,48.0525,12.2234,Bayern,BY,Landkreis Rosenheim,9187.0,"(48.0525, 12.2234)",317020.8,680107.4,497378.7,449421.2,217919.0,624834.7,435875.1,153452.6,684076.0,665178.7,717216.5,107368.0,653861.0,578972.1,690605.3,525019.3
6131,83527,48.1687,12.18795,Bayern,BY,Landkreis Mühldorf am Inn,9183.0,"(48.1687, 12.18795)",308486.3,671573.0,488844.3,440886.7,209384.6,616300.2,427340.6,144918.2,675541.6,656644.2,708682.1,98833.6,645326.5,570437.6,682070.9,516484.9
6132,83530,48.0667,12.3667,Bayern,BY,Landkreis Traunstein,9189.0,"(48.0667, 12.3667)",328067.1,691153.7,508425.0,460467.5,228965.3,635880.9,446921.3,138226.0,695122.3,676224.9,728262.8,118414.3,664907.3,590018.3,701651.6,536065.6
6133,83533,48.0561,12.1647,Bayern,BY,Landkreis Rosenheim,9187.0,"(48.0561, 12.1647)",310900.2,673986.9,491258.2,443300.6,211798.4,618714.1,429754.5,147332.0,677955.4,659058.1,711096.0,101247.4,647740.4,572851.5,684484.7,518898.8
6134,83536,48.15,12.2833,Bayern,BY,Landkreis Mühldorf am Inn,9183.0,"(48.15, 12.2833)",329034.6,692121.3,509392.6,461435.0,229932.9,636848.5,447888.9,127710.9,696089.9,677192.5,729230.4,119381.9,665874.8,590985.9,702619.2,537033.2
6135,83539,48.08565,12.11295,Bayern,BY,Landkreis Rosenheim,9187.0,"(48.08565, 12.11295)",308549.6,671636.2,488907.5,440950.0,209447.8,616363.5,427403.9,144981.4,675604.8,656707.5,708745.3,98896.8,645389.8,570500.8,682134.1,516548.1
6136,83543,47.9819,12.1281,Bayern,BY,Landkreis Rosenheim,9187.0,"(47.9819, 12.1281)",312109.8,675196.5,492467.8,444510.2,213008.0,619923.7,430964.1,148541.7,679165.0,660267.7,712305.6,102457.0,648950.0,574061.1,685694.4,520108.4
6137,83544,48.107,12.1119,Bayern,BY,Landkreis Rosenheim,9187.0,"(48.107, 12.1119)",303539.1,666625.8,483897.1,435939.5,204437.4,611353.0,422393.4,139971.0,670594.4,651697.0,703734.9,93886.4,640379.3,565490.4,677123.7,511537.7
6138,83546,48.1792,12.3041,Bayern,BY,Landkreis Mühldorf am Inn,9183.0,"(48.1792, 12.3041)",326194.8,689281.5,506552.8,458595.2,227093.0,634008.7,445049.1,124871.1,693250.0,674352.7,726390.6,116542.1,663035.0,588146.1,699779.4,534193.4
6139,83547,48.0833,12.2667,Bayern,BY,Landkreis Rosenheim,9187.0,"(48.0833, 12.2667)",320137.3,683224.0,500495.3,452537.7,221035.6,627951.2,438991.6,156569.2,687192.6,668295.2,720333.1,110484.6,656977.5,582088.6,693721.9,528135.9
6140,83549,48.0411,12.2427,Bayern,BY,Landkreis Rosenheim,9187.0,"(48.0411, 12.2427)",319751.2,682837.8,500109.1,452151.6,220649.4,627565.0,438605.4,156183.0,686806.4,667909.0,719946.9,110098.4,656591.4,581702.4,693335.7,527749.7
6141,83550,47.9976,12.0564,Bayern,BY,Landkreis Ebersberg,9175.0,"(47.9976, 12.0564)",305969.4,669056.0,486327.3,438369.8,206867.6,613783.3,424823.6,142401.2,673024.6,654127.2,706165.1,96316.6,642809.6,567920.6,679553.9,513967.9
6142,83553,48.0316,12.056,Bayern,BY,Landkreis Ebersberg,9175.0,"(48.0316, 12.056)",302092.5,665179.2,482450.5,434492.9,202990.7,609906.4,420946.8,138524.4,669147.7,650250.4,702288.3,92439.7,638932.7,564043.8,675677.1,510091.1
6143,83555,48.15,12.2833,Bayern,BY,Landkreis Mühldorf am Inn,9183.0,"(48.15, 12.2833)",329034.6,692121.3,509392.6,461435.0,229932.9,636848.5,447888.9,127710.9,696089.9,677192.5,729230.4,119381.9,665874.8,590985.9,702619.2,537033.2
6144,83556,47.994,12.1773,Bayern,BY,Landkreis Rosenheim,9187.0,"(47.994, 12.1773)",315856.5,678943.2,496214.5,448256.9,216754.7,623670.4,434710.8,152288.3,682911.7,664014.4,716052.3,106203.7,652696.7,577807.8,689441.1,523855.1
6145,83558,48.1505,12.0934,Bayern,BY,Landkreis Mühldorf am Inn,9183.0,"(48.1505, 12.0934)",299455.8,662542.4,479813.7,431856.2,200354.0,607269.6,418310.0,135887.6,666511.0,647613.6,699651.5,89803.0,636296.0,561407.0,673040.3,507454.3
6146,83559,48.1532,12.3173,Bayern,BY,Landkreis Mühldorf am Inn,9183.0,"(48.1532, 12.3173)",332370.8,695457.4,512728.7,464771.2,233269.0,640184.6,451225.0,131047.0,699426.0,680528.6,732566.5,122718.0,669211.0,594322.0,705955.3,540369.3
6147,83561,48.0181,12.1451,Bayern,BY,Landkreis Rosenheim,9187.0,"(48.0181, 12.1451)",309660.5,672747.1,490018.4,442060.9,210558.7,617474.3,428514.7,146092.3,676715.7,657818.3,709856.2,100007.7,646500.6,571611.7,683245.0,517659.0
6148,83562,48.1167,12.1667,Bayern,BY,Landkreis Mühldorf am Inn,9183.0,"(48.1167, 12.1667)",306889.8,669976.5,487247.8,439290.2,207788.0,614703.7,425744.1,143321.7,673945.0,655047.7,707085.6,97237.0,643730.0,568841.1,680474.4,514888.4
