,zipcode,lat,long,state,state_code,community_name,community_code,coor,AKB Kitzingen,AKB Dortmund,AKB Zörbig,AKB Schöneck,AKB Buch,Mosolf Etzin,Mosolf Kippenheim,BLG Kelheim,BLG Duisburg,BLG Neuss,Carservice Erkens,ARS Altmann Wolnzach,CAT Zülpich,Autohaus Siebrecht,Neu: FleetParQ Essen ,Neu: FleetParQ Kassel
1886,26826,53.1633,7.3505,Niedersachsen,NI,Landkreis Leer,3457.0,"(53.1633, 7.3505)",538174.0,246771.1,451402.7,444531.9,733104.6,487934.2,666325.7,743934.0,227783.4,251892.1,254757.5,751626.8,318025.6,330392.4,217471.5,335748.4
1887,26831,53.18654,7.26852,Niedersachsen,NI,Landkreis Leer,3457.0,"(53.18654, 7.26852)",535880.8,244477.9,448624.6,442238.7,730811.4,485156.1,664032.5,741640.8,225490.2,249598.9,252464.3,749333.6,315732.4,328099.2,215178.3,333455.2
1888,26835,53.30501666666667,7.606516666666667,Niedersachsen,NI,Landkreis Leer,3457.0,"(53.30501666666667, 7.606516666666667)",551961.9,270564.2,427203.4,468325.0,746892.5,463734.9,690118.8,757721.9,251576.5,275685.2,278550.6,765414.8,341818.7,344180.3,241264.6,349536.3
1889,26842,53.1333,7.6167,Niedersachsen,NI,Landkreis Leer,3457.0,"(53.1333, 7.6167)",517618.7,240289.0,437543.6,451517.2,712549.3,474075.1,681010.9,723378.7,242468.6,266577.2,269442.7,731071.6,332710.8,309837.2,232156.7,315193.1
1890,26844,53.2667,7.3833,Niedersachsen,NI,Landkreis Leer,3457.0,"(53.2667, 7.3833)",547695.7,256292.8,441789.8,454053.6,742626.3,478321.3,675847.4,753455.7,237305.1,261413.8,264279.2,761148.5,327547.3,339914.1,226993.2,345270.1
1891,26845,53.2461,7.5718,Niedersachsen,NI,Landkreis Leer,3457.0,"(53.2461, 7.5718)",528978.6,266915.1,425787.5,464675.9,723909.1,462319.0,686469.7,734738.6,247927.4,272036.0,274901.5,742431.4,338169.6,321197.0,237615.5,326552.9
1892,26847,53.2093,7.674,Niedersachsen,NI,Landkreis Leer,3457.0,"(53.2093, 7.674)",523818.3,246488.6,426646.6,457716.8,718748.9,463178.1,696083.7,729578.3,257541.4,281650.1,284515.5,737271.2,347783.6,316036.7,247229.5,321392.7
1893,26849,53.2421,7.6279,Niedersachsen,NI,Landkreis Leer,3457.0,"(53.2421, 7.6279)",525472.5,272163.9,422281.4,459371.0,720403.1,458812.9,691718.5,731232.5,253176.2,277284.8,280150.3,738925.4,343418.4,317690.9,242864.3,323046.9
1894,26871,53.0774,7.4044,Niedersachsen,NI,Landkreis Emsland,3454.0,"(53.0774, 7.4044)",531764.3,240361.4,451901.7,438122.2,726694.9,488433.2,659916.1,737524.3,221373.8,245482.4,248347.8,745217.2,311615.9,323982.7,211061.9,329338.7
1895,26892,52.96328,7.340479999999999,Niedersachsen,NI,Landkreis Emsland,3454.0,"(52.96328, 7.340479999999999)",518347.6,226944.7,448539.8,424705.5,713278.2,485071.3,646499.3,724107.6,207957.0,232065.7,234931.1,731800.5,298199.2,310566.0,197645.1,315922.0
1896,26897,52.99095,7.6301,Niedersachsen,NI,Landkreis Emsland,3454.0,"(52.99095, 7.6301)",509126.8,248213.3,426817.2,443025.3,704057.4,463348.8,667768.0,714886.8,229225.7,253334.3,256199.7,722579.7,319467.8,301345.2,218913.8,306701.2
1897,26899,53.0602,7.2713,Niedersachsen,NI,Landkreis Emsland,3454.0,"(53.0602, 7.2713)",522879.3,231476.4,462672.2,429237.2,717809.9,499203.8,651031.0,728639.3,212488.7,236597.4,239462.8,736332.2,302730.9,315097.7,202176.8,320453.7
1898,26901,52.9192,7.67615,Niedersachsen,NI,Landkreis Emsland,3454.0,"(52.9192, 7.67615)",498312.2,220982.4,416002.6,432210.6,693242.7,452534.1,675976.1,704072.1,237433.8,261542.5,264407.9,711765.0,327676.0,290530.6,227121.9,295886.5
1899,26903,52.978,7.5153,Niedersachsen,NI,Landkreis Emsland,3454.0,"(52.978, 7.5153)",532200.6,240797.7,437590.8,438558.5,727131.2,474122.3,660352.4,737960.6,221810.1,245918.7,248784.1,745653.5,312052.2,324419.0,211498.2,329775.0
1900,26904,52.9121,7.5358,Niedersachsen,NI,Landkreis Emsland,3454.0,"(52.9121, 7.5358)",510954.4,235287.0,428644.8,433047.7,705885.0,465176.3,654841.6,716714.4,216299.3,240407.9,243273.4,724407.2,306541.5,303172.8,205987.4,308528.8
1901,26906,52.9611,7.2739,Niedersachsen,NI,Landkreis Emsland,3454.0,"(52.9611, 7.2739)",517629.9,226227.0,452825.3,423987.7,712560.4,489356.8,645781.6,723389.9,207239.3,231347.9,234213.4,731082.7,297481.5,309848.3,196927.4,315204.2
1902,26907,52.9272,7.2832,Niedersachsen,NI,Landkreis Emsland,3454.0,"(52.9272, 7.2832)",508956.6,217553.8,485560.6,415314.5,703887.2,522092.1,637108.4,714716.6,198566.1,222674.7,225540.1,722409.5,288808.3,301175.1,188254.2,306531.0
1903,26909,52.98135,7.43135,Niedersachsen,NI,Landkreis Emsland,3454.0,"(52.98135, 7.43135)",524702.3,233299.5,444405.9,431060.2,719632.9,480937.4,652854.1,730462.3,214311.8,238420.4,241285.8,738155.2,304554.0,316920.8,203999.9,322276.7
1904,26919,53.3252,8.465,Niedersachsen,NI,Wesermarsch,3461.0,"(53.3252, 8.465)",524351.9,247022.2,392796.0,458250.4,719282.5,429327.5,683840.0,730111.9,287820.2,311928.8,314794.3,737804.8,364133.7,316570.3,266956.1,321926.3
1905,26931,53.2375,8.4566,Niedersachsen,NI,Wesermarsch,3461.0,"(53.2375, 8.4566)",517777.5,240447.8,371664.5,451675.9,712708.1,408196.0,677265.5,723537.5,281245.8,305354.4,308219.9,731230.4,357559.2,292374.2,260381.7,315351.9
1906,26935,53.3833,8.3833,Niedersachsen,NI,Wesermarsch,3461.0,"(53.3833, 8.3833)",531373.9,254044.1,388749.4,465272.3,726304.5,425280.9,690861.9,737133.9,294842.2,318950.8,321816.2,744826.7,371155.6,309459.1,273978.1,328948.3
1907,26936,53.3833,8.3833,Niedersachsen,NI,Wesermarsch,3461.0,"(53.3833, 8.3833)",531373.9,254044.1,388749.4,465272.3,726304.5,425280.9,690861.9,737133.9,294842.2,318950.8,321816.2,744826.7,371155.6,309459.1,273978.1,328948.3
1908,26937,53.3833,8.3833,Niedersachsen,NI,Wesermarsch,3461.0,"(53.3833, 8.3833)",531373.9,254044.1,388749.4,465272.3,726304.5,425280.9,690861.9,737133.9,294842.2,318950.8,321816.2,744826.7,371155.6,309459.1,273978.1,328948.3
1909,26939,53.3419,8.4218,Niedersachsen,NI,Wesermarsch,3461.0,"(53.3419, 8.4218)",524163.3,246833.6,391743.2,458061.8,719093.9,428274.7,683651.4,729923.3,287631.6,311740.3,314605.7,737616.2,363945.1,316381.8,266767.6,321737.7
1910,26954,53.4861,8.4809,Niedersachsen,NI,Wesermarsch,3461.0,"(53.4861, 8.4809)",544258.3,266928.5,387343.7,478156.7,739188.9,423875.3,703746.3,741705.3,307726.6,331835.2,334700.6,757711.1,384040.0,308053.4,286862.5,341832.7
1911,26969,53.5472,8.335,Niedersachsen,NI,Wesermarsch,3461.0,"(53.5472, 8.335)",553992.7,276662.9,397526.8,487891.1,748923.2,434058.3,713480.7,759752.7,317460.9,341569.6,344435.0,767445.5,393774.4,318236.5,296596.9,351567.0
1912,27211,52.8506,8.7279,Niedersachsen,NI,Landkreis Diepholz,3251.0,"(52.8506, 8.7279)",452238.0,226006.9,316684.4,437235.1,647168.6,353215.9,662824.7,657998.0,266804.9,290913.6,293779.0,665690.9,343118.4,187396.7,245940.9,249812.4
1913,27232,52.6837,8.8095,Niedersachsen,NI,Landkreis Diepholz,3251.0,"(52.6837, 8.8095)",429283.5,203863.4,299832.9,407167.1,624214.1,336364.4,633050.1,635043.5,246985.9,271094.5,273960.0,642736.4,323299.4,164442.2,226121.8,226857.9
1914,27239,52.7993,8.6416,Niedersachsen,NI,Landkreis Diepholz,3251.0,"(52.7993, 8.6416)",450007.0,204607.8,322465.1,415836.0,644937.6,358996.6,641425.6,655767.0,245405.9,269514.5,272380.0,663459.9,321719.3,185165.7,224541.8,247581.4
1915,27243,52.9087875,8.5872625,Niedersachsen,NI,Landkreis Oldenburg,3458.0,"(52.9087875, 8.5872625)",490871.2,213541.4,348178.5,424769.6,685801.7,384710.0,650359.2,696631.1,254339.4,278448.1,281313.5,704324.0,330652.9,199122.0,233475.4,288445.5
1916,27245,52.59493333333333,8.8145,Niedersachsen,NI,Landkreis Diepholz,3251.0,"(52.59493333333333, 8.8145)",419220.7,193800.6,309763.5,397104.3,614151.3,346295.0,622987.3,624980.7,257386.8,264657.0,284360.9,632673.6,311245.6,154379.4,224441.0,216795.1
1917,27246,52.6646,9.0201,Niedersachsen,NI,Landkreis Diepholz,3251.0,"(52.6646, 9.0201)",432503.8,207083.6,284718.1,410387.4,627434.3,321249.6,636270.3,639079.6,261142.5,285251.1,288116.6,671846.3,324528.6,168865.2,240278.4,230078.1
1918,27248,52.75,8.7,Niedersachsen,NI,Landkreis Diepholz,3251.0,"(52.75, 8.7)",441198.7,209803.0,313656.7,419082.3,636129.3,350188.2,644965.2,646958.7,250601.0,274709.6,277575.1,654651.5,326914.5,176357.3,229736.9,238773.1
1919,27249,52.6996,8.89075,Niedersachsen,NI,Landkreis Diepholz,3251.0,"(52.6996, 8.89075)",434620.6,209200.5,296101.6,412504.2,629551.2,332633.1,638387.1,640380.6,253477.0,277585.6,280451.0,648073.5,326645.5,169779.3,232612.9,232195.0
1920,27251,52.7548,8.75855,Niedersachsen,NI,Landkreis Diepholz,3251.0,"(52.7548, 8.75855)",439749.6,218656.3,309784.1,417633.2,634680.2,346315.6,643516.1,645509.6,259454.3,283562.9,286428.4,653202.4,335767.8,174908.2,238590.2,237323.9
1921,27252,52.7377,8.8303,Niedersachsen,NI,Landkreis Diepholz,3251.0,"(52.7377, 8.8303)",435937.7,210517.5,303600.1,413821.3,630868.2,340131.6,639704.2,641697.6,261519.4,285628.0,288493.5,649390.5,337832.9,171096.3,240655.3,233512.0
1922,27254,52.704800000000006,8.95315,Niedersachsen,NI,Landkreis Diepholz,3251.0,"(52.704800000000006, 8.95315)",439195.2,213775.1,292808.7,417078.8,634125.8,329340.2,642961.8,644955.2,258051.6,282160.2,285025.7,652648.1,331220.1,176955.8,237187.5,236769.6
1923,27257,52.78835,8.8597,Niedersachsen,NI,Landkreis Diepholz,3251.0,"(52.78835, 8.8597)",443924.0,227270.0,308653.7,421807.6,638854.6,345185.2,647690.5,649684.0,268068.0,292176.6,295042.1,657376.8,344381.5,179082.6,247203.9,241498.4
1924,27259,52.62446666666667,8.691833333333333,Niedersachsen,NI,Landkreis Diepholz,3251.0,"(52.62446666666667, 8.691833333333333)",430213.6,195942.6,310625.7,408097.2,625144.2,347157.2,633980.2,635973.6,236740.7,260849.3,263714.8,643666.5,313054.1,165372.3,215876.6,227788.0
1925,27283,52.9208,9.248,Niedersachsen,NI,Landkreis Verden,3361.0,"(52.9208, 9.248)",450835.5,266654.4,290664.6,428719.1,645766.1,327196.2,654602.1,645026.2,307452.4,331561.0,334426.5,677792.9,383765.9,211374.3,286588.3,244757.2
1926,27299,52.9786,9.1854,Niedersachsen,NI,Landkreis Verden,3361.0,"(52.9786, 9.1854)",457174.1,256180.8,297003.2,435057.7,652104.7,333534.7,660940.6,651364.7,296978.8,321087.5,323952.9,684131.4,373292.3,217712.9,276114.7,251095.8
1927,27305,52.8282,8.943666666666667,Niedersachsen,NI,Landkreis Diepholz,3251.0,"(52.8282, 8.943666666666667)",452031.3,227849.4,302683.3,429914.9,646961.9,339214.8,655797.9,657044.9,268647.4,292756.0,295621.5,689811.6,344960.9,186830.5,247783.3,249605.7
1928,27308,52.9424,9.3181,Niedersachsen,NI,Landkreis Verden,3361.0,"(52.9424, 9.3181)",450166.2,266487.1,289995.3,428049.8,645096.8,326526.8,653932.7,644356.8,307285.1,331393.7,334259.2,677123.5,383598.6,210705.0,286421.0,244087.9
1929,27313,52.85,9.2333,Niedersachsen,NI,Landkreis Verden,3361.0,"(52.85, 9.2333)",460891.3,272760.3,300720.5,438775.0,655821.9,337252.0,664657.9,655082.0,313558.4,337667.0,340532.5,687848.7,389871.8,221430.1,292694.3,254813.0
1930,27318,52.83036666666667,9.1301,Niedersachsen,NI,Landkreis Nienburg/Weser,3256.0,"(52.83036666666667, 9.1301)",461513.5,260848.1,308938.6,439397.1,656444.1,345470.1,665280.1,663300.1,301646.1,325754.8,328620.2,696066.8,377959.6,179044.6,280782.0,259087.9
1931,27321,52.951166666666666,9.021,Niedersachsen,NI,Landkreis Verden,3361.0,"(52.951166666666666, 9.021)",476244.2,245078.5,316073.3,456306.7,671174.8,352604.8,681896.2,670434.8,285876.5,309985.1,312850.6,703201.5,362190.0,236783.0,265012.4,270165.8
1932,27324,52.780675,9.2318,Niedersachsen,NI,Landkreis Nienburg/Weser,3256.0,"(52.780675, 9.2318)",451794.4,216620.5,291623.5,429678.0,646725.0,328155.0,655560.9,645985.0,323754.2,287477.0,350728.3,678751.7,334065.5,170513.3,302890.2,245716.1
1933,27327,52.88785,9.03875,Niedersachsen,NI,Landkreis Diepholz,3251.0,"(52.88785, 9.03875)",462702.2,251037.7,310566.4,462265.9,657632.8,347097.9,687855.5,664927.9,291835.7,315944.4,318809.8,697694.6,368149.2,231276.1,270971.7,260276.6
1934,27330,52.7722,9.0049,Niedersachsen,NI,Landkreis Diepholz,3251.0,"(52.7722, 9.0049)",451843.4,234921.2,293876.0,429727.0,646774.0,330407.5,655609.9,648237.5,275719.2,299827.9,302693.3,681004.2,352032.7,178023.2,254855.2,249417.8
1935,27333,52.75403333333333,9.139,Niedersachsen,NI,Landkreis Nienburg/Weser,3256.0,"(52.75403333333333, 9.139)",445613.7,220193.6,287551.0,423497.3,640544.3,324082.5,649380.3,641912.5,275779.4,291050.0,302753.5,674679.2,337638.6,171698.1,254915.3,243188.1
1936,27336,52.787200000000006,9.401833333333334,Niedersachsen,NI,Landkreis Heidekreis,3358.0,"(52.787200000000006, 9.401833333333334)",440470.1,275362.2,280299.2,418353.7,635400.7,316830.7,644236.6,634660.7,338911.7,346218.6,365885.8,667427.4,392807.2,201008.9,306002.5,234391.7
1937,27337,52.9167,9.1333,Niedersachsen,NI,Landkreis Verden,3361.0,"(52.9167, 9.1333)",460683.6,261384.8,300512.7,438567.2,655614.2,337044.3,664450.2,654874.3,302182.9,326291.5,329156.9,687641.0,378496.3,221222.4,281318.8,254605.3
1938,27339,52.9667,8.95,Niedersachsen,NI,Landkreis Verden,3361.0,"(52.9667, 8.95)",516639.8,239310.1,319971.6,450538.3,711570.4,356503.1,676127.8,674333.1,280108.1,304216.7,307082.2,707099.8,356421.6,240681.2,259244.0,314214.2
1939,27356,53.1199,9.4238,Niedersachsen,NI,Rotenburg (Wümme),3357.0,"(53.1199, 9.4238)",473523.3,273169.5,313352.4,451406.9,668453.8,349883.9,677289.8,667713.9,313967.5,338076.2,340941.6,700480.6,390281.0,234062.0,293103.5,267444.9
1940,27367,53.11648571428572,9.2596,Niedersachsen,NI,Rotenburg (Wümme),3357.0,"(53.11648571428572, 9.2596)",476473.0,259841.3,316302.1,471069.5,671403.6,352833.6,696659.0,670663.6,300639.3,324747.9,327613.4,703430.3,376952.8,237011.8,279775.2,270394.6
1941,27374,52.9855,9.5826,Niedersachsen,NI,Rotenburg (Wümme),3357.0,"(52.9855, 9.5826)",442900.1,277792.2,282729.2,420783.7,637830.7,319260.8,646666.7,637090.8,326110.2,348648.7,353084.3,669857.5,395237.2,203438.9,305246.1,236821.8
1942,27383,53.1667,9.4833,Niedersachsen,NI,Rotenburg (Wümme),3357.0,"(53.1667, 9.4833)",480977.1,277381.2,320806.2,458860.7,675907.7,344586.5,684743.6,675167.7,318179.3,342287.9,345153.4,707934.4,394492.7,241515.9,297315.2,274898.8
1943,27386,53.065,9.476,Niedersachsen,NI,Rotenburg (Wümme),3357.0,"(53.065, 9.476)",455869.7,279346.2,295698.8,433753.3,650800.3,332230.3,659636.2,650060.3,320144.3,344252.9,347118.3,682827.0,396457.7,216408.5,299280.2,249791.3
1944,27389,53.19946,9.58262,Niedersachsen,NI,Rotenburg (Wümme),3357.0,"(53.19946, 9.58262)",480249.8,286265.8,320078.9,458133.4,675180.4,345856.5,684016.3,674440.4,327063.8,351172.4,354037.9,707207.1,403377.3,240788.6,306199.7,274171.5
1945,27404,53.29284285714285,9.255857142857142,Niedersachsen,NI,Rotenburg (Wümme),3357.0,"(53.29284285714285, 9.255857142857142)",495929.7,279298.0,335758.8,490526.2,690860.3,352594.7,716115.8,690120.3,320096.0,344204.7,347070.1,722887.0,396409.5,256468.5,299232.0,289851.4
1946,27412,53.232275,9.114675,Niedersachsen,NI,Rotenburg (Wümme),3357.0,"(53.232275, 9.114675)",495228.6,269006.4,335057.7,480234.6,690159.1,364175.3,705824.2,689419.2,309804.4,333913.1,336778.5,722185.9,386117.9,255767.3,288940.4,289150.2
1947,27419,53.29725555555555,9.502055555555556,Niedersachsen,NI,Rotenburg (Wümme),3357.0,"(53.29725555555555, 9.502055555555556)",504430.0,287798.3,344259.1,499026.5,699360.6,330327.8,724616.0,698620.6,328596.3,352704.9,355570.4,731387.3,404909.8,264968.8,307732.2,298351.6
1948,27432,53.49521666666666,9.04595,Niedersachsen,NI,Rotenburg (Wümme),3357.0,"(53.49521666666666, 9.04595)",532729.1,316097.4,372558.3,527325.6,727659.7,385356.0,752915.2,726919.8,356895.5,381004.1,383869.6,759686.5,433208.9,293267.9,336031.4,326650.8
1949,27442,53.3833,9.0,Niedersachsen,NI,Rotenburg (Wümme),3357.0,"(53.3833, 9.0)",518260.4,282435.9,358089.5,493664.1,713191.0,374922.0,719253.7,712451.0,323233.9,347342.6,350208.0,745217.7,399547.4,278799.2,302369.8,312182.1
1950,27446,53.4014,9.23916,Niedersachsen,NI,Rotenburg (Wümme),3357.0,"(53.4014, 9.23916)",516118.1,299486.4,355947.2,510714.6,711048.7,368745.0,736304.1,710308.7,340284.4,364393.0,367258.5,743075.4,416597.9,276656.9,319420.3,310039.7
1951,27449,53.4815,9.3212,Niedersachsen,NI,Landkreis Stade,3359.0,"(53.4815, 9.3212)",530276.7,313644.9,370105.8,524873.1,725207.2,359650.5,750462.7,724467.3,354443.0,378551.6,381417.1,757234.0,430756.4,290815.4,333578.9,324198.3
1952,27472,53.8584,8.709,Niedersachsen,NI,Landkreis Cuxhaven,3352.0,"(53.8584, 8.709)",581539.7,320669.1,421368.8,531897.3,776470.2,457900.3,757486.9,775730.3,361467.2,385575.8,388441.3,808497.0,437780.6,342078.4,340603.1,375461.3
1953,27474,53.8555,8.6773,Niedersachsen,NI,Landkreis Cuxhaven,3352.0,"(53.8555, 8.6773)",581828.9,320958.4,421658.0,532186.6,776759.5,458189.5,757776.2,776019.5,361756.4,385865.1,388730.5,808786.2,438069.9,342367.7,340892.4,375750.6
1954,27476,53.861,8.6483,Niedersachsen,NI,Landkreis Cuxhaven,3352.0,"(53.861, 8.6483)",583352.0,322481.5,423181.2,533709.7,778282.6,459712.7,759299.3,777542.7,363279.6,387388.2,390253.7,810309.4,439593.0,343890.8,342415.5,377273.7
1955,27478,53.8187,8.664,Niedersachsen,NI,Landkreis Cuxhaven,3352.0,"(53.8187, 8.664)",579260.3,318389.8,419089.5,529618.0,774190.9,455621.0,755207.6,773451.0,359187.9,383296.5,386162.0,806217.7,435501.3,339799.1,338323.8,373182.0
1956,27498,54.1814,7.8863,Schleswig-Holstein,SH,Kreis Pinneberg,1056.0,"(54.1814, 7.8863)",660067.7,477373.3,499896.8,637951.3,854998.3,422029.6,863834.3,854258.4,518171.4,542280.0,545145.4,887025.1,594484.8,420606.5,497307.3,453989.4
1957,27499,53.9167,8.5,Hamburg,HH,"Hamburg, Freie und Hansestadt",2000.0,"(53.9167, 8.5)",586372.4,325501.9,426201.5,536730.1,781303.0,462733.0,762319.7,780563.0,366299.9,390408.6,393274.0,813329.7,442613.4,346911.2,345435.9,380294.1
1958,27568,53.5687,8.5741,Bremen,HB,"Bremerhaven, Stadt",4012.0,"(53.5687, 8.5741)",547652.4,286781.8,387481.5,498010.0,742582.9,424013.0,723599.6,741843.0,327579.9,351688.5,354554.0,774609.7,403893.3,308191.1,306715.8,341574.0
1959,27570,53.5286,8.5907,Bremen,HB,"Bremerhaven, Stadt",4012.0,"(53.5286, 8.5907)",542792.7,281922.2,382621.9,493150.4,737723.3,419153.4,718740.0,736983.4,322720.3,346828.9,349694.4,769750.1,399033.7,303331.5,301856.2,336714.4
1960,27572,53.5002,8.6047,Bremen,HB,"Bremerhaven, Stadt",4012.0,"(53.5002, 8.6047)",537398.1,276527.6,377227.3,487755.8,732328.7,413758.8,713345.4,731588.8,317325.7,341434.3,344299.8,764355.5,393639.1,297936.9,296461.6,331319.8
1961,27574,53.5299,8.6098,Bremen,HB,"Bremerhaven, Stadt",4012.0,"(53.5299, 8.6098)",541309.5,280439.0,381138.6,491667.2,736240.1,417670.1,717256.7,735500.1,321237.0,345345.6,348211.1,768266.8,397550.5,301848.3,300372.9,335231.1
1962,27576,53.5545,8.5933,Bremen,HB,"Bremerhaven, Stadt",4012.0,"(53.5545, 8.5933)",545081.3,284210.7,384910.4,495438.9,740011.8,421441.9,721028.5,739271.9,325008.8,349117.4,351982.9,772038.6,401322.2,305620.0,304144.7,339002.9
1963,27578,53.5887,8.5977,Bremen,HB,"Bremerhaven, Stadt",4012.0,"(53.5887, 8.5977)",549079.8,288209.3,388908.9,499437.5,744010.4,425440.4,725027.1,743270.4,329007.4,353116.0,355981.4,776037.1,405320.8,309618.6,308143.3,343001.5
1964,27580,53.5685,8.5968,Bremen,HB,"Bremerhaven, Stadt",4012.0,"(53.5685, 8.5968)",547133.5,286263.0,386962.6,497491.2,742064.1,423494.1,723080.8,741324.1,327061.0,351169.7,354035.1,774090.8,403374.5,307672.3,306196.9,341055.2
1965,27607,53.6055,8.5951,Niedersachsen,NI,Landkreis Cuxhaven,3352.0,"(53.6055, 8.5951)",550706.1,289835.6,390535.2,501063.8,745636.7,427066.7,726653.4,744896.7,330633.6,354742.3,357607.7,777663.4,406947.1,311244.9,309769.5,344627.8
1966,27612,53.4667,8.65,Niedersachsen,NI,Landkreis Cuxhaven,3352.0,"(53.4667, 8.65)",538041.1,277170.6,377870.2,488398.7,732971.6,414401.7,713988.3,732231.7,317968.6,342077.2,344942.7,764998.4,394282.1,298579.8,297104.5,331962.7
1967,27616,53.43663333333333,8.80801111111111,Niedersachsen,NI,Landkreis Cuxhaven,3352.0,"(53.43663333333333, 8.80801111111111)",552348.3,291477.8,392177.4,502706.0,747278.9,428708.9,728295.5,746538.9,332275.8,356384.4,359249.9,779305.6,408589.3,312887.1,311411.7,346269.9
