,zipcode,lat,long,state,state_code,community_name,community_code,coor,AKB Kitzingen,AKB Dortmund,AKB Zörbig,AKB Schöneck,AKB Buch,Mosolf Etzin,Mosolf Kippenheim,BLG Kelheim,BLG Duisburg,BLG Neuss,Carservice Erkens,ARS Altmann Wolnzach,CAT Zülpich,Autohaus Siebrecht,Neu: FleetParQ Essen ,Neu: FleetParQ Kassel
5740,79241,48.043,7.6476,Baden-Württemberg,BW,Landkreis Breisgau-Hochschwarzwald,8315.0,"(48.043, 7.6476)",333571.8,488384.7,669001.8,300250.0,319297.0,796457.8,41229.3,481529.0,492540.1,473642.8,512529.8,423588.9,435112.2,508007.9,499069.5,454055.2
5741,79244,47.85,7.7833,Baden-Württemberg,BW,Landkreis Breisgau-Hochschwarzwald,8315.0,"(47.85, 7.7833)",357236.3,512049.2,692666.3,323914.5,342961.5,820122.3,64893.8,505193.5,516204.6,497307.3,536194.3,447253.4,458776.7,531672.4,522733.9,477719.6
5742,79249,47.9667,7.8333,Baden-Württemberg,BW,Landkreis Breisgau-Hochschwarzwald,8315.0,"(47.9667, 7.8333)",338318.6,493131.6,673748.7,304996.9,270189.3,801204.6,45976.1,486275.8,497287.0,478389.6,517276.7,428335.8,439859.0,512754.7,503816.3,458802.0
5743,79252,47.9833,7.9667,Baden-Württemberg,BW,Landkreis Breisgau-Hochschwarzwald,8315.0,"(47.9833, 7.9667)",345687.5,500500.5,681117.6,312365.8,260544.9,808573.5,53345.0,436268.6,504655.9,485758.5,524645.6,399920.2,447227.9,520123.6,511185.2,466170.9
5744,79254,47.9333,7.95,Baden-Württemberg,BW,Landkreis Breisgau-Hochschwarzwald,8315.0,"(47.9333, 7.95)",347297.1,502110.0,682727.1,313975.3,262810.9,810183.1,54954.6,438534.6,506265.4,487368.1,526255.1,402186.1,448837.5,521733.2,512794.8,467780.5
5745,79256,47.9614,8.0091,Baden-Württemberg,BW,Landkreis Breisgau-Hochschwarzwald,8315.0,"(47.9614, 8.0091)",348171.3,502984.2,683601.3,314849.5,254995.0,811057.3,55828.8,416744.0,507139.6,488242.3,527129.3,380395.5,449711.7,522607.4,513669.0,468654.7
5746,79258,47.9333,7.6333,Baden-Württemberg,BW,Landkreis Breisgau-Hochschwarzwald,8315.0,"(47.9333, 7.6333)",344787.5,499600.4,680217.5,311465.7,330512.7,807673.5,52445.0,492744.7,503755.8,484858.5,523745.6,434804.6,446327.9,519223.6,510285.2,465270.9
5747,79261,48.1167,7.9833,Baden-Württemberg,BW,Emmendingen,8316.0,"(48.1167, 7.9833)",343004.9,497817.9,678435.0,309683.2,270671.1,805890.9,50662.5,490962.1,501973.3,483075.9,521963.0,374963.1,444545.4,517441.0,508502.6,463488.3
5748,79263,48.1004,8.0525,Baden-Württemberg,BW,Emmendingen,8316.0,"(48.1004, 8.0525)",346842.1,501655.0,682272.1,313520.3,272500.8,809728.0,54499.6,413141.2,505810.4,486913.1,525800.1,376792.7,448382.5,521278.1,512339.7,467325.4
5749,79268,48.0764,7.7248,Baden-Württemberg,BW,Landkreis Breisgau-Hochschwarzwald,8315.0,"(48.0764, 7.7248)",325418.8,480231.7,660848.8,292097.0,311144.0,788304.7,33076.3,473376.0,484387.1,465489.8,504376.8,415435.9,426959.2,499854.8,490916.4,445902.1
5750,79271,48.0147,8.0329,Baden-Württemberg,BW,Landkreis Breisgau-Hochschwarzwald,8315.0,"(48.0147, 8.0329)",345775.1,500588.1,681205.2,312453.4,257092.9,808661.1,53432.6,418841.9,504743.5,485846.1,524733.2,382493.4,447315.5,520211.2,511272.8,466258.5
5751,79274,48.008,8.0928,Baden-Württemberg,BW,Landkreis Breisgau-Hochschwarzwald,8315.0,"(48.008, 8.0928)",311277.9,506292.7,646935.1,318158.0,249970.8,774391.0,59137.3,411719.9,510448.1,491550.8,530437.8,375371.4,453020.2,525915.9,516977.5,471963.2
5752,79276,48.0833,7.8167,Baden-Württemberg,BW,Emmendingen,8316.0,"(48.0833, 7.8167)",323022.3,477835.2,658452.3,289700.5,308747.5,785908.2,30679.8,470979.5,481990.6,463093.3,501980.3,413039.4,424562.7,497458.3,488519.9,443505.6
5753,79279,48.0667,7.85,Baden-Württemberg,BW,Emmendingen,8316.0,"(48.0667, 7.85)",329651.0,484464.0,665081.1,296329.3,315376.2,792537.0,37308.5,477608.2,488619.4,469722.0,508609.1,419668.2,431191.4,504087.1,495148.7,450134.4
5754,79280,47.95,7.8333,Baden-Württemberg,BW,Landkreis Breisgau-Hochschwarzwald,8315.0,"(47.95, 7.8333)",339570.2,494383.1,675000.2,306248.4,271440.8,802456.2,47227.7,487527.4,498538.5,479641.2,518528.2,429587.3,441110.6,514006.3,505067.9,460053.6
5755,79282,47.8583,7.6917,Baden-Württemberg,BW,Landkreis Breisgau-Hochschwarzwald,8315.0,"(47.8583, 7.6917)",355289.0,510101.9,690719.0,321967.2,341014.2,818174.9,62946.5,503246.2,514257.3,495360.0,534247.0,445306.1,456829.4,529725.0,520786.6,475772.3
5756,79283,47.9214,7.7899,Baden-Württemberg,BW,Landkreis Breisgau-Hochschwarzwald,8315.0,"(47.9214, 7.7899)",344013.0,498825.9,679443.0,310691.2,275883.6,806899.0,51670.5,491970.2,502981.3,484084.0,522971.0,434030.1,445553.4,518449.1,509510.7,464496.3
5757,79285,47.9578,7.7765,Baden-Württemberg,BW,Landkreis Breisgau-Hochschwarzwald,8315.0,"(47.9578, 7.7765)",339057.1,493870.0,674487.1,305735.3,324782.3,801943.1,46714.6,487014.3,498025.4,479128.1,518015.1,429074.2,440597.5,513493.2,504554.8,459540.4
5758,79286,48.0508,7.9634,Baden-Württemberg,BW,Landkreis Breisgau-Hochschwarzwald,8315.0,"(48.0508, 7.9634)",336859.8,491672.7,672289.8,303538.0,265230.2,799745.7,44517.3,484817.0,495828.1,476930.8,515817.8,426876.9,438400.2,511295.8,502357.4,457343.1
5759,79288,48.05,7.7333,Baden-Württemberg,BW,Landkreis Breisgau-Hochschwarzwald,8315.0,"(48.05, 7.7333)",327836.4,482649.3,663266.4,294514.6,313561.6,790722.3,35493.9,475793.6,486804.7,467907.4,506794.4,417853.5,429376.8,502272.4,493334.0,448319.7
5760,79289,47.9333,7.8667,Baden-Württemberg,BW,Landkreis Breisgau-Hochschwarzwald,8315.0,"(47.9333, 7.8667)",347610.3,502423.2,683040.3,314288.5,282864.2,810496.3,55267.8,495567.5,506578.6,487681.3,526568.3,437627.4,449150.7,522046.4,513107.9,468093.6
5761,79291,48.0167,7.6833,Baden-Württemberg,BW,Landkreis Breisgau-Hochschwarzwald,8315.0,"(48.0167, 7.6833)",337934.4,492747.4,673364.5,304612.7,323659.6,800820.4,45591.9,485891.6,496902.8,478005.4,516892.5,427951.6,439474.8,512370.5,503432.1,458417.8
5762,79292,47.9333,7.75,Baden-Württemberg,BW,Landkreis Breisgau-Hochschwarzwald,8315.0,"(47.9333, 7.75)",340900.0,495713.0,676330.1,307578.3,326625.2,803786.0,48557.5,488857.2,499868.4,480971.0,519858.1,430917.2,442440.4,515336.1,506397.7,461383.4
5763,79294,47.9333,7.8167,Baden-Württemberg,BW,Landkreis Breisgau-Hochschwarzwald,8315.0,"(47.9333, 7.8167)",342093.9,496906.9,677524.0,308772.2,273964.6,804979.9,49751.4,490051.1,501062.3,482164.9,521052.0,432111.1,443634.3,516530.0,507591.6,462577.3
5764,79295,47.8412,7.7078,Baden-Württemberg,BW,Landkreis Breisgau-Hochschwarzwald,8315.0,"(47.8412, 7.7078)",357424.9,512237.8,692854.9,324103.1,343150.1,820310.9,65082.4,505382.1,516393.2,497495.9,536382.9,447442.0,458965.3,531861.0,522922.6,477908.2
5765,79297,48.144,8.0469,Baden-Württemberg,BW,Emmendingen,8316.0,"(48.144, 8.0469)",322887.5,477700.5,658317.6,289565.8,263178.4,785773.5,39266.9,403818.8,481855.8,462958.5,501845.6,367470.4,424427.9,497323.6,488385.2,443370.9
5766,79299,47.95,7.8167,Baden-Württemberg,BW,Landkreis Breisgau-Hochschwarzwald,8315.0,"(47.95, 7.8167)",340599.2,495412.1,676029.3,307277.5,272469.8,803485.2,48256.7,488556.4,499567.5,480670.2,519557.3,430616.3,442139.6,515035.3,506096.9,461082.6
5767,79312,48.121,7.8536,Baden-Württemberg,BW,Emmendingen,8316.0,"(48.121, 7.8536)",320950.5,475763.5,656380.6,287628.8,306675.7,783836.5,28608.0,468907.7,479918.8,461021.5,499908.6,410967.7,422490.9,495386.6,486448.2,441433.9
5768,79331,48.1295,7.8121,Baden-Württemberg,BW,Emmendingen,8316.0,"(48.1295, 7.8121)",318632.8,473445.7,654062.8,285311.0,304358.0,781518.8,26290.3,466590.0,477601.1,458703.8,497590.8,408649.9,420173.2,493068.9,484130.5,439116.1
5769,79336,48.2188,7.7775,Baden-Württemberg,BW,Emmendingen,8316.0,"(48.2188, 7.7775)",307103.7,461916.7,642533.8,273782.0,292828.9,769989.7,9983.0,455060.9,466072.1,447174.7,486061.8,397120.9,408644.1,481539.8,472601.4,427587.1
5770,79341,48.1963,7.7697,Baden-Württemberg,BW,Emmendingen,8316.0,"(48.1963, 7.7697)",308782.1,463595.0,644212.1,275460.3,294507.3,771668.0,13056.1,456739.3,467750.4,448853.1,487740.1,398799.2,410322.5,483218.1,474279.7,429265.4
5771,79346,48.1333,7.7,Baden-Württemberg,BW,Emmendingen,8316.0,"(48.1333, 7.7)",318115.6,472928.6,653545.7,284793.9,303840.8,781001.6,25773.1,466072.8,477083.9,458186.6,497073.7,408132.8,419656.0,492551.7,483613.3,438599.0
5772,79348,48.1667,7.9167,Baden-Württemberg,BW,Emmendingen,8316.0,"(48.1667, 7.9167)",328110.2,482923.2,663540.3,294788.5,313835.4,790996.2,24355.2,476067.4,487078.6,468181.2,507068.3,418127.4,429650.6,502546.3,493607.9,448593.6
5773,79350,48.1021,7.9076,Baden-Württemberg,BW,Emmendingen,8316.0,"(48.1021, 7.9076)",336559.1,491372.1,671989.2,303237.4,322284.3,799445.1,44216.6,484516.3,495527.5,476630.1,515517.2,426576.3,438099.5,510995.2,502056.8,457042.5
5774,79353,48.1228,7.7389,Baden-Württemberg,BW,Emmendingen,8316.0,"(48.1228, 7.7389)",317105.8,471918.7,652535.8,283784.0,302831.0,779991.7,24763.3,465063.0,476074.1,457176.8,496063.8,407122.9,418646.2,491541.8,482603.4,437589.1
5775,79356,48.0833,7.7333,Baden-Württemberg,BW,Landkreis Breisgau-Hochschwarzwald,8315.0,"(48.0833, 7.7333)",324905.5,479718.4,660335.5,291583.7,310630.7,787791.4,32563.0,472862.7,483873.8,464976.5,503863.5,414922.6,426445.9,499341.5,490403.1,445388.8
5776,79359,48.15,7.75,Baden-Württemberg,BW,Emmendingen,8316.0,"(48.15, 7.75)",313226.4,468039.3,648656.4,279904.6,298951.6,776112.3,20883.9,461183.5,472194.7,453297.3,492184.4,403243.5,414766.8,487662.4,478724.0,433709.7
5777,79361,48.1333,7.6167,Baden-Württemberg,BW,Emmendingen,8316.0,"(48.1333, 7.6167)",325756.2,480569.2,661186.3,292434.5,311481.4,788642.2,33413.7,473713.4,484724.6,465827.2,504714.3,415773.4,427296.6,500192.3,491253.9,446239.6
5778,79362,48.1667,7.7,Baden-Württemberg,BW,Emmendingen,8316.0,"(48.1667, 7.7)",317042.2,471855.2,652472.3,283720.5,302767.4,779928.2,24699.8,464999.4,476010.6,457113.2,496000.3,407059.4,418582.6,491478.3,482539.9,437525.6
5779,79364,48.1572,7.7861,Baden-Württemberg,BW,Emmendingen,8316.0,"(48.1572, 7.7861)",314379.6,469192.5,649809.6,281057.8,300104.8,777265.5,22037.1,462336.8,473347.9,454450.6,493337.6,404396.7,415920.0,488815.6,479877.2,434862.9
5780,79365,48.2266,7.7109,Baden-Württemberg,BW,Emmendingen,8316.0,"(48.2266, 7.7109)",306804.0,461617.0,642234.1,273482.3,292529.2,769690.0,14461.5,454761.2,465772.4,446875.0,485762.1,396821.2,408344.4,481240.1,472301.7,427287.4
5781,79367,48.1994,7.6771,Baden-Württemberg,BW,Emmendingen,8316.0,"(48.1994, 7.6771)",311125.2,465938.1,646555.2,277803.4,296850.4,774011.2,18782.7,459082.4,470093.5,451196.2,490083.3,401142.3,412665.6,485561.3,476622.9,431608.6
5782,79369,48.1667,7.65,Baden-Württemberg,BW,Emmendingen,8316.0,"(48.1667, 7.65)",315559.5,470372.4,650989.5,282237.7,301284.7,778445.4,23217.0,463516.6,474527.8,455630.4,494517.5,405576.6,417099.9,489995.5,481057.1,436042.8
5783,79379,47.8082,7.6303,Baden-Württemberg,BW,Landkreis Breisgau-Hochschwarzwald,8315.0,"(47.8082, 7.6303)",366301.0,521114.0,701731.1,332979.3,352026.2,829187.0,73958.5,514258.2,525269.4,506372.0,545259.1,456318.2,467841.4,540737.1,531798.7,486784.4
5784,79395,47.8143,7.5601,Baden-Württemberg,BW,Landkreis Breisgau-Hochschwarzwald,8315.0,"(47.8143, 7.5601)",360345.4,515158.3,695775.4,327023.6,346070.6,823231.3,68002.9,508302.6,519313.7,500416.4,539303.4,450362.5,461885.8,534781.4,525843.0,480828.7
5785,79400,47.7139,7.6624,Baden-Württemberg,BW,Landkreis Lörrach,8336.0,"(47.7139, 7.6624)",377557.1,532370.0,712987.1,344235.3,321996.9,840443.1,85214.6,525514.3,536525.4,517628.1,556515.2,467574.2,479097.5,551993.2,543054.8,498040.5
5786,79410,47.8022,7.6724,Baden-Württemberg,BW,Landkreis Breisgau-Hochschwarzwald,8315.0,"(47.8022, 7.6724)",370181.6,524994.5,705611.6,336859.8,355906.8,833067.6,77839.1,518138.8,529149.9,510252.6,549139.7,460198.7,471722.0,544617.7,535679.3,490665.0
5787,79415,47.7315,7.5576,Baden-Württemberg,BW,Landkreis Lörrach,8336.0,"(47.7315, 7.5576)",370922.3,525735.2,706352.3,337600.5,356647.5,833808.3,78579.8,518879.5,529890.6,510993.3,549880.3,460939.4,472462.7,545358.4,536420.0,491405.7
5788,79418,47.757,7.5764,Baden-Württemberg,BW,Landkreis Lörrach,8336.0,"(47.757, 7.5764)",368584.4,523397.3,704014.4,335262.6,354309.6,831470.4,76241.9,516541.6,527552.7,508655.4,547542.5,458601.5,470124.8,543020.5,534082.1,489067.8
5789,79423,47.8747,7.6572,Baden-Württemberg,BW,Landkreis Breisgau-Hochschwarzwald,8315.0,"(47.8747, 7.6572)",352043.9,506856.9,687474.0,318722.2,337769.1,814929.9,59701.4,500001.1,511012.3,492114.9,531002.0,442061.1,453584.3,526480.0,517541.6,472527.3
5790,79424,47.7833,7.6,Baden-Württemberg,BW,Landkreis Breisgau-Hochschwarzwald,8315.0,"(47.7833, 7.6)",366835.4,521648.4,702265.5,333513.7,352560.6,829721.4,74492.9,514792.6,525803.8,506906.4,545793.5,456852.6,468375.8,541271.5,532333.1,487318.8
5791,79426,47.8475,7.638,Baden-Württemberg,BW,Landkreis Breisgau-Hochschwarzwald,8315.0,"(47.8475, 7.638)",356051.6,510864.6,691481.7,322729.9,341776.8,818937.6,63709.1,504008.8,515020.0,496122.6,535009.7,446068.8,457592.0,530487.7,521549.3,476535.0
5792,79427,47.891,7.6554,Baden-Württemberg,BW,Landkreis Breisgau-Hochschwarzwald,8315.0,"(47.891, 7.6554)",351070.8,505883.7,686500.8,317749.0,336796.0,813956.7,58728.3,499028.0,510039.1,491141.8,530028.8,441087.9,452611.2,525506.8,516568.4,471554.1
5793,79429,47.7333,7.7083,Baden-Württemberg,BW,Landkreis Lörrach,8336.0,"(47.7333, 7.7083)",382015.9,536828.9,717446.0,348694.2,326424.0,844901.9,89673.4,529973.1,540984.3,522086.9,560974.0,472033.1,483556.3,556452.0,547513.6,502499.3
5794,79539,47.6181,7.6589,Baden-Württemberg,BW,Landkreis Lörrach,8336.0,"(47.6181, 7.6589)",392139.9,546952.8,727569.9,358818.1,312897.3,855025.8,99797.4,540097.1,551108.2,532210.9,571097.9,447908.4,493680.3,566575.9,557637.5,512623.2
5795,79540,47.6167,7.6667,Baden-Württemberg,BW,Landkreis Lörrach,8336.0,"(47.6167, 7.6667)",392651.4,547464.3,728081.4,359329.6,313408.9,855537.4,100308.9,540608.6,551619.7,532722.4,571609.4,448419.9,494191.8,567087.4,558149.0,513134.7
5796,79541,47.6335,7.6922,Baden-Württemberg,BW,Landkreis Lörrach,8336.0,"(47.6335, 7.6922)",393693.7,548506.6,729123.7,360371.9,312256.2,856579.7,101351.2,541650.9,552662.0,533764.7,572651.7,447267.2,495234.1,568129.8,559191.3,514177.0
5797,79576,47.5933,7.6208,Baden-Württemberg,BW,Landkreis Lörrach,8336.0,"(47.5933, 7.6208)",389793.9,544606.8,725223.9,356472.1,314782.3,852679.8,97451.4,537751.0,548762.2,529864.8,568751.9,449793.3,491334.3,564229.9,555291.5,510277.2
5798,79585,47.65,7.7333,Baden-Württemberg,BW,Landkreis Lörrach,8336.0,"(47.65, 7.7333)",399218.1,554031.1,734648.2,365896.4,317780.6,862104.1,106875.6,547175.3,558186.5,539289.1,578176.2,452791.6,500758.5,573654.2,564715.8,519701.5
5799,79588,47.65,7.5667,Baden-Württemberg,BW,Landkreis Lörrach,8336.0,"(47.65, 7.5667)",381672.7,536485.6,717102.7,348350.9,320309.6,844558.7,89330.2,529629.9,540641.0,521743.7,560630.8,471689.8,483213.1,556108.8,547170.4,502156.1
5800,79589,47.6333,7.6167,Baden-Württemberg,BW,Landkreis Lörrach,8336.0,"(47.6333, 7.6167)",388345.5,543158.4,723775.5,355023.7,315122.0,851231.4,96003.0,536302.6,547313.8,528416.5,567303.5,478362.6,489885.9,562781.5,553843.1,508828.8
5801,79591,47.6333,7.6,Baden-Württemberg,BW,Landkreis Lörrach,8336.0,"(47.6333, 7.6)",387911.9,542724.9,723342.0,354590.2,316779.0,850797.9,95569.4,535869.1,546880.3,527982.9,566870.0,477929.1,489452.3,562348.0,553409.6,508395.3
5802,79592,47.65,7.6,Baden-Württemberg,BW,Landkreis Lörrach,8336.0,"(47.65, 7.6)",385979.6,540792.5,721409.6,352657.8,317401.5,848865.5,93637.1,533936.8,544947.9,526050.6,564937.6,475996.7,487520.0,560415.6,551477.2,506462.9
5803,79594,47.5885,7.6909,Baden-Württemberg,BW,Landkreis Lörrach,8336.0,"(47.5885, 7.6909)",398613.1,553426.0,734043.1,365291.3,310643.1,861499.1,106270.6,546570.3,557581.4,538684.1,577571.1,445654.2,500153.5,573049.2,564110.8,519096.5
5804,79595,47.6412,7.642,Baden-Württemberg,BW,Landkreis Lörrach,8336.0,"(47.6412, 7.642)",390851.6,545664.6,726281.7,357529.9,313197.0,853737.6,98509.1,538808.8,549820.0,530922.6,569809.7,448208.0,492392.0,565287.7,556349.3,511335.0
5805,79597,47.65,7.6333,Baden-Württemberg,BW,Landkreis Lörrach,8336.0,"(47.65, 7.6333)",393109.1,547922.0,728539.1,359787.3,315454.5,855995.1,100766.6,541066.3,552077.4,533180.1,572067.1,450465.5,494649.5,567545.2,558606.7,513592.4
5806,79599,47.6553,7.6511,Baden-Württemberg,BW,Landkreis Lörrach,8336.0,"(47.6553, 7.6511)",392836.8,547649.7,728266.8,359515.0,315182.2,855722.8,100494.3,540794.0,551805.1,532907.8,571794.8,450193.2,494377.2,567272.9,558334.5,513320.1
5807,79618,47.5723,7.7842,Baden-Württemberg,BW,Landkreis Lörrach,8336.0,"(47.5723, 7.7842)",405297.8,560110.8,740727.9,371976.1,301079.2,868183.8,112955.3,482174.8,564266.2,545368.8,584255.9,436090.2,506838.2,579733.9,570795.5,525781.2
5808,79639,47.55,7.6833,Baden-Württemberg,BW,Landkreis Lörrach,8336.0,"(47.55, 7.6833)",397747.7,552560.6,733177.7,364425.9,303824.5,860633.7,105405.2,484920.1,556716.0,537818.7,576705.7,438835.5,499288.1,572183.8,563245.4,518231.1
5809,79650,47.6511,7.8209,Baden-Württemberg,BW,Landkreis Lörrach,8336.0,"(47.6511, 7.8209)",404136.9,558949.9,739567.0,370815.2,302177.0,867022.9,111794.4,461424.9,563105.3,544207.9,583095.0,425076.4,505677.3,578573.0,569634.6,524620.3
5810,79664,47.6298,7.9042,Baden-Württemberg,BW,Landkreis Waldshut,8337.0,"(47.6298, 7.9042)",412175.8,566988.7,747605.8,378854.0,294839.0,875061.7,119833.3,475934.7,571144.1,552246.8,591133.8,429850.0,513716.2,586611.8,577673.4,532659.1
5811,79669,47.7055,7.8525,Baden-Württemberg,BW,Landkreis Lörrach,8336.0,"(47.7055, 7.8525)",353578.0,567153.6,689235.3,379018.9,278296.3,816691.2,119998.2,454020.0,571309.0,552411.7,591298.7,417671.5,513881.1,586776.8,577838.3,532824.0
5812,79674,47.8294,7.9438,Baden-Württemberg,BW,Landkreis Lörrach,8336.0,"(47.8294, 7.9438)",335385.8,519766.0,671043.1,331631.3,260104.1,798499.0,72610.5,435827.8,523921.4,505024.0,543911.1,399479.3,466493.4,539389.1,530450.7,485436.4
5813,79677,47.78544285714286,7.887871428571429,Baden-Württemberg,BW,Landkreis Lörrach,8336.0,"(47.78544285714286, 7.887871428571429)",342988.8,527049.5,678646.0,338914.8,267707.0,806101.9,79894.1,443430.8,531204.9,512307.6,551194.6,407082.3,473777.0,546672.7,537734.3,492719.9
5814,79682,47.7401,8.0018,Baden-Württemberg,BW,Landkreis Waldshut,8337.0,"(47.7401, 8.0018)",347529.8,537300.2,683187.0,349165.5,272248.0,810642.9,90144.8,447971.8,541455.6,522558.2,561445.3,411623.3,484027.7,556923.3,547984.9,502970.6
5815,79685,47.7417,7.9083,Baden-Württemberg,BW,Landkreis Lörrach,8336.0,"(47.7417, 7.9083)",350951.7,535012.4,686608.9,346877.7,275669.9,814064.8,87857.0,451393.6,539167.8,520270.5,559157.5,415045.2,481739.9,554635.5,545697.1,500682.8
5816,79686,47.6534,7.8972,Baden-Württemberg,BW,Landkreis Lörrach,8336.0,"(47.6534, 7.8972)",410803.9,565616.9,746234.0,377482.2,297748.6,873689.9,118461.5,478844.2,569772.3,550874.9,589762.0,432759.6,512344.4,585240.0,576301.6,531287.3
5817,79688,47.6833,7.85,Baden-Württemberg,BW,Landkreis Lörrach,8336.0,"(47.6833, 7.85)",358279.9,564790.1,693937.1,376655.4,282998.1,821393.0,117634.7,458721.8,568945.5,550048.2,588935.2,422373.4,511517.6,584413.2,575474.8,530460.5
5818,79689,47.6463,7.7821,Baden-Württemberg,BW,Landkreis Lörrach,8336.0,"(47.6463, 7.7821)",401888.8,556701.8,737318.9,368567.1,305815.9,864774.8,109546.3,465917.7,560857.2,541959.8,580846.9,429569.2,503429.2,576324.9,567386.5,522372.2
5819,79692,47.7361,7.79815,Baden-Württemberg,BW,Landkreis Lörrach,8336.0,"(47.7361, 7.79815)",390401.7,545214.6,725831.7,357079.9,290770.1,853287.6,98059.2,466493.8,549370.0,530472.6,569359.7,430145.3,491942.1,564837.7,555899.3,510885.0
5820,79694,47.8,7.9167,Baden-Württemberg,BW,Landkreis Lörrach,8336.0,"(47.8, 7.9167)",339791.3,523852.0,675448.5,335717.3,264509.5,802904.4,76696.6,440233.2,528007.4,509110.1,547997.1,403884.8,470579.5,543475.1,534536.7,489522.4
5821,79695,47.8414,7.882,Baden-Württemberg,BW,Landkreis Lörrach,8336.0,"(47.8414, 7.882)",345866.7,529851.4,681523.9,341716.7,270584.9,808979.8,82696.0,446308.6,534006.8,515109.5,553996.6,409960.2,476578.9,549474.6,540536.2,495521.9
