,zipcode,lat,long,state,state_code,community_name,community_code,coor,AKB Kitzingen,AKB Dortmund,AKB Zörbig,AKB Schöneck,AKB Buch,Mosolf Etzin,Mosolf Kippenheim,BLG Kelheim,BLG Duisburg,BLG Neuss,Carservice Erkens,ARS Altmann Wolnzach,CAT Zülpich,Autohaus Siebrecht,Neu: FleetParQ Essen ,Neu: FleetParQ Kassel
1640,24887,54.5167,9.3833,Schleswig-Holstein,SH,Kreis Schleswig-Flensburg,1059.0,"(54.5167, 9.3833)",648190.4,465496.0,488019.5,626074.0,843121.0,404659.3,851956.9,842381.0,506294.0,530402.7,533268.1,875147.7,582607.5,408729.2,485430.0,442112.1
1641,24888,54.60835,9.725,Schleswig-Holstein,SH,Kreis Schleswig-Flensburg,1059.0,"(54.60835, 9.725)",661677.0,478982.6,501506.1,639560.6,856607.5,418145.9,865443.5,855867.6,519780.6,543889.2,546754.7,888634.3,596094.1,422215.7,498916.5,455598.6
1642,24890,54.59165,9.56665,Schleswig-Holstein,SH,Kreis Schleswig-Flensburg,1059.0,"(54.59165, 9.56665)",657026.1,474331.7,496855.2,634909.7,851956.7,413495.0,860792.6,851216.7,515129.7,539238.4,542103.8,883983.4,591443.2,417564.9,494265.6,450947.7
1643,24891,54.6405,9.64435,Schleswig-Holstein,SH,Kreis Schleswig-Flensburg,1059.0,"(54.6405, 9.64435)",660718.2,478023.8,500547.3,638601.8,855648.8,417187.1,864484.7,854908.8,518821.8,542930.5,545795.9,887675.5,595135.3,421257.0,497957.8,454639.9
1644,24893,54.5667,9.6833,Schleswig-Holstein,SH,Kreis Schleswig-Flensburg,1059.0,"(54.5667, 9.6833)",656868.8,474174.4,496697.9,634752.4,851799.4,413337.7,860635.4,851059.5,514972.5,539081.1,541946.5,883826.2,591285.9,417407.6,494108.4,450790.5
1645,24894,54.58995,9.66085,Schleswig-Holstein,SH,Kreis Schleswig-Flensburg,1059.0,"(54.58995, 9.66085)",655787.1,473092.7,495616.2,633670.7,850717.7,412256.0,859553.6,849977.7,513890.8,537999.4,540864.8,882744.4,590204.2,416325.9,493026.7,449708.8
1646,24896,54.5,9.3167,Schleswig-Holstein,SH,Kreis Schleswig-Flensburg,1059.0,"(54.5, 9.3167)",654897.5,472203.1,494726.7,632781.1,849828.1,411366.5,858664.1,849088.2,513001.2,537109.8,539975.3,881854.9,589314.6,415436.3,492137.1,448819.2
1647,24897,54.5667,9.75,Schleswig-Holstein,SH,Kreis Schleswig-Flensburg,1059.0,"(54.5667, 9.75)",661772.4,479078.0,501601.5,639656.0,856703.0,418241.4,865539.0,855963.1,519876.1,543984.7,546850.2,888729.8,596189.5,422311.2,499012.0,455694.1
1648,24899,54.4061,9.2989,Schleswig-Holstein,SH,Kreis Schleswig-Flensburg,1059.0,"(54.4061, 9.2989)",643603.6,460909.2,483432.7,621487.2,838534.2,409589.9,847370.1,837794.2,501707.2,525815.9,528681.3,870560.9,578020.7,404142.4,480843.2,437525.3
1649,24937,54.7862,9.4306,Schleswig-Holstein,SH,Kreisfreie Stadt Flensburg,1001.0,"(54.7862, 9.4306)",673166.0,490471.6,512995.1,651049.6,868096.6,429634.9,876932.6,867356.6,531269.7,555378.3,558243.7,900123.3,607583.1,433704.8,510405.6,467087.7
1650,24939,54.7983,9.4206,Schleswig-Holstein,SH,Kreisfreie Stadt Flensburg,1001.0,"(54.7983, 9.4206)",674867.2,492172.8,514696.3,652750.8,869797.7,431336.1,878633.7,869057.8,532970.8,557079.4,559944.9,901824.5,609284.3,435406.0,512106.7,468788.8
1651,24941,54.75115,9.4145,Schleswig-Holstein,SH,Kreisfreie Stadt Flensburg,1001.0,"(54.75115, 9.4145)",669333.3,486638.9,509162.4,647216.9,864263.9,425802.2,873099.8,863523.9,527436.9,551545.6,554411.0,896290.6,603750.4,429872.1,506572.8,463254.9
1652,24943,54.7791,9.4753,Schleswig-Holstein,SH,Kreis Schleswig-Flensburg,1059.0,"(54.7791, 9.4753)",673786.1,491091.7,513615.2,651669.7,868716.7,430255.0,877552.7,867976.8,531889.8,555998.4,558863.8,900743.5,608203.2,434324.9,511025.7,467707.8
1653,24944,54.8092,9.4698,Schleswig-Holstein,SH,Kreisfreie Stadt Flensburg,1001.0,"(54.8092, 9.4698)",676660.9,493966.6,516490.1,654544.6,871591.5,433129.9,880427.5,870851.6,534764.6,558873.2,561738.7,903618.3,611078.1,437199.7,513900.5,470582.6
1654,24955,54.8,9.3833,Schleswig-Holstein,SH,Kreis Schleswig-Flensburg,1059.0,"(54.8, 9.3833)",677185.7,494491.3,517014.9,655069.3,872116.3,433654.7,880952.3,871376.4,535289.4,559398.0,562263.5,904143.1,611602.8,437724.5,514425.3,471107.4
1655,24960,54.8176,9.5576,Schleswig-Holstein,SH,Kreis Schleswig-Flensburg,1059.0,"(54.8176, 9.5576)",682329.4,499635.1,522158.6,660213.1,877260.0,438798.4,886096.0,876520.1,540433.1,564541.7,567407.2,909286.8,616746.6,442868.2,519569.0,476251.1
1656,24963,54.6617,9.3846,Schleswig-Holstein,SH,Kreis Schleswig-Flensburg,1059.0,"(54.6617, 9.3846)",661136.9,478442.5,500966.0,639020.5,856067.5,417605.9,864903.5,855327.6,519240.6,543349.2,546214.7,888094.3,595554.0,421675.7,498376.5,455058.6
1657,24966,54.7167,9.6667,Schleswig-Holstein,SH,Kreis Schleswig-Flensburg,1059.0,"(54.7167, 9.6667)",675992.2,493297.8,515821.3,653875.8,870922.8,432461.1,879758.7,870182.8,534095.8,558204.5,561069.9,902949.5,610409.3,436531.0,513231.8,469913.9
1658,24969,54.7,9.225,Schleswig-Holstein,SH,Kreis Schleswig-Flensburg,1059.0,"(54.7, 9.225)",678649.0,495954.6,518478.1,656532.6,873579.5,435117.9,882415.5,872839.6,536752.6,560861.2,563726.7,905606.3,613066.1,439187.7,515888.5,472570.6
1659,24972,54.7571,9.753566666666666,Schleswig-Holstein,SH,Kreis Schleswig-Flensburg,1059.0,"(54.7571, 9.753566666666666)",683987.4,501293.0,523816.5,661871.0,878918.0,440456.3,887753.9,878178.0,542091.0,566199.7,569065.1,910944.7,618404.5,444526.2,521227.0,477909.1
1660,24975,54.756675,9.551875,Schleswig-Holstein,SH,Kreis Schleswig-Flensburg,1059.0,"(54.756675, 9.551875)",677504.4,494810.0,517333.5,655388.0,872435.0,433973.3,881270.9,871695.0,535608.1,559716.7,562582.1,904461.7,611921.5,438043.2,514744.0,471426.1
1661,24976,54.7645,9.3153,Schleswig-Holstein,SH,Kreis Schleswig-Flensburg,1059.0,"(54.7645, 9.3153)",674233.2,491538.8,514062.3,652116.8,869163.8,430702.1,877999.7,868423.8,532336.8,556445.5,559310.9,901190.5,608650.3,434772.0,511472.8,468154.9
1662,24977,54.798625,9.6378,Schleswig-Holstein,SH,Kreis Schleswig-Flensburg,1059.0,"(54.798625, 9.6378)",686195.6,503501.2,526024.7,664079.2,881126.2,442664.5,889962.2,880386.2,544299.3,568407.9,571273.3,913152.9,620612.7,446734.4,523435.2,480117.3
1663,24980,54.753780000000006,9.18236,Schleswig-Holstein,SH,Kreis Schleswig-Flensburg,1059.0,"(54.753780000000006, 9.18236)",682759.4,500065.0,522588.5,660643.0,877689.9,439228.3,886525.9,876950.0,540863.0,564971.6,567837.1,909716.7,617176.5,443298.1,519998.9,476681.0
1664,24983,54.7645,9.3153,Schleswig-Holstein,SH,Kreis Schleswig-Flensburg,1059.0,"(54.7645, 9.3153)",674233.2,491538.8,514062.3,652116.8,869163.8,430702.1,877999.7,868423.8,532336.8,556445.5,559310.9,901190.5,608650.3,434772.0,511472.8,468154.9
1665,24986,54.7584,9.58875,Schleswig-Holstein,SH,Kreis Schleswig-Flensburg,1059.0,"(54.7584, 9.58875)",674090.6,491396.2,513919.7,651974.2,869021.2,430559.5,877857.1,868281.2,532194.2,556302.9,559168.3,901047.9,608507.7,434629.4,511330.1,468012.2
1666,24988,54.709,9.42835,Schleswig-Holstein,SH,Kreis Schleswig-Flensburg,1059.0,"(54.709, 9.42835)",663167.2,480472.8,502996.4,641050.8,858097.8,419636.2,866933.8,857357.9,521270.9,545379.5,548245.0,890124.6,597584.3,423706.0,500406.8,457088.9
1667,24989,54.778,9.6798,Schleswig-Holstein,SH,Kreis Schleswig-Flensburg,1059.0,"(54.778, 9.6798)",682033.6,499339.2,521862.7,659917.2,876964.2,438502.5,885800.1,876224.2,540137.3,564245.9,567111.3,908990.9,616450.7,442572.4,519273.2,475955.3
1668,24991,54.713750000000005,9.5054,Schleswig-Holstein,SH,Kreis Schleswig-Flensburg,1059.0,"(54.713750000000005, 9.5054)",666134.1,483439.7,505963.2,644017.7,861064.7,422603.0,869900.6,860324.7,524237.8,548346.4,551211.8,893091.4,600551.2,426672.9,503373.7,460055.8
1669,24992,54.61665,9.3,Schleswig-Holstein,SH,Kreis Schleswig-Flensburg,1059.0,"(54.61665, 9.3)",667094.3,484399.9,506923.4,644977.9,862024.9,423563.2,870860.8,861284.9,525197.9,549306.6,552172.0,894051.6,601511.4,427633.1,504333.8,461015.9
1670,24994,54.82426666666667,9.17885,Schleswig-Holstein,SH,Kreis Schleswig-Flensburg,1059.0,"(54.82426666666667, 9.17885)",685917.0,503222.6,525746.1,663800.6,880847.6,442385.9,889683.5,880107.6,544020.6,568129.3,570994.7,912874.3,620334.1,446455.8,523156.6,479838.7
1671,24996,54.7216,9.7345,Schleswig-Holstein,SH,Kreis Schleswig-Flensburg,1059.0,"(54.7216, 9.7345)",673945.0,491250.6,513774.1,651828.6,868875.5,430413.9,877711.5,868135.6,532048.6,556157.2,559022.7,900902.3,608362.1,434483.7,511184.5,467866.6
1672,24997,54.6833,9.3333,Schleswig-Holstein,SH,Kreis Schleswig-Flensburg,1059.0,"(54.6833, 9.3333)",665289.7,482595.3,505118.8,643173.3,860220.2,421758.6,869056.2,859480.3,523393.3,547501.9,550367.4,892247.0,599706.8,425828.4,502529.2,459211.3
1673,24999,54.8062,9.517,Schleswig-Holstein,SH,Kreis Schleswig-Flensburg,1059.0,"(54.8062, 9.517)",678244.8,495550.4,518073.9,656128.4,873175.4,434713.7,882011.4,872435.5,536348.5,560457.1,563322.6,905202.2,612661.9,438783.6,515484.4,472166.5
1674,25335,53.75864,9.62128,Schleswig-Holstein,SH,Kreis Pinneberg,1056.0,"(53.75864, 9.62128)",554311.1,371616.8,394140.3,532194.7,749241.7,316273.0,758077.7,748501.8,412414.8,436523.4,439388.9,781268.5,488728.2,314849.9,391550.7,348232.8
1675,25336,53.73565,9.6567,Schleswig-Holstein,SH,Kreis Pinneberg,1056.0,"(53.73565, 9.6567)",551096.0,368401.6,390925.1,528979.6,746026.6,313057.9,754862.5,745286.6,409199.6,433308.3,436173.7,778053.3,485513.1,311634.8,388335.5,345017.7
1676,25337,53.7494,9.704233333333333,Schleswig-Holstein,SH,Kreis Pinneberg,1056.0,"(53.7494, 9.704233333333333)",547532.8,364838.4,387361.9,525416.4,742463.3,309494.7,751299.3,741723.4,405636.4,429745.0,432610.5,774490.1,481949.9,308071.5,384772.3,341454.4
1677,25348,53.79073333333333,9.441933333333331,Schleswig-Holstein,SH,Kreis Steinburg,1061.0,"(53.79073333333333, 9.441933333333331)",576018.3,393323.9,415847.4,553901.9,770948.9,337980.2,779784.9,770209.0,434122.0,458230.6,461096.1,802975.7,510435.4,336557.1,413257.9,369940.0
1678,25355,53.78995,9.765116666666666,Schleswig-Holstein,SH,Kreis Pinneberg,1056.0,"(53.78995, 9.765116666666666)",551305.7,368611.3,391134.9,529189.3,746236.3,313267.6,755072.3,745496.4,409409.4,433518.0,436383.5,778263.1,485722.8,311844.5,388545.3,345227.4
1679,25358,53.82116666666667,9.592266666666667,Schleswig-Holstein,SH,Kreis Steinburg,1061.0,"(53.82116666666667, 9.592266666666667)",565312.3,382617.9,405141.4,543195.9,760242.9,327274.2,769078.8,759502.9,423416.0,447524.6,450390.0,792269.6,499729.4,325851.1,402551.9,359234.0
1680,25361,53.828225,9.50545,Schleswig-Holstein,SH,Kreis Steinburg,1061.0,"(53.828225, 9.50545)",568310.4,385616.0,408139.5,546194.0,763240.9,330272.2,772076.9,762501.0,426414.0,450522.6,453388.1,795267.7,502727.5,328849.1,405549.9,362232.0
1681,25364,53.860125,9.7074,Schleswig-Holstein,SH,Kreis Pinneberg,1056.0,"(53.860125, 9.7074)",562864.9,380170.5,402694.0,540748.5,757795.5,324826.8,766631.4,757055.5,420968.5,445077.2,447942.6,789822.2,497282.0,323403.7,400104.5,356786.6
1682,25365,53.7975,9.6865,Schleswig-Holstein,SH,Kreis Pinneberg,1056.0,"(53.7975, 9.6865)",557135.9,374441.5,396965.0,535019.5,752066.5,319097.8,760902.4,751326.5,415239.5,439348.2,442213.6,784093.2,491553.0,317674.7,394375.5,351057.6
1683,25368,53.7833,9.6167,Schleswig-Holstein,SH,Kreis Steinburg,1061.0,"(53.7833, 9.6167)",555048.9,372354.5,394878.0,532932.5,749979.5,317010.8,758815.4,749239.5,413152.5,437261.1,440126.6,782006.2,489466.0,315587.7,392288.4,348970.5
1684,25370,53.7178,9.598,Schleswig-Holstein,SH,Kreis Pinneberg,1056.0,"(53.7178, 9.598)",554373.2,371678.8,394202.3,532256.8,749303.8,316335.1,758139.8,748563.8,412476.9,436585.5,439450.9,781330.6,488790.3,314912.0,391612.8,348294.9
1685,25371,53.7,9.5667,Schleswig-Holstein,SH,Kreis Pinneberg,1056.0,"(53.7, 9.5667)",557239.8,374545.4,397068.9,535123.4,752170.4,319201.7,761006.3,751430.4,415343.4,439452.1,442317.5,784197.1,491656.9,317778.6,394479.4,351161.5
1686,25373,53.726,9.7693,Schleswig-Holstein,SH,Kreis Pinneberg,1056.0,"(53.726, 9.7693)",543019.9,360325.5,382849.0,520903.5,737950.5,304981.8,746786.4,737210.5,401123.5,425232.2,428097.6,769977.2,477437.0,303558.7,380259.5,336941.6
1687,25376,53.8333,9.45,Schleswig-Holstein,SH,Kreis Steinburg,1061.0,"(53.8333, 9.45)",571402.9,388708.5,411232.0,549286.5,766333.5,333364.8,775169.4,765593.5,429506.6,453615.2,456480.6,798360.2,505820.0,331941.7,408642.5,365324.6
1688,25377,53.7294,9.4788,Schleswig-Holstein,SH,Kreis Steinburg,1061.0,"(53.7294, 9.4788)",565537.5,382843.1,405366.6,543421.1,760468.1,327499.4,769304.0,759728.1,423641.2,447749.8,450615.2,792494.8,499954.6,326076.3,402777.1,359459.2
1689,25379,53.7833,9.4833,Schleswig-Holstein,SH,Kreis Steinburg,1061.0,"(53.7833, 9.4833)",573971.3,391276.9,413800.4,551854.9,768901.9,335933.2,777737.8,768161.9,432074.9,456183.6,459049.0,800928.6,508388.4,334510.1,411210.8,367893.0
1690,25421,53.6591,9.8009,Schleswig-Holstein,SH,Kreis Pinneberg,1056.0,"(53.6591, 9.8009)",535348.3,352653.9,375177.4,513231.9,730278.9,297310.2,739114.9,729538.9,393452.0,417560.6,420426.0,762305.6,469765.4,295887.1,372587.9,329270.0
1691,25436,53.69073333333333,9.66675,Schleswig-Holstein,SH,Kreis Pinneberg,1056.0,"(53.69073333333333, 9.66675)",549224.9,366530.5,389054.0,527108.5,744155.5,311186.8,752991.5,743415.6,407328.6,431437.2,434302.7,776182.3,483642.0,309763.7,386464.5,343146.6
1692,25451,53.7283,9.9093,Schleswig-Holstein,SH,Kreis Pinneberg,1056.0,"(53.7283, 9.9093)",544740.2,362045.8,384569.4,522623.8,739670.8,306394.5,748506.8,738930.9,402843.9,426952.5,429818.0,771697.6,479157.3,305279.0,381979.8,338661.9
1693,25462,53.6413,9.8647,Schleswig-Holstein,SH,Kreis Pinneberg,1056.0,"(53.6413, 9.8647)",530531.0,347836.6,370360.1,508414.6,725461.6,292492.9,734297.6,724721.6,388634.7,412743.3,415608.7,757488.3,464948.1,291069.8,367770.6,324452.7
1694,25469,53.6333,9.85,Schleswig-Holstein,SH,Kreis Pinneberg,1056.0,"(53.6333, 9.85)",530662.9,347968.5,370492.0,508546.5,725593.4,292624.7,734429.4,724853.5,388766.5,412875.1,415740.6,757620.2,465080.0,291201.6,367902.4,324584.5
1695,25474,53.6732,9.901133333333334,Schleswig-Holstein,SH,Kreis Pinneberg,1056.0,"(53.6732, 9.901133333333334)",532520.2,349825.8,372349.3,510403.8,727450.7,295491.6,736286.7,726710.8,390623.8,414732.4,417597.9,759477.5,466937.3,293059.0,369759.7,326441.8
1696,25479,53.75,9.9167,Schleswig-Holstein,SH,Kreis Segeberg,1060.0,"(53.75, 9.9167)",543030.2,360335.8,382859.3,520913.8,737960.8,304684.4,746796.7,737220.8,401133.9,425242.5,428107.9,769987.5,477447.3,303569.0,380269.8,336951.9
1697,25482,53.6581,9.7458,Schleswig-Holstein,SH,Kreis Pinneberg,1056.0,"(53.6581, 9.7458)",536813.0,354118.6,376642.1,514696.6,731743.6,303902.6,740579.5,731003.6,394916.6,419025.3,421890.7,763770.3,471230.1,297351.8,374052.6,330734.7
1698,25485,53.77543333333333,9.859733333333333,Schleswig-Holstein,SH,Kreis Pinneberg,1056.0,"(53.77543333333333, 9.859733333333333)",551714.4,369020.0,391543.5,529598.0,746645.0,314046.1,755480.9,745905.0,409818.0,433926.6,436792.1,778671.7,486131.5,312253.2,388953.9,345636.0
1699,25486,53.7833,9.9167,Schleswig-Holstein,SH,Kreis Segeberg,1060.0,"(53.7833, 9.9167)",548040.1,365345.7,387869.2,525923.7,742970.7,309694.3,751806.6,742230.7,406143.7,430252.4,433117.8,774997.4,482457.2,308578.9,385279.7,341961.8
1700,25488,53.6167,9.6667,Schleswig-Holstein,SH,Kreis Pinneberg,1056.0,"(53.6167, 9.6667)",541284.2,358589.8,381113.3,519167.8,736214.8,307408.2,745050.7,735474.8,399387.8,423496.5,426361.9,768241.5,475701.3,301823.0,378523.8,335205.9
1701,25489,53.6498,9.6058,Schleswig-Holstein,SH,Kreis Pinneberg,1056.0,"(53.6498, 9.6058)",549968.4,367274.0,389797.5,527852.0,744899.0,316092.4,753734.9,744159.0,408072.0,432180.6,435046.1,776925.7,484385.5,310507.2,387207.9,343890.0
1702,25491,53.6071,9.6372,Schleswig-Holstein,SH,Kreis Pinneberg,1056.0,"(53.6071, 9.6372)",543463.1,360768.7,383292.2,521346.7,738393.7,309587.1,747229.6,737653.7,401566.7,425675.4,428540.8,770420.4,477880.2,304001.9,380702.7,337384.8
1703,25492,53.65,9.65,Schleswig-Holstein,SH,Kreis Pinneberg,1056.0,"(53.65, 9.65)",545005.5,362311.1,384834.6,522889.1,739936.1,311129.5,748772.0,739196.1,403109.1,427217.8,430083.2,771962.8,479422.6,305544.3,382245.1,338927.2
1704,25494,53.6833,9.8167,Schleswig-Holstein,SH,Kreis Pinneberg,1056.0,"(53.6833, 9.8167)",538155.8,355461.4,377985.0,516039.4,733086.4,300117.7,741922.4,732346.5,396259.5,420368.1,423233.6,765113.2,472572.9,298694.6,375395.4,332077.5
1705,25495,53.6926,9.791,Schleswig-Holstein,SH,Kreis Pinneberg,1056.0,"(53.6926, 9.791)",538724.6,356030.2,378553.7,516608.2,733655.2,300686.5,742491.2,732915.3,396828.3,420936.9,423802.4,765682.0,473141.7,299263.4,375964.2,332646.3
1706,25497,53.6833,9.75,Schleswig-Holstein,SH,Kreis Pinneberg,1056.0,"(53.6833, 9.75)",540984.8,358290.4,380813.9,518868.4,735915.4,302946.7,744751.4,735175.4,399088.5,423197.1,426062.5,767942.1,475401.9,301523.6,378224.4,334906.5
1707,25499,53.6771,9.8488,Schleswig-Holstein,SH,Kreis Pinneberg,1056.0,"(53.6771, 9.8488)",537558.8,354864.4,377387.9,515442.4,732489.4,299520.7,741325.3,731749.4,395662.4,419771.1,422636.5,764516.1,471975.9,298097.6,374798.3,331480.5
1708,25524,53.91878571428572,9.518942857142855,Schleswig-Holstein,SH,Kreis Steinburg,1061.0,"(53.91878571428572, 9.518942857142855)",571658.9,388964.5,411488.0,549542.5,766589.4,333620.7,775425.4,765849.5,429762.5,453871.1,456736.6,798616.2,506076.0,332197.6,408898.4,365580.5
1709,25541,53.895,9.1048,Schleswig-Holstein,SH,Kreis Dithmarschen,1051.0,"(53.895, 9.1048)",603487.3,420792.9,443316.4,581370.9,798417.8,365449.1,807253.8,797677.9,461590.9,485699.5,488565.0,830444.6,537904.4,364026.0,440726.8,397408.9
1710,25548,53.9597,9.707814285714289,Schleswig-Holstein,SH,Kreis Steinburg,1061.0,"(53.9597, 9.707814285714289)",582040.9,399346.5,421870.0,559924.5,776971.5,343695.1,785807.4,776231.5,440144.5,464253.2,467118.6,808998.2,516458.0,342579.7,419280.4,375962.6
1711,25551,53.98172857142857,9.6213,Schleswig-Holstein,SH,Kreis Steinburg,1061.0,"(53.98172857142857, 9.6213)",582615.4,399921.0,422444.5,560499.0,777546.0,344577.3,786382.0,776806.1,440719.1,464827.7,467693.2,809572.8,517032.5,343154.2,419855.0,376537.1
1712,25554,53.94238333333334,9.3754,Schleswig-Holstein,SH,Kreis Steinburg,1061.0,"(53.94238333333334, 9.3754)",584175.0,401480.6,424004.1,562058.6,779105.5,346136.8,787941.5,778365.6,442278.6,466387.2,469252.7,811132.3,518592.1,344713.7,421414.5,378096.6
1713,25557,54.123075,9.41895,Schleswig-Holstein,SH,Kreis Rendsburg-Eckernförde,1058.0,"(54.123075, 9.41895)",601384.5,418690.1,441213.6,579268.1,796315.1,363346.4,805151.0,795575.1,459488.1,483596.8,486462.2,828341.8,535801.6,361923.3,438624.1,395306.2
1714,25560,54.05216363636364,9.465972727272726,Schleswig-Holstein,SH,Kreis Steinburg,1061.0,"(54.05216363636364, 9.465972727272726)",589174.7,406480.3,429003.8,567058.3,784105.3,351136.6,792941.2,783365.3,447278.3,471387.0,474252.4,816132.0,523591.8,349713.5,426414.3,383096.4
1715,25563,53.92568,9.76302,Schleswig-Holstein,SH,Kreis Steinburg,1061.0,"(53.92568, 9.76302)",575355.1,392660.7,415184.2,553238.7,770285.7,337009.3,779121.7,769545.7,433458.8,457567.4,460432.8,802312.4,509772.2,335893.9,412594.7,369276.8
1716,25566,53.87515,9.584499999999998,Schleswig-Holstein,SH,Kreis Steinburg,1061.0,"(53.87515, 9.584499999999998)",564103.2,381408.8,403932.3,541986.8,759033.8,326065.1,767869.7,758293.8,422206.8,446315.5,449180.9,791060.5,498520.3,324642.0,401342.7,358024.8
1717,25569,53.88405,9.4571,Schleswig-Holstein,SH,Kreis Steinburg,1061.0,"(53.88405, 9.4571)",573919.5,391225.1,413748.6,551803.1,768850.1,335881.4,777686.1,768110.1,432023.2,456131.8,458997.2,800876.8,508336.6,334458.3,411159.1,367841.2
1718,25572,53.92701666666667,9.250983333333332,Schleswig-Holstein,SH,Kreis Steinburg,1061.0,"(53.92701666666667, 9.250983333333332)",591575.9,408881.5,431405.0,569459.5,786506.4,353537.7,795342.4,785766.5,449679.5,473788.1,476653.6,818533.2,525993.0,352114.6,428815.4,385497.5
1719,25573,53.8794,9.4131,Schleswig-Holstein,SH,Kreis Steinburg,1061.0,"(53.8794, 9.4131)",576506.4,393812.0,416335.5,554390.0,771437.0,338468.3,780272.9,770697.0,434610.0,458718.7,461584.1,803463.7,510923.5,337045.2,413746.0,370428.1
1720,25575,54.1167,9.5333,Schleswig-Holstein,SH,Kreis Rendsburg-Eckernförde,1058.0,"(54.1167, 9.5333)",599805.7,417111.3,439634.8,577689.3,794736.3,361767.6,803572.2,793996.3,457909.3,482018.0,484883.4,826763.0,534222.8,360344.5,437045.3,393727.4
1721,25576,53.8638,9.3231,Schleswig-Holstein,SH,Kreis Steinburg,1061.0,"(53.8638, 9.3231)",590488.6,407794.2,430317.7,568372.2,785419.2,352450.5,794255.1,784679.2,448592.2,472700.9,475566.3,817445.9,524905.7,351027.4,427728.2,384410.3
