,zipcode,lat,long,state,state_code,community_name,community_code,coor,AKB Kitzingen,AKB Dortmund,AKB Zörbig,AKB Schöneck,AKB Buch,Mosolf Etzin,Mosolf Kippenheim,BLG Kelheim,BLG Duisburg,BLG Neuss,Carservice Erkens,ARS Altmann Wolnzach,CAT Zülpich,Autohaus Siebrecht,Neu: FleetParQ Essen ,Neu: FleetParQ Kassel
656,10707,52.4967,13.3138,Berlin,BE,"Berlin, Stadt",11000.0,"(52.4967, 13.3138)",493202.7,486199.3,145172.3,541847.9,630644.7,46813.2,763257.4,497086.5,549785.6,557055.8,576759.6,529853.3,603644.3,340170.6,516839.7,373553.5
657,10709,52.4939,13.3031,Berlin,BE,"Berlin, Stadt",11000.0,"(52.4939, 13.3031)",491600.6,484597.2,143570.2,540245.8,629042.6,45211.1,761655.3,495484.4,548183.5,555453.7,575157.5,528251.1,602042.2,338568.5,515237.6,371951.4
658,10711,52.4981,13.2905,Berlin,BE,"Berlin, Stadt",11000.0,"(52.4981, 13.2905)",490945.5,483942.1,142915.1,539590.7,628387.5,44556.0,761000.2,494829.4,547528.4,554798.6,574502.4,527596.1,601387.1,337913.4,514582.5,371296.3
659,10713,52.4851,13.3133,Berlin,BE,"Berlin, Stadt",11000.0,"(52.4851, 13.3133)",492669.9,485666.6,144639.5,541315.1,630111.9,46280.4,762724.6,496553.8,549252.8,556523.0,576226.9,529320.5,603111.6,339637.8,516306.9,373020.7
660,10715,52.4824,13.3289,Berlin,BE,"Berlin, Stadt",11000.0,"(52.4824, 13.3289)",494363.8,487360.4,146333.4,543008.9,631805.7,47974.2,764418.4,498247.6,550946.6,558216.8,577920.7,531014.3,604805.4,341331.6,518000.7,374714.5
661,10717,52.4908,13.3275,Berlin,BE,"Berlin, Stadt",11000.0,"(52.4908, 13.3275)",493741.4,486738.1,145711.1,542386.6,631183.4,47351.9,763796.1,497625.3,550324.3,557594.5,577298.4,530392.0,604183.1,340709.3,517378.4,374092.2
662,10719,52.4988,13.3257,Berlin,BE,"Berlin, Stadt",11000.0,"(52.4988, 13.3257)",493891.7,486888.3,145861.3,542536.9,631333.7,46174.0,763946.4,497775.5,550474.5,557744.8,577448.6,530542.2,604333.3,340859.6,517528.7,374242.4
663,10777,52.4975,13.3427,Berlin,BE,"Berlin, Stadt",11000.0,"(52.4975, 13.3427)",494836.2,487832.8,146805.8,543481.4,632278.2,48446.7,764890.9,498720.0,551419.1,558689.3,578393.1,531486.7,605277.8,341804.1,518473.2,375187.0
664,10779,52.4921,13.3395,Berlin,BE,"Berlin, Stadt",11000.0,"(52.4921, 13.3395)",494654.2,487650.8,146623.8,543299.4,632096.2,48264.7,764708.9,498538.1,551237.1,558507.3,578211.1,531304.8,605095.8,341622.1,518291.2,375005.0
665,10781,52.4936,13.3529,Berlin,BE,"Berlin, Stadt",11000.0,"(52.4936, 13.3529)",495661.4,488658.0,147631.0,544306.6,633103.4,49271.9,765716.1,499545.3,552244.3,559514.5,579218.3,532312.0,606103.0,342629.3,519298.4,376012.2
666,10783,52.4964,13.3624,Berlin,BE,"Berlin, Stadt",11000.0,"(52.4964, 13.3624)",496427.1,489423.8,148396.8,545072.3,633869.1,48718.3,766481.8,500311.0,553010.0,560280.2,579984.1,533077.7,606868.8,343395.0,520064.1,376777.9
667,10785,52.5073,13.3643,Berlin,BE,"Berlin, Stadt",11000.0,"(52.5073, 13.3643)",496564.6,489561.3,148534.2,545209.8,634006.6,48928.0,766619.3,500448.5,553147.5,560417.7,580121.5,533215.2,607006.2,343532.5,520201.6,376915.4
668,10787,52.5078,13.3439,Berlin,BE,"Berlin, Stadt",11000.0,"(52.5078, 13.3439)",495192.5,488189.2,147162.1,543837.7,632634.5,47630.3,765247.2,499076.4,551775.4,559045.6,578749.4,531843.1,605634.1,342160.4,518829.5,375543.3
669,10789,52.5017,13.3377,Berlin,BE,"Berlin, Stadt",11000.0,"(52.5017, 13.3377)",494680.1,487676.7,146649.7,543325.2,632122.0,47249.6,764734.7,498563.9,551262.9,558533.1,578237.0,531330.6,605121.7,341647.9,518317.0,375030.8
670,10823,52.4873,13.3509,Berlin,BE,"Berlin, Stadt",11000.0,"(52.4873, 13.3509)",496297.1,489293.7,148266.7,544942.3,633739.1,49907.6,766351.8,500181.0,552880.0,560150.2,579854.0,532947.7,606738.7,343265.0,519934.1,376647.9
671,10825,52.4838,13.3413,Berlin,BE,"Berlin, Stadt",11000.0,"(52.4838, 13.3413)",494573.5,487570.1,146543.1,543218.7,632015.5,48183.9,764628.1,498457.3,551156.3,558426.5,578130.4,531224.0,605015.1,341541.4,518210.5,374924.2
672,10827,52.4838,13.3543,Berlin,BE,"Berlin, Stadt",11000.0,"(52.4838, 13.3543)",495940.7,488937.3,147910.3,544585.8,633382.6,49551.1,765995.3,499824.5,552523.5,559793.7,579497.6,532591.2,606382.3,342908.5,519577.6,376291.4
673,10829,52.4761,13.3607,Berlin,BE,"Berlin, Stadt",11000.0,"(52.4761, 13.3607)",496951.2,489947.9,148920.8,545596.4,634393.2,50561.7,767005.9,500835.1,553534.1,560804.3,580508.1,533601.8,607392.8,343919.1,520588.2,377302.0
674,10961,52.4926,13.3975,Berlin,BE,"Berlin, Stadt",11000.0,"(52.4926, 13.3975)",501585.4,494582.1,153555.0,550230.6,639027.4,55195.9,771640.1,505469.3,558168.3,565438.5,585142.4,538236.0,612027.1,348553.3,525222.4,381936.2
675,10963,52.5003,13.3813,Berlin,BE,"Berlin, Stadt",11000.0,"(52.5003, 13.3813)",498331.2,491327.8,150300.8,546976.4,635773.2,50259.4,768385.9,502215.0,554914.0,562184.3,581888.1,534981.7,608772.8,345299.1,521968.2,378681.9
676,10965,52.4855,13.3946,Berlin,BE,"Berlin, Stadt",11000.0,"(52.4855, 13.3946)",500447.8,493444.5,152417.4,549093.0,637889.8,54058.3,770502.5,504331.7,557030.7,564300.9,584004.8,537098.4,610889.5,347415.7,524084.8,380798.6
677,10967,52.4905,13.4164,Berlin,BE,"Berlin, Stadt",11000.0,"(52.4905, 13.4164)",502870.0,495866.6,154839.6,551515.2,640312.0,52856.5,772924.7,506753.8,559452.8,566723.1,586426.9,539520.5,613311.6,349837.9,526507.0,383220.7
678,10969,52.5025,13.4012,Berlin,BE,"Berlin, Stadt",11000.0,"(52.5025, 13.4012)",502379.3,495375.9,154348.9,551024.4,639821.2,51882.0,772433.9,506263.1,558962.1,566232.3,585936.2,539029.8,612820.9,349347.1,526016.2,382730.0
679,10997,52.5009,13.4356,Berlin,BE,"Berlin, Stadt",11000.0,"(52.5009, 13.4356)",504757.1,497753.8,156726.7,553402.3,642199.1,54259.8,774811.8,508641.0,561340.0,568610.2,588314.0,541407.7,615198.8,351725.0,528394.1,385107.9
680,10999,52.4969,13.4266,Berlin,BE,"Berlin, Stadt",11000.0,"(52.4969, 13.4266)",503836.1,496832.7,155805.7,552481.3,641278.0,53338.8,773890.7,507719.9,560418.9,567689.1,587393.0,540486.6,614277.7,350804.0,527473.1,384186.8
681,12043,52.4799,13.4371,Berlin,BE,"Berlin, Stadt",11000.0,"(52.4799, 13.4371)",504545.8,497542.4,156515.4,553190.9,641987.7,58156.2,774600.4,508429.6,561128.6,568398.8,588102.7,541196.3,614987.4,351513.6,528182.7,384896.5
682,12045,52.4855,13.4392,Berlin,BE,"Berlin, Stadt",11000.0,"(52.4855, 13.4392)",505470.9,498467.6,157440.5,554116.1,642912.9,59081.4,775525.6,509354.8,562053.8,569324.0,589027.9,542121.5,615912.6,352438.8,529107.9,385821.7
683,12047,52.4905,13.4285,Berlin,BE,"Berlin, Stadt",11000.0,"(52.4905, 13.4285)",503848.9,496845.5,155818.5,552494.0,641290.8,57459.3,773903.5,507732.7,560431.7,567701.9,587405.8,540499.4,614290.5,350816.7,527485.8,384199.6
684,12049,52.4764,13.422,Berlin,BE,"Berlin, Stadt",11000.0,"(52.4764, 13.422)",502636.9,495633.5,154606.5,551282.1,640078.9,56247.3,772691.6,506520.7,559219.7,566490.0,586193.8,539287.4,613078.5,349604.8,526273.9,382987.7
685,12051,52.4669,13.4298,Berlin,BE,"Berlin, Stadt",11000.0,"(52.4669, 13.4298)",502881.8,495878.4,154851.4,551527.0,640323.8,56492.3,772936.5,506765.7,559464.7,566734.9,586438.7,539532.4,613323.4,349849.7,526518.8,383232.6
686,12053,52.4768,13.4325,Berlin,BE,"Berlin, Stadt",11000.0,"(52.4768, 13.4325)",504505.7,497502.4,156475.3,553150.9,641947.7,58116.2,774560.4,508389.6,561088.6,568358.8,588062.7,541156.3,614947.4,351473.6,528142.7,384856.5
687,12055,52.4712,13.4486,Berlin,BE,"Berlin, Stadt",11000.0,"(52.4712, 13.4486)",503864.3,496861.0,155833.9,552509.5,641306.3,57474.8,773919.0,507748.2,560447.2,567717.4,587421.3,540514.9,614306.0,350832.2,527501.3,384215.1
688,12057,52.4684,13.4633,Berlin,BE,"Berlin, Stadt",11000.0,"(52.4684, 13.4633)",504015.8,497012.4,155985.4,552661.0,641457.8,57626.3,774070.5,507899.6,560598.7,567868.9,587572.7,540666.3,614457.4,350983.7,527652.8,384366.6
689,12059,52.4809,13.4513,Berlin,BE,"Berlin, Stadt",11000.0,"(52.4809, 13.4513)",504926.8,497923.4,156896.4,553571.9,642368.7,58537.2,774981.4,508810.6,561509.6,568779.8,588483.7,541577.3,615368.4,351894.6,528563.7,385277.5
690,12099,52.4644,13.4023,Berlin,BE,"Berlin, Stadt",11000.0,"(52.4644, 13.4023)",499380.4,492377.0,151350.0,548025.6,636822.4,52990.9,769435.1,503264.2,555963.2,563233.5,582937.3,536030.9,609822.0,346348.3,523017.4,379731.2
691,12101,52.4785,13.3791,Berlin,BE,"Berlin, Stadt",11000.0,"(52.4785, 13.3791)",498812.5,491809.2,150782.1,547457.7,636254.5,52423.0,768867.2,502696.4,555395.4,562665.6,582369.5,535463.1,609254.2,345780.4,522449.5,379163.3
692,12103,52.4641,13.3747,Berlin,BE,"Berlin, Stadt",11000.0,"(52.4641, 13.3747)",498187.3,491183.9,150156.9,546832.4,635629.2,51797.7,768241.9,502071.1,554770.1,562040.3,581744.2,534837.8,608628.9,345155.1,521824.2,378538.0
693,12105,52.4492,13.3714,Berlin,BE,"Berlin, Stadt",11000.0,"(52.4492, 13.3714)",495535.4,488532.0,147505.0,544180.5,632977.3,53079.4,765590.0,499419.2,552118.2,559388.4,579092.3,532185.9,605977.0,342503.2,519172.3,375886.1
694,12107,52.4312,13.3917,Berlin,BE,"Berlin, Stadt",11000.0,"(52.4312, 13.3917)",494271.8,487268.5,146241.4,542917.0,631713.8,55932.8,764326.5,498155.7,550854.7,558124.9,577828.8,530922.4,604713.5,341239.7,517908.8,374622.6
695,12109,52.4465,13.3993,Berlin,BE,"Berlin, Stadt",11000.0,"(52.4465, 13.3993)",495218.6,488215.2,147188.2,543863.7,632660.5,56210.4,765273.2,499102.4,551801.4,559071.6,578775.5,531869.1,605660.2,342186.4,518855.5,375569.3
696,12157,52.4653,13.3462,Berlin,BE,"Berlin, Stadt",11000.0,"(52.4653, 13.3462)",496728.1,489724.8,148697.7,545373.3,634170.1,50338.6,766782.8,500612.0,553311.0,560581.2,580285.1,533378.7,607169.8,343696.0,520365.1,377078.9
697,12159,52.4737,13.3369,Berlin,BE,"Berlin, Stadt",11000.0,"(52.4737, 13.3369)",495575.7,488572.4,147545.4,544220.9,633017.7,49186.2,765630.4,499459.6,552158.6,559428.8,579132.7,532226.3,606017.4,342543.6,519212.7,375926.5
698,12161,52.4704,13.327,Berlin,BE,"Berlin, Stadt",11000.0,"(52.4704, 13.327)",494746.0,487742.7,146715.6,543391.2,632188.0,48356.5,764800.7,498629.9,551328.9,558599.1,578303.0,531396.6,605187.7,341713.9,518383.0,375096.8
699,12163,52.4626,13.3185,Berlin,BE,"Berlin, Stadt",11000.0,"(52.4626, 13.3185)",494880.4,487877.0,146850.0,543525.6,632322.4,48490.9,764935.1,498764.2,551463.3,558733.5,578437.3,531531.0,605322.0,341848.3,518517.4,375231.2
700,12165,52.4557,13.3148,Berlin,BE,"Berlin, Stadt",11000.0,"(52.4557, 13.3148)",487267.9,480264.5,139237.5,535913.1,624709.9,49630.0,757322.6,491151.7,543850.7,551121.0,570824.8,523918.4,597709.5,334235.8,510904.9,367618.6
701,12167,52.4486,13.3338,Berlin,BE,"Berlin, Stadt",11000.0,"(52.4486, 13.3338)",488953.9,481950.5,140923.5,537599.0,626395.8,50734.5,759008.5,492837.7,545536.7,552806.9,572510.8,525604.4,599395.5,335921.7,512590.8,369304.6
702,12169,52.4548,13.3435,Berlin,BE,"Berlin, Stadt",11000.0,"(52.4548, 13.3435)",489687.2,482683.8,141656.8,538332.4,627129.2,51701.3,759741.9,493571.0,546270.0,553540.3,573244.1,526337.7,600128.8,336655.1,513324.2,370037.9
703,12203,52.4444,13.3096,Berlin,BE,"Berlin, Stadt",11000.0,"(52.4444, 13.3096)",486808.5,479805.2,138778.2,535453.7,624250.5,48159.1,756863.2,490692.4,543391.4,550661.6,570365.5,523459.1,597250.2,333776.4,510445.5,367159.3
704,12205,52.434,13.2945,Berlin,BE,"Berlin, Stadt",11000.0,"(52.434, 13.2945)",485588.9,478585.5,137558.5,534234.0,623030.8,46939.4,755643.5,489472.7,542171.7,549441.9,569145.8,522239.4,596030.5,332556.7,509225.8,365939.6
705,12207,52.4199,13.3133,Berlin,BE,"Berlin, Stadt",11000.0,"(52.4199, 13.3133)",491363.7,484360.3,143333.3,540008.9,628805.7,53024.6,761418.4,495247.6,547946.6,555216.8,574920.6,528014.3,601805.3,338331.6,515000.7,371714.5
706,12209,52.4179,13.3291,Berlin,BE,"Berlin, Stadt",11000.0,"(52.4179, 13.3291)",491605.5,484602.2,143575.2,540250.7,629047.5,53266.5,761660.2,495489.4,548188.4,555458.6,575162.5,528256.1,602047.2,338573.4,515242.5,371956.3
707,12247,52.4395,13.3462,Berlin,BE,"Berlin, Stadt",11000.0,"(52.4395, 13.3462)",493577.3,486574.0,145546.9,542222.5,631019.3,55238.3,763632.0,497461.2,550160.2,557430.4,577134.2,530227.9,604018.9,340545.2,517214.3,373928.1
708,12249,52.4264,13.3518,Berlin,BE,"Berlin, Stadt",11000.0,"(52.4264, 13.3518)",492165.5,485162.2,144135.1,540810.7,629607.5,53826.5,762220.2,496049.4,548748.4,556018.6,575722.4,528816.1,602607.1,339133.4,515802.5,372516.3
709,12277,52.4134,13.375,Berlin,BE,"Berlin, Stadt",11000.0,"(52.4134, 13.375)",491747.0,484743.7,143716.6,540392.2,629189.0,53408.0,761801.7,495630.9,548329.9,555600.1,575304.0,528397.6,602188.7,338714.9,515384.0,372097.8
710,12279,52.4106,13.3531,Berlin,BE,"Berlin, Stadt",11000.0,"(52.4106, 13.3531)",490738.5,483735.2,142708.2,539383.7,628180.5,52399.5,760793.2,494622.4,547321.4,554591.6,574295.5,527389.1,601180.2,337706.4,514375.5,371089.3
711,12305,52.4033,13.4021,Berlin,BE,"Berlin, Stadt",11000.0,"(52.4033, 13.4021)",499176.1,492172.7,151145.7,547821.2,636618.0,59369.3,769230.7,503059.9,555758.9,563029.1,582733.0,535826.6,609617.7,346143.9,522813.0,379526.8
712,12307,52.3886,13.3907,Berlin,BE,"Berlin, Stadt",11000.0,"(52.3886, 13.3907)",494005.6,487002.3,145975.2,542650.8,631447.6,55666.6,764060.3,497889.5,550588.5,557858.7,577562.6,530656.2,604447.3,340973.5,517642.6,374356.4
713,12309,52.3905,13.4171,Berlin,BE,"Berlin, Stadt",11000.0,"(52.3905, 13.4171)",497580.9,490577.6,149550.5,546226.1,635022.9,57774.2,767635.6,501464.8,554163.8,561434.0,581137.9,534231.5,608022.6,344548.8,521217.9,377931.7
714,12347,52.4509,13.4281,Berlin,BE,"Berlin, Stadt",11000.0,"(52.4509, 13.4281)",502599.9,495596.6,154569.5,551245.1,640041.9,56210.4,772654.6,506483.8,559182.8,566453.0,586156.9,539250.5,613041.6,349567.8,526236.9,382950.7
715,12349,52.4253,13.4221,Berlin,BE,"Berlin, Stadt",11000.0,"(52.4253, 13.4221)",495653.5,488650.2,147623.1,544298.7,633095.5,57314.5,765708.2,499537.4,552236.4,559506.6,579210.5,532304.1,606095.2,342621.4,519290.5,376004.3
716,12351,52.4328,13.4555,Berlin,BE,"Berlin, Stadt",11000.0,"(52.4328, 13.4555)",503695.6,496692.2,155665.2,552340.8,641137.6,59799.2,773750.2,507579.4,560278.4,567548.6,587252.5,540346.1,614137.2,350663.5,527332.6,384046.3
717,12353,52.4227,13.4589,Berlin,BE,"Berlin, Stadt",11000.0,"(52.4227, 13.4589)",502979.7,495976.4,154949.3,551624.9,640421.7,60713.3,773034.4,506863.6,559562.6,566832.8,586536.7,539630.3,613421.4,349947.6,526616.7,383330.5
718,12355,52.411,13.4978,Berlin,BE,"Berlin, Stadt",11000.0,"(52.411, 13.4978)",505832.5,498829.2,157802.1,554477.7,643274.5,64406.2,775887.2,509716.4,562415.4,569685.6,589389.5,542483.1,616274.2,352800.4,529469.5,386183.3
719,12357,52.4293,13.4905,Berlin,BE,"Berlin, Stadt",11000.0,"(52.4293, 13.4905)",509239.3,502235.9,161208.9,557884.5,646681.3,61965.9,779294.0,513123.1,565822.1,573092.4,592796.2,545889.8,619680.9,356207.2,532876.3,389590.1
720,12359,52.4473,13.4531,Berlin,BE,"Berlin, Stadt",11000.0,"(52.4473, 13.4531)",513722.1,506718.8,165691.7,562367.3,651164.1,58417.2,783776.8,517606.0,570305.0,577575.2,597279.1,550372.7,624163.8,360690.0,537359.1,394072.9
721,12435,52.4866,13.4672,Berlin,BE,"Berlin, Stadt",11000.0,"(52.4866, 13.4672)",506806.3,499803.0,158775.9,555451.5,644248.3,60416.8,776861.0,510690.2,563389.2,570659.4,590363.2,543456.9,617247.9,353774.2,530443.3,387157.1
722,12437,52.4624,13.4817,Berlin,BE,"Berlin, Stadt",11000.0,"(52.4624, 13.4817)",514126.5,507123.1,166096.1,562771.7,651568.5,59224.2,784181.2,518010.4,570709.4,577979.6,597683.4,550777.1,624568.1,361094.4,537763.5,394477.3
723,12439,52.4528,13.5286,Berlin,BE,"Berlin, Stadt",11000.0,"(52.4528, 13.5286)",512658.7,505655.3,164628.3,561303.9,650100.7,62856.8,782713.4,516542.5,569241.6,576511.8,596215.6,549309.3,623100.3,359626.6,536295.7,393009.5
724,12459,52.4656,13.528,Berlin,BE,"Berlin, Stadt",11000.0,"(52.4656, 13.528)",513725.4,506722.1,165695.0,562370.6,651167.4,63367.8,783780.1,517609.3,570308.3,577578.5,597282.3,550376.0,624167.0,360693.3,537362.4,394076.2
725,12487,52.4437,13.5052,Berlin,BE,"Berlin, Stadt",11000.0,"(52.4437, 13.5052)",510053.1,503049.8,162022.7,558698.3,647495.1,62905.7,780107.8,513937.0,566636.0,573906.2,593610.1,546703.7,620494.8,357021.0,533690.1,390403.9
726,12489,52.4356,13.5432,Berlin,BE,"Berlin, Stadt",11000.0,"(52.4356, 13.5432)",509921.7,502918.4,161891.3,558566.9,647363.7,65109.6,779976.4,513805.6,566504.6,573774.8,593478.7,546572.3,620363.4,356889.6,533558.7,390272.5
727,12524,52.4128,13.5417,Berlin,BE,"Berlin, Stadt",11000.0,"(52.4128, 13.5417)",506290.9,499287.5,158260.5,554936.1,643732.9,66090.9,776345.6,510174.8,562873.8,570144.0,589847.8,542941.5,616732.5,353258.8,529927.9,386641.7
728,12526,52.3976,13.5642,Berlin,BE,"Berlin, Stadt",11000.0,"(52.3976, 13.5642)",504337.5,497334.1,156307.1,552982.7,641779.5,66007.0,774392.2,508221.3,560920.4,568190.6,587894.4,540988.0,614779.1,351305.4,527974.5,384688.3
729,12527,52.3856,13.6339,Berlin,BE,"Berlin, Stadt",11000.0,"(52.3856, 13.6339)",509139.6,502136.2,161109.2,557784.7,646581.5,101165.8,779194.2,513023.4,565722.4,572992.6,592696.5,545790.1,619581.2,356107.4,532776.5,389490.3
730,12529,52.45285,13.45185,Brandenburg,BB,Landkreis Dahme-Spreewald,12061.0,"(52.45285, 13.45185)",503639.5,496636.2,155609.1,552284.7,641081.5,57250.0,773694.2,507523.4,560222.4,567492.6,587196.5,540290.1,614081.2,350607.4,527276.5,383990.3
731,12555,52.4627,13.5791,Berlin,BE,"Berlin, Stadt",11000.0,"(52.4627, 13.5791)",513988.1,506984.7,165957.7,562633.3,651430.1,67865.8,784042.8,517871.9,570570.9,577841.2,597545.0,550638.6,624429.7,360956.0,537625.1,394338.9
732,12557,52.4303,13.592,Berlin,BE,"Berlin, Stadt",11000.0,"(52.4303, 13.592)",511724.9,504721.6,163694.5,560370.1,649166.9,72223.3,781779.6,515608.8,568307.8,575578.0,595281.9,548375.5,622166.6,358692.8,535361.9,392075.7
733,12559,52.4149,13.6634,Berlin,BE,"Berlin, Stadt",11000.0,"(52.4149, 13.6634)",517252.5,510249.1,169222.1,565897.7,654694.5,77750.9,787307.2,521136.3,573835.4,581105.6,600809.4,553903.0,627694.1,364220.4,540889.5,397603.3
734,12587,52.4586,13.6362,Berlin,BE,"Berlin, Stadt",11000.0,"(52.4586, 13.6362)",515068.1,508064.7,167037.7,563713.3,652510.1,105256.5,785122.7,518951.9,571650.9,578921.1,598625.0,551718.6,625509.7,362036.0,538705.1,395418.8
735,12589,52.4438,13.7034,Berlin,BE,"Berlin, Stadt",11000.0,"(52.4438, 13.7034)",527205.4,520202.0,179175.0,575850.6,664647.3,106116.3,797260.0,531089.2,583788.2,591058.4,610762.3,563855.9,637647.0,374173.2,550842.4,407556.1
736,12619,52.5235,13.5883,Berlin,BE,"Berlin, Stadt",11000.0,"(52.5235, 13.5883)",521096.0,514092.7,173065.6,569741.2,658538.0,94592.3,791150.7,524979.9,577678.9,584949.1,604653.0,557746.6,631537.7,368063.9,544733.0,401446.8
737,12621,52.5027,13.5878,Berlin,BE,"Berlin, Stadt",11000.0,"(52.5027, 13.5878)",518704.8,511701.5,170674.4,567350.0,656146.8,96147.6,788759.5,522588.7,575287.7,582557.9,602261.8,555355.4,629146.5,365672.7,542341.8,399055.6
