,zipcode,lat,long,state,state_code,community_name,community_code,coor,AKB Kitzingen,AKB Dortmund,AKB Zörbig,AKB Schöneck,AKB Buch,Mosolf Etzin,Mosolf Kippenheim,BLG Kelheim,BLG Duisburg,BLG Neuss,Carservice Erkens,ARS Altmann Wolnzach,CAT Zülpich,Autohaus Siebrecht,Neu: FleetParQ Essen ,Neu: FleetParQ Kassel
4100,58452,51.4315,7.334,Nordrhein-Westfalen,NW,Ennepe-Ruhr-Kreis,5954.0,"(51.4315, 7.334)",353527.2,21821.5,415517.5,229201.5,548457.8,484052.4,463188.0,590983.2,56783.0,67454.2,83757.0,598676.1,114523.3,192592.7,25944.1,182797.6
4101,58453,51.4434,7.3633,Nordrhein-Westfalen,NW,Ennepe-Ruhr-Kreis,5954.0,"(51.4434, 7.3633)",351305.7,19600.0,413296.0,226980.0,546236.3,481830.9,452569.6,588761.7,60686.5,74522.6,87660.6,596454.6,121591.8,190371.3,29847.6,180576.1
4102,58454,51.4644,7.3739,Nordrhein-Westfalen,NW,Ennepe-Ruhr-Kreis,5954.0,"(51.4644, 7.3739)",352129.7,15935.1,414120.0,227804.0,547060.3,482615.2,453393.6,589585.7,58209.4,72045.5,85183.5,597278.6,119114.7,191195.3,27370.5,181400.1
4103,58455,51.4452,7.3303,Nordrhein-Westfalen,NW,Ennepe-Ruhr-Kreis,5954.0,"(51.4452, 7.3303)",354674.9,22969.2,416665.2,230349.2,549605.5,485200.1,462021.5,592130.9,54974.9,66287.7,81948.9,599823.8,113356.8,193740.5,24136.0,183945.3
4104,58456,51.4046,7.2583,Nordrhein-Westfalen,NW,Ennepe-Ruhr-Kreis,5954.0,"(51.4046, 7.2583)",376574.4,32838.3,426534.3,240218.3,571505.0,495069.2,457484.0,579411.6,53765.1,61750.2,80739.2,587104.5,108819.3,203609.6,22926.2,193814.4
4105,58507,51.2258,7.6342,Nordrhein-Westfalen,NW,Märkischer Kreis,5962.0,"(51.2258, 7.6342)",307517.6,47363.5,429412.2,183191.8,502448.2,497947.1,408781.4,510354.8,100159.8,101150.8,127133.9,518047.7,154007.6,206487.5,69320.9,196692.3
4106,58509,51.2269,7.613,Nordrhein-Westfalen,NW,Märkischer Kreis,5962.0,"(51.2269, 7.613)",307536.4,45041.4,427090.1,183210.7,502467.0,495625.0,408800.3,510373.7,97837.7,98828.7,124811.8,518066.5,110145.0,204165.4,66998.9,194370.2
4107,58511,51.2169,7.6457,Nordrhein-Westfalen,NW,Märkischer Kreis,5962.0,"(51.2169, 7.6457)",304851.1,48424.4,430473.1,180525.3,499781.7,499008.0,406114.9,507688.3,101220.8,102211.7,128194.8,515381.2,151341.1,207548.4,70381.9,197753.2
4108,58513,51.2462,7.6201,Nordrhein-Westfalen,NW,Märkischer Kreis,5962.0,"(51.2462, 7.6201)",309831.2,44591.2,426639.9,185505.4,504761.8,495174.8,411095.0,512668.4,97387.5,98378.5,124361.6,520361.3,144967.0,203715.2,66548.7,193920.0
4109,58515,51.2012,7.6258,Nordrhein-Westfalen,NW,Märkischer Kreis,5962.0,"(51.2012, 7.6258)",307233.6,50808.1,432856.8,182907.8,502164.2,501391.7,408497.4,510070.8,103604.5,104595.4,130578.5,517763.7,153723.6,209932.1,72765.6,200136.9
4110,58540,51.1074,7.6484,Nordrhein-Westfalen,NW,Märkischer Kreis,5962.0,"(51.1074, 7.6484)",291331.2,65187.2,473684.3,167005.4,486261.7,515770.8,392595.0,494168.4,127101.9,105388.9,160242.4,501861.3,115310.5,224311.2,87144.6,214516.0
4111,58553,51.1861,7.4982,Nordrhein-Westfalen,NW,Märkischer Kreis,5962.0,"(51.1861, 7.4982)",308465.6,57366.6,439415.4,184139.9,503396.2,507950.3,409729.4,511302.8,101216.9,73829.8,134357.4,518995.7,98468.6,216490.6,67542.2,206695.5
4112,58566,51.134,7.5908,Nordrhein-Westfalen,NW,Märkischer Kreis,5962.0,"(51.134, 7.5908)",298105.4,61751.9,443800.6,173779.7,493036.0,512335.5,399369.3,500942.7,111678.6,84291.5,144819.1,508635.5,116273.7,220875.9,83709.4,211080.7
4113,58579,51.2412,7.5279,Nordrhein-Westfalen,NW,Märkischer Kreis,5962.0,"(51.2412, 7.5279)",317231.8,48832.5,430881.2,192906.1,512162.4,499416.1,418495.7,520069.1,101628.9,102619.8,128602.9,527762.0,106627.8,207956.5,70790.0,198161.3
4114,58636,51.38,7.7032,Nordrhein-Westfalen,NW,Märkischer Kreis,5962.0,"(51.38, 7.7032)",342789.6,41002.8,400429.0,218463.9,537720.2,476388.2,444053.5,545626.9,93799.2,86909.0,120773.2,553319.8,133497.6,177504.3,62960.3,167709.1
4115,58638,51.3743,7.6961,Nordrhein-Westfalen,NW,Märkischer Kreis,5962.0,"(51.3743, 7.6961)",341139.1,39352.3,400676.3,216813.4,536069.7,489935.9,442403.0,543976.4,92148.6,85258.5,119122.7,551669.2,131847.0,177751.6,61309.8,167956.4
4116,58640,51.3667,7.7,Nordrhein-Westfalen,NW,Märkischer Kreis,5962.0,"(51.3667, 7.7)",342277.4,40490.6,402205.8,217951.7,537208.0,491074.2,443541.2,545114.6,93286.9,86396.8,120261.0,552807.5,132985.3,179281.1,62448.0,169485.9
4117,58642,51.3708,7.6109,Nordrhein-Westfalen,NW,Märkischer Kreis,5962.0,"(51.3708, 7.6109)",334908.4,33121.5,415170.3,210582.6,529838.9,483705.2,436172.2,537745.6,85917.9,79027.7,112892.0,545438.5,125616.3,192245.5,55079.0,182450.4
4118,58644,51.3246,7.6968,Nordrhein-Westfalen,NW,Märkischer Kreis,5962.0,"(51.3246, 7.6968)",323377.8,44221.8,409917.6,199052.1,518308.4,494805.4,424641.7,526215.1,97018.1,90128.0,123992.2,533907.9,136716.5,186992.9,66179.2,177197.7
4119,58675,51.3871,7.7702,Nordrhein-Westfalen,NW,Märkischer Kreis,5962.0,"(51.3871, 7.7702)",346686.9,44900.0,390037.4,222361.1,541617.4,465839.1,447950.7,565503.1,97696.4,90806.2,124670.5,573196.0,137394.8,167112.6,66857.5,157317.5
4120,58706,51.4408,7.7887,Nordrhein-Westfalen,NW,Märkischer Kreis,5962.0,"(51.4408, 7.7887)",352501.3,33214.1,382795.6,226935.3,547431.9,458597.3,452524.9,558261.3,112295.2,101167.1,139269.3,565954.2,147755.7,159870.8,69865.9,150075.7
4121,58708,51.4553,7.7764,Nordrhein-Westfalen,NW,Märkischer Kreis,5962.0,"(51.4553, 7.7764)",352319.8,32523.5,382614.0,228666.5,547250.4,458415.8,454256.1,558079.8,111604.6,100476.5,138578.7,565772.6,147065.1,159689.3,69175.3,149894.1
4122,58710,51.4187,7.8259,Nordrhein-Westfalen,NW,Märkischer Kreis,5962.0,"(51.4187, 7.8259)",354896.3,37115.9,385190.5,228925.6,549826.9,460992.3,454515.2,560656.3,104260.9,97370.7,131235.0,568349.1,143959.3,162265.8,73422.0,152470.6
4123,58730,51.4756,7.7695,Nordrhein-Westfalen,NW,Unna,5978.0,"(51.4756, 7.7695)",351679.1,29974.5,381973.3,238632.8,546609.6,457775.0,464222.4,557439.0,109055.6,97927.5,136029.7,565131.9,144516.1,159048.6,66626.2,149253.4
4124,58739,51.4964,7.8659,Nordrhein-Westfalen,NW,Soest,5974.0,"(51.4964, 7.8659)",342790.5,38755.1,373084.8,247413.4,537721.1,448886.5,473003.0,548550.5,117836.2,106708.2,144810.3,556243.4,153296.7,150160.1,75406.9,140364.9
4125,58762,51.2947,7.6734,Nordrhein-Westfalen,NW,Märkischer Kreis,5962.0,"(51.2947, 7.6734)",316953.4,46207.0,428255.7,192627.6,511884.0,496790.7,418217.2,519790.6,99003.4,92113.2,125977.5,527483.5,138701.8,205331.0,68164.5,195535.8
4126,58769,51.3167,7.6167,Nordrhein-Westfalen,NW,Märkischer Kreis,5962.0,"(51.3167, 7.6167)",319944.7,48203.6,430252.3,195619.0,514875.3,498787.2,421208.5,522781.9,101000.0,101990.9,127974.0,530474.8,148579.5,207327.6,70161.1,197532.4
4127,58791,51.2601,7.7661,Nordrhein-Westfalen,NW,Märkischer Kreis,5962.0,"(51.2601, 7.7661)",315220.9,57868.1,413575.7,190895.2,510151.5,489377.4,416484.8,518058.2,110664.4,111655.4,137638.5,525751.0,161710.9,190650.9,79825.6,180855.8
4128,58802,51.3315,7.8642,Nordrhein-Westfalen,NW,Märkischer Kreis,5962.0,"(51.3315, 7.8642)",330691.9,63765.4,398095.0,206366.1,525622.4,473896.7,431955.7,533529.1,111787.5,104897.4,138761.6,541222.0,151485.9,175170.3,80948.6,165375.1
4129,58809,51.2828,7.7825,Nordrhein-Westfalen,NW,Märkischer Kreis,5962.0,"(51.2828, 7.7825)",320135.5,60217.0,408756.3,195809.7,515066.0,484558.0,421399.3,522972.7,113013.3,106123.2,139987.4,530665.6,166625.5,185831.6,82174.4,176036.4
4130,58840,51.2095,7.8726,Nordrhein-Westfalen,NW,Märkischer Kreis,5962.0,"(51.2095, 7.8726)",303606.8,70571.8,414885.5,179281.0,498537.4,490687.2,404870.6,506444.0,123368.1,124359.1,150342.2,514136.9,150096.8,191960.8,92529.3,182165.6
4131,58849,51.1923,7.8063,Nordrhein-Westfalen,NW,Märkischer Kreis,5962.0,"(51.1923, 7.8063)",310294.9,65094.4,419769.0,185969.2,505225.5,495570.7,411558.8,513132.2,117890.7,118881.7,144864.8,520825.1,156785.0,196844.3,87051.8,187049.1
4132,59063,51.6747,7.8407,Nordrhein-Westfalen,NW,"Hamm, Stadt",5915.0,"(51.6747, 7.8407)",354602.6,41378.8,395328.6,252940.5,549533.2,431860.1,478530.1,560362.6,104965.0,112235.2,131939.1,568055.5,158823.8,161972.2,72019.2,152177.0
4133,59065,51.6802,7.8134,Nordrhein-Westfalen,NW,"Hamm, Stadt",5915.0,"(51.6802, 7.8134)",354936.3,38155.7,396221.1,249717.4,549866.9,432752.6,475306.9,560696.3,101741.9,109012.1,128716.0,568389.2,155600.7,162305.9,68796.0,152510.7
4134,59067,51.6742,7.7799,Nordrhein-Westfalen,NW,"Hamm, Stadt",5915.0,"(51.6742, 7.7799)",357115.0,36574.2,398083.3,248378.0,552045.6,434614.8,473967.5,562875.0,100160.4,107672.7,127134.5,570567.9,154261.3,164484.6,67214.5,154689.4
4135,59069,51.645,7.8608,Nordrhein-Westfalen,NW,"Hamm, Stadt",5915.0,"(51.645, 7.8608)",351619.4,38395.6,399295.9,249957.2,546549.9,435827.4,475546.8,557379.3,101981.8,109252.0,128955.8,565072.2,155840.6,158988.9,69035.9,149193.7
4136,59071,51.691,7.8704,Nordrhein-Westfalen,NW,"Hamm, Stadt",5915.0,"(51.691, 7.8704)",349282.2,44031.2,391668.5,255592.9,544212.8,428200.0,481182.5,555042.2,107617.4,114887.6,134591.5,562735.1,161476.2,156651.7,74671.5,146856.6
4137,59073,51.6833,7.8,Nordrhein-Westfalen,NW,"Hamm, Stadt",5915.0,"(51.6833, 7.8)",356795.6,40445.3,396832.5,251673.5,551726.2,433364.0,477263.1,562555.6,104031.6,110968.3,131005.6,570248.4,157556.8,164165.1,71085.7,154370.0
4138,59075,51.6866,7.7359,Nordrhein-Westfalen,NW,"Hamm, Stadt",5915.0,"(51.6866, 7.7359)",365008.4,35626.9,412218.4,246855.1,559938.9,448749.9,472444.7,570768.4,99213.1,106149.9,126187.2,578461.2,152738.4,172377.9,66267.3,162582.7
4139,59077,51.6425,7.7343,Nordrhein-Westfalen,NW,"Hamm, Stadt",5915.0,"(51.6425, 7.7343)",359208.5,32226.4,406418.5,243788.1,554139.1,442950.1,469377.7,564968.5,95812.6,103082.8,122786.7,572661.3,149671.4,166578.0,62866.7,156782.9
4140,59174,51.5923,7.6638,Nordrhein-Westfalen,NW,Unna,5978.0,"(51.5923, 7.6638)",362713.0,21851.5,414154.2,234965.6,557643.6,450685.7,460555.1,568473.0,85437.7,94260.3,112411.8,576165.9,140848.9,170082.6,52491.9,160287.4
4141,59192,51.6163,7.6445,Nordrhein-Westfalen,NW,Unna,5978.0,"(51.6163, 7.6445)",365455.2,23062.8,415906.7,237707.7,560385.7,452438.2,463297.3,571215.1,86649.0,97002.4,113623.1,578908.0,143591.0,172824.7,53703.2,163029.5
4142,59199,51.6,7.7667,Nordrhein-Westfalen,NW,Unna,5978.0,"(51.6, 7.7667)",352782.3,30566.3,405536.4,242128.0,547712.9,442067.9,467717.6,558542.3,94152.6,101422.8,121126.6,566235.2,148011.3,160151.9,61206.7,150356.7
4143,59227,51.7602,7.8845,Nordrhein-Westfalen,NW,Warendorf,5570.0,"(51.7602, 7.8845)",352349.8,53419.5,384793.8,264647.7,547280.3,421325.3,490237.3,558109.7,117005.7,123942.4,143979.8,565802.6,170531.0,159719.3,84059.8,149924.1
4144,59229,51.7502,7.8968,Nordrhein-Westfalen,NW,Warendorf,5570.0,"(51.7502, 7.8968)",350456.4,56170.0,384884.4,267731.7,545387.0,421415.9,493321.3,556216.4,119756.3,127026.5,146730.3,563909.3,173615.0,157826.0,86810.4,148030.8
4145,59269,51.7557,8.0407,Nordrhein-Westfalen,NW,Warendorf,5570.0,"(51.7557, 8.0407)",346938.9,60003.7,375707.0,271565.3,541869.4,412238.5,497154.9,552698.8,123589.9,130860.1,150563.9,560391.7,177448.6,154308.4,90644.0,144513.2
4146,59302,51.8289,8.1472,Nordrhein-Westfalen,NW,Warendorf,5570.0,"(51.8289, 8.1472)",357314.3,67853.4,364481.8,279415.1,552244.9,401013.3,505004.7,563074.3,131439.6,138709.8,158413.7,570767.2,185298.4,149532.7,98493.8,154888.7
4147,59320,51.8384,8.0309,Nordrhein-Westfalen,NW,Warendorf,5570.0,"(51.8384, 8.0309)",367321.1,64886.0,374488.6,276447.7,562251.7,411020.1,502037.3,573081.1,128472.3,135742.5,155446.3,580774.0,182331.0,159539.5,95526.4,164895.5
4148,59329,51.7333,8.25,Nordrhein-Westfalen,NW,Warendorf,5570.0,"(51.7333, 8.25)",327410.5,79720.6,371653.5,305294.1,522341.1,408185.0,531177.1,533170.5,143306.8,150577.0,170280.9,540863.4,197165.6,134780.1,110360.9,124984.9
4149,59348,51.7683,7.4438,Nordrhein-Westfalen,NW,Coesfeld,5558.0,"(51.7683, 7.4438)",399368.6,36468.6,443366.1,271621.1,594299.2,479897.6,497210.7,605128.6,83684.5,107793.1,110658.5,612821.5,177504.4,206738.1,63160.7,196943.0
4150,59368,51.6645,7.6342,Nordrhein-Westfalen,NW,Unna,5978.0,"(51.6645, 7.6342)",373518.0,25087.4,417515.5,245770.6,568448.6,454047.0,471360.1,579278.0,98128.6,105065.3,125102.6,586970.9,151653.9,180887.6,65182.7,171092.4
4151,59379,51.6969,7.4681,Nordrhein-Westfalen,NW,Unna,5978.0,"(51.6969, 7.4681)",389478.1,27617.0,433475.5,261730.6,584408.7,470007.1,487320.2,595238.1,82659.2,98299.8,109633.3,602930.9,167613.9,196847.6,49708.0,187052.4
4152,59387,51.7833,7.6167,Nordrhein-Westfalen,NW,Coesfeld,5558.0,"(51.7833, 7.6167)",388239.9,49264.2,432237.4,260492.4,583170.5,468768.9,486082.0,593999.9,112850.4,119787.1,139824.5,601692.7,166375.7,195609.4,79904.6,185814.2
4153,59394,51.7383,7.522,Nordrhein-Westfalen,NW,Coesfeld,5558.0,"(51.7383, 7.522)",389370.3,32195.9,433367.7,261622.8,584300.8,469899.3,487212.4,595130.3,87673.5,120917.5,114647.5,602823.1,167506.1,196739.8,59519.9,186944.6
4154,59399,51.7079,7.3789,Nordrhein-Westfalen,NW,Coesfeld,5558.0,"(51.7079, 7.3789)",397322.5,29793.9,441320.0,254306.5,592253.1,477851.5,479896.1,603082.5,73561.0,97669.7,100535.1,610775.3,151621.5,204692.0,40588.7,194896.9
4155,59423,51.5302,7.676,Nordrhein-Westfalen,NW,Unna,5978.0,"(51.5302, 7.676)",353779.9,20005.9,384074.2,228392.2,548710.5,454904.4,453981.8,559539.9,97521.6,87687.0,124495.6,567232.8,134275.5,161149.5,56385.7,151354.3
4156,59425,51.5485,7.6849,Nordrhein-Westfalen,NW,Unna,5978.0,"(51.5485, 7.6849)",354620.7,17245.9,384915.0,230431.3,549551.3,447911.3,456020.9,560380.7,93955.2,89726.1,120929.3,568073.6,136314.6,161990.3,58424.8,152195.1
4157,59427,51.5393,7.7283,Nordrhein-Westfalen,NW,Unna,5978.0,"(51.5393, 7.7283)",353416.9,24480.8,383711.2,233139.1,548347.5,447844.3,458728.7,559176.9,101458.0,92433.8,128432.1,566869.8,139022.4,160786.5,61132.6,150991.3
4158,59439,51.5,7.6333,Nordrhein-Westfalen,NW,Unna,5978.0,"(51.5, 7.6333)",358597.9,15929.7,388892.2,230853.4,553528.5,456409.4,456443.0,564357.9,90918.2,90148.2,117892.3,572050.8,136736.7,165967.5,45217.2,156172.3
4159,59457,51.5549,7.914,Nordrhein-Westfalen,NW,Soest,5974.0,"(51.5549, 7.914)",336989.3,37193.2,367283.6,245851.5,531919.9,442119.3,471441.0,542749.3,107798.1,105146.2,134772.1,550442.2,151734.8,144358.9,73844.9,134563.7
4160,59469,51.5133,7.9494,Nordrhein-Westfalen,NW,Soest,5974.0,"(51.5133, 7.9494)",337059.2,39013.2,367353.4,247671.5,531989.8,449417.6,473261.1,542819.2,118094.3,106966.3,145068.4,550512.0,153554.8,144428.7,75665.0,134633.6
4161,59494,51.5756,8.1062,Nordrhein-Westfalen,NW,Soest,5974.0,"(51.5756, 8.1062)",322953.7,52934.8,353247.9,261593.1,517884.3,439468.8,487182.7,528713.7,132015.9,120887.8,158990.0,536406.5,167476.4,130323.2,89586.6,120528.1
4162,59505,51.5833,8.1667,Nordrhein-Westfalen,NW,Soest,5974.0,"(51.5833, 8.1667)",322524.5,57174.6,352818.8,300408.1,517455.1,429773.2,526291.0,528284.5,136255.7,125127.7,163229.8,535977.4,171716.2,129894.1,93826.4,120098.9
4163,59510,51.6766,8.1224,Nordrhein-Westfalen,NW,Soest,5974.0,"(51.6766, 8.1224)",328519.9,59730.1,358814.1,271291.8,523450.5,420232.0,496881.3,534279.9,123316.3,130586.5,150290.4,541972.7,177175.1,135889.4,90370.4,126094.2
4164,59514,51.6167,7.9667,Nordrhein-Westfalen,NW,Soest,5974.0,"(51.6167, 7.9667)",338869.6,45573.2,369163.8,257134.8,533800.1,432164.8,482724.4,544629.5,109159.4,116429.6,136133.4,552322.4,163018.1,146239.1,76213.5,136443.9
4165,59519,51.5,8.1333,Nordrhein-Westfalen,NW,Soest,5974.0,"(51.5, 8.1333)",326617.5,55245.5,356911.8,215137.2,521548.1,456137.5,440726.8,532377.5,134326.6,123198.5,161300.7,540070.4,169787.1,133987.1,91897.3,124191.9
4166,59555,51.6767,8.3411,Nordrhein-Westfalen,NW,Soest,5974.0,"(51.6767, 8.3411)",318812.2,76753.6,349106.4,296695.8,513742.8,409877.2,522578.7,524572.2,139174.6,144706.7,166148.7,532265.0,191295.2,126181.7,113405.4,116386.6
4167,59556,51.6667,8.35,Nordrhein-Westfalen,NW,Soest,5974.0,"(51.6667, 8.35)",310250.8,75059.4,340545.1,215468.2,505181.4,411449.9,514017.4,516010.8,154140.5,143012.4,181114.6,523703.7,189601.0,117620.4,111711.2,107825.2
4168,59557,51.6574,8.3435,Nordrhein-Westfalen,NW,Soest,5974.0,"(51.6574, 8.3435)",316528.9,74470.4,346823.2,294412.5,511459.5,412062.5,520295.4,522288.9,153551.4,142423.4,180525.5,529981.8,189012.0,123898.5,111122.1,114103.3
4169,59558,51.6667,8.35,Nordrhein-Westfalen,NW,Soest,5974.0,"(51.6667, 8.35)",310250.8,75059.4,340545.1,215468.2,505181.4,411449.9,514017.4,516010.8,154140.5,143012.4,181114.6,523703.7,189601.0,117620.4,111711.2,107825.2
4170,59581,51.4662,8.3108,Nordrhein-Westfalen,NW,Soest,5974.0,"(51.4662, 8.3108)",317588.2,81060.7,347882.5,202620.5,512518.8,446712.5,428210.1,523348.2,160141.8,149013.7,187115.8,531041.1,195602.3,124957.7,117712.4,115162.6
4171,59590,51.6409,8.5109,Nordrhein-Westfalen,NW,Soest,5974.0,"(51.6409, 8.5109)",297742.7,83053.1,328037.0,275626.3,492673.3,416997.0,501509.2,503502.7,162134.2,151006.1,189108.2,511195.6,197594.7,105112.2,119704.8,95317.1
4172,59597,51.6034,8.2908,Nordrhein-Westfalen,NW,Soest,5974.0,"(51.6034, 8.2908)",310393.7,68335.1,340688.0,288277.3,505324.3,419848.6,514160.2,516153.7,147416.2,136288.2,174390.3,523846.5,182876.7,117763.2,104986.9,107968.1
4173,59602,51.4909,8.436,Nordrhein-Westfalen,NW,Soest,5974.0,"(51.4909, 8.436)",304881.0,80255.1,335175.2,194216.2,499811.6,434005.3,419805.8,510641.0,159336.2,148208.1,186310.2,518333.8,194796.7,112250.5,116906.8,102455.3
4174,59609,51.5667,8.3333,Nordrhein-Westfalen,NW,Soest,5974.0,"(51.5667, 8.3333)",311214.4,67852.3,341508.7,209185.7,506145.0,421898.5,434775.3,516974.4,146933.4,135805.4,173907.5,524667.3,182393.9,118583.9,104504.1,108788.8
4175,59755,51.3833,8.0833,Nordrhein-Westfalen,NW,Hochsauerlandkreis,5958.0,"(51.3833, 8.0833)",344666.6,58840.0,374960.9,214775.7,539597.2,468971.4,440365.3,550426.6,137921.1,126793.1,164895.2,558119.4,173381.6,152036.1,95491.8,142241.0
4176,59757,51.3833,8.0833,Nordrhein-Westfalen,NW,Hochsauerlandkreis,5958.0,"(51.3833, 8.0833)",344666.6,58840.0,374960.9,214775.7,539597.2,468971.4,440365.3,550426.6,137921.1,126793.1,164895.2,558119.4,173381.6,152036.1,95491.8,142241.0
4177,59759,51.4263,7.9913,Nordrhein-Westfalen,NW,Hochsauerlandkreis,5958.0,"(51.4263, 7.9913)",353910.3,49875.0,384204.6,214955.4,548840.9,460006.3,440545.0,559670.3,128956.1,117828.0,155930.1,567363.2,164416.6,161279.9,86526.7,151484.7
4178,59821,51.3997,8.0627,Nordrhein-Westfalen,NW,Hochsauerlandkreis,5958.0,"(51.3997, 8.0627)",342431.2,55814.8,372725.5,207908.3,537361.8,465946.2,433497.8,548191.2,134895.9,123767.9,161870.0,555884.1,170356.4,149800.8,92466.6,140005.6
4179,59823,51.3833,8.0833,Nordrhein-Westfalen,NW,Hochsauerlandkreis,5958.0,"(51.3833, 8.0833)",344666.6,58840.0,374960.9,214775.7,539597.2,468971.4,440365.3,550426.6,137921.1,126793.1,164895.2,558119.4,173381.6,152036.1,95491.8,142241.0
4180,59846,51.3281,8.0037,Nordrhein-Westfalen,NW,Hochsauerlandkreis,5958.0,"(51.3281, 8.0037)",365730.6,61695.2,396024.8,205162.0,560661.2,471826.6,430751.6,571490.6,140776.3,129648.2,167750.4,579183.4,176236.8,173100.1,98347.0,163305.0
4181,59872,51.3502,8.2833,Nordrhein-Westfalen,NW,Hochsauerlandkreis,5958.0,"(51.3502, 8.2833)",327982.1,74556.0,358276.4,189050.0,522912.7,457106.4,414639.6,533742.1,153637.1,142509.0,180611.2,541435.0,189097.6,135351.7,111207.8,125556.5
