,zipcode,lat,long,state,state_code,community_name,community_code,coor,AKB Kitzingen,AKB Dortmund,AKB Zörbig,AKB Schöneck,AKB Buch,Mosolf Etzin,Mosolf Kippenheim,BLG Kelheim,BLG Duisburg,BLG Neuss,Carservice Erkens,ARS Altmann Wolnzach,CAT Zülpich,Autohaus Siebrecht,Neu: FleetParQ Essen ,Neu: FleetParQ Kassel
3198,45891,51.5592,7.0841,Nordrhein-Westfalen,NW,"Gelsenkirchen, Stadt",5513.0,"(51.5592, 7.0841)",400935.8,34777.5,453693.6,253039.8,595866.4,490225.1,481845.4,612243.5,43303.1,67411.8,70277.2,619936.4,133545.3,213853.1,11003.9,204057.9
3199,45892,51.5748,7.1165,Nordrhein-Westfalen,NW,"Gelsenkirchen, Stadt",5513.0,"(51.5748, 7.1165)",402426.2,38992.5,449636.2,257021.8,597356.8,486167.8,486181.6,608186.2,47639.3,71747.9,74613.4,615879.1,137881.5,209795.7,13530.3,200000.6
3200,45894,51.579,7.0579,Nordrhein-Westfalen,NW,"Gelsenkirchen, Stadt",5513.0,"(51.579, 7.0579)",401516.6,43630.6,454274.3,261659.9,596447.1,490805.8,482426.1,612824.2,43883.8,67992.5,70857.9,620517.1,134126.0,214433.8,13108.3,204638.6
3201,45896,51.6071,7.0488,Nordrhein-Westfalen,NW,"Gelsenkirchen, Stadt",5513.0,"(51.6071, 7.0488)",402654.6,46840.9,457484.6,264870.2,597585.2,494016.1,483564.2,616034.6,45021.9,69130.5,71995.9,623727.4,135264.1,217644.1,16318.7,207848.9
3202,45897,51.5717,7.0471,Nordrhein-Westfalen,NW,"Gelsenkirchen, Stadt",5513.0,"(51.5717, 7.0471)",401607.5,43721.5,454365.2,261750.8,596538.1,490896.8,482517.1,612915.2,43974.8,68083.4,70948.9,620608.0,134217.0,214524.7,13199.3,204729.6
3203,45899,51.533,7.0234,Nordrhein-Westfalen,NW,"Gelsenkirchen, Stadt",5513.0,"(51.533, 7.0234)",396316.7,38650.9,457588.1,256913.2,591247.3,494119.6,477226.3,599153.9,38684.0,62792.6,65658.1,606846.8,128926.2,217747.6,9279.9,207952.4
3204,45964,51.5713,6.9827,Nordrhein-Westfalen,NW,Recklinghausen,5562.0,"(51.5713, 6.9827)",395516.5,49681.2,460324.9,267710.5,590447.1,496856.5,476426.1,598353.7,37883.8,61992.4,64857.9,606046.6,128126.0,220484.4,19989.7,210689.3
3205,45966,51.5842,6.9746,Nordrhein-Westfalen,NW,Recklinghausen,5562.0,"(51.5842, 6.9746)",396392.1,51895.1,462538.8,269924.4,591322.7,499070.4,477301.7,599229.4,38759.4,62868.0,65733.5,606922.2,129001.6,222698.3,22203.6,212903.2
3206,45968,51.5566,7.0025,Nordrhein-Westfalen,NW,Recklinghausen,5562.0,"(51.5566, 7.0025)",394485.5,49456.2,460099.9,267485.5,589416.0,496631.4,475395.0,597322.7,36852.7,60961.4,63826.8,605015.6,127094.9,220259.4,12536.9,210464.2
3207,46045,51.4706,6.8568,Nordrhein-Westfalen,NW,"Oberhausen, Stadt",5119.0,"(51.4706, 6.8568)",376333.4,53145.5,472655.1,272748.9,571263.9,509186.6,457242.9,579170.6,18810.6,42809.3,45784.7,586863.5,108942.8,232814.6,21117.4,223019.4
3208,46047,51.4834,6.8798,Nordrhein-Westfalen,NW,"Oberhausen, Stadt",5119.0,"(51.4834, 6.8798)",381913.3,49588.8,469098.4,278328.9,576843.9,505629.9,462822.9,584750.6,24280.6,48389.2,51254.7,592443.4,114522.8,229257.8,22045.1,219462.7
3209,46049,51.4773,6.8413,Nordrhein-Westfalen,NW,"Oberhausen, Stadt",5119.0,"(51.4773, 6.8413)",376829.7,54089.8,473599.4,273245.3,571760.3,510130.9,457739.3,579667.0,19197.0,43305.6,46171.1,587359.8,109439.2,233758.8,26546.1,223963.7
3210,46117,51.5005,6.8859,Nordrhein-Westfalen,NW,"Oberhausen, Stadt",5119.0,"(51.5005, 6.8859)",382066.9,48351.9,467861.5,278482.4,576997.4,504393.0,462976.4,584904.1,24434.1,48542.8,51408.2,592597.0,114676.3,228021.0,20808.2,218225.8
3211,46119,51.4667,6.85,Nordrhein-Westfalen,NW,"Oberhausen, Stadt",5119.0,"(51.4667, 6.85)",375390.9,55732.5,475242.0,271806.4,570321.4,511773.5,456300.4,578228.1,17868.1,41866.8,44842.2,585921.0,108000.3,235401.5,22439.0,225606.3
3212,46145,51.5256,6.8517,Nordrhein-Westfalen,NW,"Oberhausen, Stadt",5119.0,"(51.5256, 6.8517)",383412.5,58003.1,468646.8,279828.1,578343.1,505178.3,464322.1,586249.8,25779.8,49888.4,52753.9,593942.6,116022.0,228806.3,25769.8,219011.1
3213,46147,51.5355,6.8116,Nordrhein-Westfalen,NW,"Oberhausen, Stadt",5119.0,"(51.5355, 6.8116)",383099.7,56120.1,475376.1,279515.3,578030.3,511907.6,464009.3,585937.0,25467.0,49575.6,52441.1,593629.8,115709.2,235535.5,28576.3,225740.4
3214,46149,51.5175,6.8332,Nordrhein-Westfalen,NW,"Oberhausen, Stadt",5119.0,"(51.5175, 6.8332)",380510.5,54123.3,473679.5,276926.1,575441.1,510211.0,461420.1,583347.7,22877.8,46986.4,49851.9,591040.6,113120.0,233839.0,26579.5,224043.8
3215,46236,51.5232,6.9253,Nordrhein-Westfalen,NW,"Bottrop, Stadt",5512.0,"(51.5232, 6.9253)",387264.0,46789.5,463772.5,283679.6,582194.6,500304.0,468173.6,590101.3,29631.3,53739.9,56605.4,597794.1,119873.5,223932.0,19245.8,214136.8
3216,46238,51.5303,6.9681,Nordrhein-Westfalen,NW,"Bottrop, Stadt",5512.0,"(51.5303, 6.9681)",393900.2,44054.6,462243.8,262316.9,588830.8,498775.3,474809.7,596737.4,36267.4,60376.1,63241.5,604430.3,126509.6,222403.3,16510.8,212608.1
3217,46240,51.5167,6.9167,Nordrhein-Westfalen,NW,"Bottrop, Stadt",5512.0,"(51.5167, 6.9167)",384948.1,46680.2,466189.8,281363.7,579878.7,502721.3,465857.7,587785.4,27315.4,51424.0,54289.5,595478.2,117557.6,226349.3,19136.5,216554.1
3218,46242,51.5214,6.9071,Nordrhein-Westfalen,NW,"Bottrop, Stadt",5512.0,"(51.5214, 6.9071)",385213.1,47717.4,467226.9,281628.6,580143.7,503758.4,466122.7,588050.3,27580.4,51689.0,54554.4,595743.2,117822.5,227386.4,20173.7,217591.3
3219,46244,51.6061,6.9154,Nordrhein-Westfalen,NW,"Bottrop, Stadt",5512.0,"(51.6061, 6.9154)",396445.5,57800.5,468444.2,292861.1,591376.1,504975.7,477355.1,599282.8,38812.8,62921.4,65786.9,606975.6,129055.0,228603.7,28500.9,218808.6
3220,46282,51.6566,6.9657,Nordrhein-Westfalen,NW,Recklinghausen,5562.0,"(51.6566, 6.9657)",403667.8,65022.8,475666.5,300083.4,598598.4,512198.0,484577.4,606505.1,46035.1,70143.7,73009.2,614197.9,136277.3,235826.0,35723.2,226030.8
3221,46284,51.6812,6.963,Nordrhein-Westfalen,NW,Recklinghausen,5562.0,"(51.6812, 6.963)",410228.7,71583.7,482227.4,306644.3,605159.3,518758.9,491138.3,613066.0,52596.0,76704.6,79570.1,620758.8,142838.2,242386.9,42284.1,232591.7
3222,46286,51.7377,7.0067,Nordrhein-Westfalen,NW,Recklinghausen,5562.0,"(51.7377, 7.0067)",413734.4,61985.4,472629.2,276909.2,608664.9,509160.7,494643.9,631179.1,56101.6,80210.3,83075.7,638872.0,146343.8,232788.7,33639.8,222993.5
3223,46325,51.8438,6.8577,Nordrhein-Westfalen,NW,Borken,5554.0,"(51.8438, 6.8577)",430013.8,91368.8,483907.2,326429.4,624944.4,520438.7,510923.4,632851.0,72381.1,96489.7,99355.2,640543.9,162623.3,262172.0,62069.2,252376.8
3224,46342,51.8945,6.9881,Nordrhein-Westfalen,NW,Borken,5554.0,"(51.8945, 6.9881)",431697.7,93052.6,469760.6,328113.2,626628.3,506292.1,512607.3,634534.9,74065.0,98173.6,101039.0,642227.8,164307.1,263855.9,63753.1,254060.7
3225,46348,51.7667,6.85,Nordrhein-Westfalen,NW,Borken,5554.0,"(51.7667, 6.85)",416218.7,77573.7,488217.4,312634.3,611149.3,524748.9,497128.3,619056.0,58586.0,82694.6,85560.1,626748.8,148828.2,248376.9,48274.1,238581.7
3226,46354,51.9333,6.8667,Nordrhein-Westfalen,NW,Borken,5554.0,"(51.9333, 6.8667)",447447.4,108802.4,475877.0,343862.9,642378.0,512408.6,528357.0,650284.6,89814.7,113923.3,116788.7,657977.5,180056.9,260020.0,79502.8,250224.9
3227,46359,51.8333,6.9333,Nordrhein-Westfalen,NW,Borken,5554.0,"(51.8333, 6.9333)",424792.2,86147.2,478692.2,321207.8,619722.8,515223.8,505701.8,627629.5,67159.5,91268.2,94133.6,635322.4,157401.7,256950.4,56847.6,247155.3
3228,46395,51.8208,6.6063,Nordrhein-Westfalen,NW,Borken,5554.0,"(51.8208, 6.6063)",423352.8,98598.9,509242.6,319768.4,618283.4,545774.1,504262.4,626190.1,65720.1,89828.8,92694.2,633883.0,155962.3,269402.1,68023.0,259607.0
3229,46397,51.8413,6.6242,Nordrhein-Westfalen,NW,Borken,5554.0,"(51.8413, 6.6242)",425334.2,100580.3,511224.0,321749.8,620264.8,547755.5,506243.8,628171.5,67701.5,91810.1,94675.6,635864.3,157943.7,271383.5,70004.3,261588.3
3230,46399,51.8453,6.6035,Nordrhein-Westfalen,NW,Borken,5554.0,"(51.8453, 6.6035)",424617.4,99863.4,510507.2,321032.9,619548.0,547038.7,505527.0,627454.6,66984.7,91093.3,93958.7,635147.5,157226.8,270666.7,69287.5,260871.5
3231,46414,51.8354,6.696,Nordrhein-Westfalen,NW,Borken,5554.0,"(51.8354, 6.696)",430135.8,105381.9,496382.6,326551.4,625066.4,532914.2,511045.4,632973.1,72503.1,96611.7,99477.2,640665.9,162745.3,276185.1,74806.0,266389.9
3232,46419,51.8323,6.4643,Nordrhein-Westfalen,NW,Borken,5554.0,"(51.8323, 6.4643)",428802.7,104048.8,514692.5,325218.3,623733.3,551224.0,509712.3,631639.9,71170.0,95278.6,59623.8,639332.8,161412.2,274852.0,73472.8,265056.8
3233,46446,51.8393,6.2479,Nordrhein-Westfalen,NW,Kleve,5154.0,"(51.8393, 6.2479)",441595.6,116841.7,527485.4,338011.2,636526.2,564017.0,522505.2,644432.9,83962.9,108071.6,64975.2,652125.8,174205.1,287644.9,86265.8,277849.8
3234,46459,51.8097,6.4004,Nordrhein-Westfalen,NW,Kleve,5154.0,"(51.8097, 6.4004)",429820.0,105066.0,515709.8,326235.5,624750.6,552241.3,510729.6,632657.2,72187.3,96295.9,57177.4,640350.1,162429.5,275869.3,74490.1,266074.1
3235,46483,51.6669,6.6204,Nordrhein-Westfalen,NW,Wesel,5170.0,"(51.6669, 6.6204)",408358.4,83604.5,494248.2,304774.0,603289.0,530779.7,489268.0,611195.7,51168.0,67075.2,61191.1,618888.6,137207.6,254407.7,53028.6,244612.6
3236,46485,51.6637,6.6824,Nordrhein-Westfalen,NW,Wesel,5170.0,"(51.6637, 6.6824)",402918.2,78164.3,488808.0,299333.8,597848.8,525339.5,483827.8,605755.4,45285.5,69394.1,72259.6,613448.3,135527.7,248967.5,47588.3,239172.3
3237,46487,51.6833,6.5762,Nordrhein-Westfalen,NW,Wesel,5170.0,"(51.6833, 6.5762)",411837.8,87083.8,497727.5,308253.3,606768.3,534259.1,492747.3,614675.0,54534.8,70441.9,64557.8,622367.9,140574.3,257887.0,56507.9,248091.9
3238,46499,51.7326,6.5903,Nordrhein-Westfalen,NW,Wesel,5170.0,"(51.7326, 6.5903)",416361.8,91607.8,502251.6,312777.3,611292.3,538783.1,497271.3,619199.0,58729.0,82837.7,69323.9,626891.9,148971.2,262411.0,61031.9,252615.9
3239,46509,51.6588,6.453,Nordrhein-Westfalen,NW,Wesel,5170.0,"(51.6588, 6.453)",414377.2,91578.2,509310.9,310792.7,609307.8,545842.4,495286.7,617214.4,49210.3,65117.5,36115.6,624907.3,135249.9,269470.4,64034.5,259675.2
3240,46514,51.6833,6.8667,Nordrhein-Westfalen,NW,Wesel,5170.0,"(51.6833, 6.8667)",409770.3,71125.2,481769.0,306185.8,604700.8,518300.5,490679.8,612607.5,52137.5,76246.2,79111.6,620300.4,142379.7,241928.5,41825.6,232133.3
3241,46519,51.5833,6.5167,Nordrhein-Westfalen,NW,Wesel,5170.0,"(51.5833, 6.5167)",409522.2,86723.2,508223.3,305937.7,604452.8,544754.9,490431.8,612359.4,37070.8,52978.0,47093.9,620052.3,123110.4,268382.8,59179.5,258587.7
3242,46535,51.559,6.7357,Nordrhein-Westfalen,NW,Wesel,5170.0,"(51.559, 6.7357)",386556.0,68198.0,478841.7,282971.6,581486.6,515373.2,467465.6,589393.3,25163.4,61892.7,56008.6,597086.1,119165.5,239001.2,39054.2,229206.0
3243,46537,51.5774,6.7465,Nordrhein-Westfalen,NW,Wesel,5170.0,"(51.5774, 6.7465)",393555.5,68801.6,479445.3,289971.1,588486.1,515976.8,474465.1,596392.8,26900.0,60031.4,57745.2,604085.6,126165.0,239604.8,38225.7,229809.6
3244,46539,51.5675,6.7625,Nordrhein-Westfalen,NW,Wesel,5170.0,"(51.5675, 6.7625)",390965.8,66211.8,476855.6,287381.4,585896.4,513387.1,471875.4,593803.0,26488.0,57441.7,57333.2,601495.9,123575.3,237015.1,35635.9,227219.9
3245,46562,51.6251,6.6525,Nordrhein-Westfalen,NW,Wesel,5170.0,"(51.6251, 6.6525)",404710.0,79956.1,490599.8,301125.6,599640.6,527131.3,485619.6,607547.3,35492.9,69608.9,63724.8,615240.1,137319.5,250759.3,49380.2,240964.1
3246,46569,51.65,6.7833,Nordrhein-Westfalen,NW,Wesel,5170.0,"(51.65, 6.7833)",399825.9,75072.0,485715.7,296241.5,594756.5,522247.2,480735.5,602663.2,42193.2,66301.8,69167.3,610356.0,132435.4,245875.2,44496.1,236080.0
3247,47051,51.4294,6.7744,Nordrhein-Westfalen,NW,"Duisburg, Stadt",5112.0,"(51.4294, 6.7744)",369260.1,64336.1,486668.6,265675.7,564190.7,523200.1,450169.7,572097.4,9155.8,32890.8,37224.6,579790.2,101869.6,246828.1,30385.1,237032.9
3248,47053,51.4216,6.7553,Nordrhein-Westfalen,NW,"Duisburg, Stadt",5112.0,"(51.4216, 6.7553)",370247.8,66274.6,487628.3,266663.4,565178.4,524159.8,451157.4,573085.1,6416.8,33213.3,36460.3,580777.9,102857.3,247787.8,31344.9,237992.7
3249,47055,51.4034,6.7703,Nordrhein-Westfalen,NW,"Duisburg, Stadt",5112.0,"(51.4034, 6.7703)",371911.4,66429.4,488761.8,268327.0,566842.0,525293.3,452821.0,574748.7,9136.9,30696.5,39497.4,582441.5,104520.9,248921.3,32478.4,239126.2
3250,47057,51.4216,6.7957,Nordrhein-Westfalen,NW,"Duisburg, Stadt",5112.0,"(51.4216, 6.7957)",368069.7,65870.7,487224.4,264485.3,563000.3,523755.9,448979.3,570907.0,9324.6,34545.7,39023.5,578599.9,100679.2,247383.9,27599.3,237588.7
3251,47058,51.4346,6.7858,Nordrhein-Westfalen,NW,"Duisburg, Stadt",5112.0,"(51.4346, 6.7858)",370118.4,62981.1,484334.8,266534.0,565049.0,520866.3,451028.0,572955.7,10790.0,34525.0,39094.3,580648.5,102727.9,244494.3,27249.7,234699.1
3252,47059,51.4375,6.7428,Nordrhein-Westfalen,NW,"Duisburg, Stadt",5112.0,"(51.4375, 6.7428)",376055.8,65549.7,486903.4,272471.4,570986.4,523434.9,456965.4,578893.1,10368.8,40772.3,34627.6,586585.9,108665.3,247062.9,30619.9,237267.7
3253,47119,51.4632,6.7328,Nordrhein-Westfalen,NW,"Duisburg, Stadt",5112.0,"(51.4632, 6.7328)",377975.0,61780.7,483280.8,274390.6,572905.6,519812.3,458884.6,580812.3,11714.4,42598.2,36453.5,588505.2,110584.5,243440.3,34236.9,233645.1
3254,47137,51.468,6.7715,Nordrhein-Westfalen,NW,"Duisburg, Stadt",5112.0,"(51.468, 6.7715)",375069.5,59643.8,481143.9,271485.1,570000.1,517675.4,455979.1,577906.8,13676.9,37726.9,40651.0,585599.6,107679.0,241303.4,32100.1,231508.2
3255,47138,51.4333,6.75,Nordrhein-Westfalen,NW,"Duisburg, Stadt",5112.0,"(51.4333, 6.75)",371144.3,64380.5,486713.0,267559.8,566074.9,523244.5,452053.9,573981.5,7734.5,41331.7,35187.0,581674.4,103753.7,246872.5,30429.5,237077.3
3256,47139,51.4784,6.7334,Nordrhein-Westfalen,NW,"Duisburg, Stadt",5112.0,"(51.4784, 6.7334)",382672.7,59873.7,481373.9,279088.3,577603.3,517905.4,463582.3,585510.0,13412.4,48611.3,42727.2,593202.8,118743.8,241533.4,32330.0,231738.2
3257,47166,51.4913,6.7741,Nordrhein-Westfalen,NW,"Duisburg, Stadt",5112.0,"(51.4913, 6.7741)",379370.2,56571.2,478071.4,275785.8,574300.8,514602.9,460279.8,582207.4,16391.6,45846.1,47236.8,589900.3,111979.7,238230.9,29027.5,228435.7
3258,47167,51.507,6.7963,Nordrhein-Westfalen,NW,"Duisburg, Stadt",5112.0,"(51.507, 6.7963)",381076.9,63122.7,473766.4,277492.5,576007.5,510298.0,461986.5,583914.2,20547.2,47552.8,51392.4,591607.0,113686.4,233925.9,30925.0,224130.8
3259,47169,51.5044,6.7538,Nordrhein-Westfalen,NW,"Duisburg, Stadt",5112.0,"(51.5044, 6.7538)",379246.2,59288.0,477511.9,275661.7,574176.8,514043.4,460155.7,582083.4,17853.6,54582.9,48698.7,589776.3,111855.6,237671.4,31744.3,227876.2
3260,47178,51.4333,6.75,Nordrhein-Westfalen,NW,"Duisburg, Stadt",5112.0,"(51.4333, 6.75)",371144.3,64380.5,486713.0,267559.8,566074.9,523244.5,452053.9,573981.5,7734.5,41331.7,35187.0,581674.4,103753.7,246872.5,30429.5,237077.3
3261,47179,51.4333,6.75,Nordrhein-Westfalen,NW,"Duisburg, Stadt",5112.0,"(51.4333, 6.75)",371144.3,64380.5,486713.0,267559.8,566074.9,523244.5,452053.9,573981.5,7734.5,41331.7,35187.0,581674.4,103753.7,246872.5,30429.5,237077.3
3262,47198,51.4499,6.6901,Nordrhein-Westfalen,NW,"Duisburg, Stadt",5112.0,"(51.4499, 6.6901)",381117.6,65027.0,486527.1,277533.1,576048.2,523058.6,462027.1,583954.8,10685.3,38491.9,32347.2,591647.7,108624.3,246686.6,37483.2,236891.4
3263,47199,51.4333,6.75,Nordrhein-Westfalen,NW,"Duisburg, Stadt",5112.0,"(51.4333, 6.75)",371144.3,64380.5,486713.0,267559.8,566074.9,523244.5,452053.9,573981.5,7734.5,41331.7,35187.0,581674.4,103753.7,246872.5,30429.5,237077.3
3264,47226,51.4076,6.7215,Nordrhein-Westfalen,NW,"Duisburg, Stadt",5112.0,"(51.4076, 6.7215)",373482.2,69644.2,490997.9,269897.7,568412.7,527529.4,454391.7,576319.4,3478.8,32173.7,34789.6,584012.3,102306.1,251157.4,34714.4,241362.2
3265,47228,51.4134,6.6963,Nordrhein-Westfalen,NW,"Duisburg, Stadt",5112.0,"(51.4134, 6.6963)",375022.4,71185.2,492538.9,271438.0,569953.0,529070.4,455932.0,577859.7,4291.6,38999.5,32854.8,585552.6,109131.9,252698.4,36255.5,242903.2
3266,47229,51.391,6.7071,Nordrhein-Westfalen,NW,"Duisburg, Stadt",5112.0,"(51.391, 6.7071)",375480.3,71642.3,492996.0,271895.8,570410.9,529527.5,456389.9,578317.5,0.0,30147.5,37128.6,586010.4,100280.0,253155.5,36712.5,243360.3
3267,47239,51.3926,6.6564,Nordrhein-Westfalen,NW,"Duisburg, Stadt",5112.0,"(51.3926, 6.6564)",381382.0,77296.1,498649.8,277797.6,576312.6,535181.3,462291.6,584219.3,5602.4,26513.4,33217.2,591912.2,96645.8,258809.3,42366.4,249014.2
3268,47249,51.3831,6.7521,Nordrhein-Westfalen,NW,"Duisburg, Stadt",5112.0,"(51.3831, 6.7521)",370512.8,65996.9,491352.2,266928.4,565443.4,527883.7,451422.4,573350.1,10190.4,29297.9,41283.7,581042.9,103122.3,246528.4,36579.6,236733.2
3269,47259,51.3614,6.7246,Nordrhein-Westfalen,NW,"Duisburg, Stadt",5112.0,"(51.3614, 6.7246)",371274.9,66759.0,495733.5,267690.5,566205.5,532265.0,452184.5,574112.2,14822.3,28102.1,43751.8,581805.0,98234.5,247290.5,37341.7,237495.3
3270,47269,51.3601,6.7793,Nordrhein-Westfalen,NW,"Duisburg, Stadt",5112.0,"(51.3601, 6.7793)",364514.9,59999.0,498834.0,260930.5,559445.5,535365.5,445424.5,567352.2,15844.9,29520.9,44552.9,575045.0,97124.4,240530.5,30581.7,230735.3
3271,47279,51.3929,6.7981,Nordrhein-Westfalen,NW,"Duisburg, Stadt",5112.0,"(51.3929, 6.7981)",368548.7,65645.3,486999.0,264964.3,563479.3,523530.5,449458.3,571385.9,11391.5,35024.6,45566.8,579078.8,101158.2,247158.5,31033.6,237363.3
3272,47441,51.4463,6.6396,Nordrhein-Westfalen,NW,Wesel,5170.0,"(51.4463, 6.6396)",383750.0,73064.5,494597.6,280165.6,578680.6,531129.1,464659.6,586587.3,9438.1,34753.5,28606.9,594280.1,104885.9,254757.1,38314.1,244961.9
3273,47443,51.4542,6.6679,Nordrhein-Westfalen,NW,Wesel,5170.0,"(51.4542, 6.6679)",383028.4,69855.3,491355.4,279444.0,577959.0,527886.9,463938.0,585865.7,10933.2,38739.8,32595.1,593558.5,108872.2,251514.9,37592.5,241719.7
3274,47445,51.45,6.65,Nordrhein-Westfalen,NW,Wesel,5170.0,"(51.45, 6.65)",382374.6,69660.3,493222.2,278790.2,577305.2,529753.7,463284.2,585211.9,10279.4,38086.0,31941.3,592904.8,108218.4,253381.7,36938.7,243586.5
3275,47447,51.45,6.65,Nordrhein-Westfalen,NW,Wesel,5170.0,"(51.45, 6.65)",382374.6,69660.3,493222.2,278790.2,577305.2,529753.7,463284.2,585211.9,10279.4,38086.0,31941.3,592904.8,108218.4,253381.7,36938.7,243586.5
3276,47475,51.5047,6.5459,Nordrhein-Westfalen,NW,Wesel,5170.0,"(51.5047, 6.5459)",397776.7,74977.7,496477.8,294192.2,592707.3,533009.4,478686.3,600613.9,25318.2,41225.4,23217.0,608306.8,111357.8,256637.3,47434.0,246842.2
3277,47495,51.5465,6.5952,Nordrhein-Westfalen,NW,Wesel,5170.0,"(51.5465, 6.5952)",397171.3,74372.4,495872.5,293586.9,592101.9,532404.0,478080.9,600008.6,28634.8,44542.0,38657.9,607701.4,114674.4,256032.0,46828.6,246236.8
3278,47506,51.45,6.55,Nordrhein-Westfalen,NW,Wesel,5170.0,"(51.45, 6.55)",391617.7,78013.8,499513.9,288033.2,586548.3,536045.5,472527.2,594454.9,22013.7,37920.9,23383.2,602147.8,108053.3,259673.4,50470.1,249878.3
3279,47509,51.4667,6.4667,Nordrhein-Westfalen,NW,Kleve,5154.0,"(51.4667, 6.4667)",397704.4,81945.5,503445.6,294119.9,592634.9,539977.1,478613.9,600541.6,28916.1,44823.3,15731.6,608234.5,114955.7,263605.1,54401.7,253809.9
