,zipcode,lat,long,state,state_code,community_name,community_code,coor,AKB Kitzingen,AKB Dortmund,AKB Zörbig,AKB Schöneck,AKB Buch,Mosolf Etzin,Mosolf Kippenheim,BLG Kelheim,BLG Duisburg,BLG Neuss,Carservice Erkens,ARS Altmann Wolnzach,CAT Zülpich,Autohaus Siebrecht,Neu: FleetParQ Essen ,Neu: FleetParQ Kassel
5494,76470,48.8909,8.2344,Baden-Württemberg,BW,Rastatt,8216.0,"(48.8909, 8.2344)",226150.1,380963.0,561580.1,192828.3,211875.3,689036.1,81240.9,374107.3,385118.4,366221.1,405108.1,316167.2,327690.5,400586.2,391647.8,346633.4
5495,76473,48.8217,8.1431,Baden-Württemberg,BW,Rastatt,8216.0,"(48.8217, 8.1431)",235918.5,390731.4,571348.5,202596.7,221643.7,698804.5,72141.8,383875.7,394886.8,357188.9,395298.1,325935.6,317880.5,410354.6,401416.2,356401.9
5496,76474,48.95,8.2333,Baden-Württemberg,BW,Rastatt,8216.0,"(48.95, 8.2333)",220582.1,375395.1,556012.2,187260.4,206307.3,683468.1,89616.8,368539.3,379550.5,349097.4,387206.6,310599.3,309789.0,395018.2,386079.8,341065.5
5497,76476,48.8377,8.2841,Baden-Württemberg,BW,Rastatt,8216.0,"(48.8377, 8.2841)",227238.1,382051.1,562668.2,193916.4,212963.3,690124.1,81795.4,375195.3,386206.5,367309.1,406196.2,317255.3,328778.5,401674.2,392735.8,347721.5
5498,76477,48.9333,8.2167,Baden-Württemberg,BW,Rastatt,8216.0,"(48.9333, 8.2167)",221723.5,376536.5,557153.6,188401.8,207448.7,684609.5,87298.1,369680.7,380691.9,350628.8,388738.0,311740.7,311320.3,396159.6,387221.2,342206.9
5499,76479,48.901,8.1969,Baden-Württemberg,BW,Rastatt,8216.0,"(48.901, 8.1969)",229064.0,383876.9,564494.0,195742.2,214789.2,691949.9,84154.8,377021.2,388032.3,369135.0,408022.0,319081.1,330604.4,403500.0,394561.6,349547.3
5500,76530,48.75,8.25,Baden-Württemberg,BW,Baden-Baden,8211.0,"(48.75, 8.25)",242581.7,397394.6,578011.7,209259.9,228306.9,705467.6,76226.1,390538.8,401550.0,382652.6,421539.7,332598.8,344122.1,417017.7,408079.3,363065.0
5501,76532,48.75,8.25,Baden-Württemberg,BW,Baden-Baden,8211.0,"(48.75, 8.25)",242581.7,397394.6,578011.7,209259.9,228306.9,705467.6,76226.1,390538.8,401550.0,382652.6,421539.7,332598.8,344122.1,417017.7,408079.3,363065.0
5502,76534,48.75,8.25,Baden-Württemberg,BW,Baden-Baden,8211.0,"(48.75, 8.25)",242581.7,397394.6,578011.7,209259.9,228306.9,705467.6,76226.1,390538.8,401550.0,382652.6,421539.7,332598.8,344122.1,417017.7,408079.3,363065.0
5503,76547,48.7667,8.1667,Baden-Württemberg,BW,Rastatt,8216.0,"(48.7667, 8.1667)",236338.5,391151.5,571768.6,203016.8,222063.8,699224.5,69983.0,384295.7,395306.9,376409.5,415296.6,326355.7,337879.0,410774.6,401836.2,356821.9
5504,76549,48.8,8.1167,Baden-Württemberg,BW,Rastatt,8216.0,"(48.8, 8.1167)",236195.1,391008.0,571625.1,202873.3,221920.3,699081.0,71023.8,384152.3,395163.4,376266.1,397766.8,326212.2,320349.2,410631.1,401692.7,356678.4
5505,76571,48.8,8.3333,Baden-Württemberg,BW,Rastatt,8216.0,"(48.8, 8.3333)",233854.9,388667.8,569284.9,200533.1,219580.1,696740.8,88412.1,381812.1,392823.2,373925.9,412812.9,323872.0,335395.3,408290.9,399352.5,354338.2
5506,76593,48.7703,8.3431,Baden-Württemberg,BW,Rastatt,8216.0,"(48.7703, 8.3431)",236485.7,391298.6,571915.7,203163.9,222210.9,699371.6,91042.9,384442.9,395454.0,376556.7,415443.7,326502.8,338026.1,410921.7,401983.3,356969.0
5507,76596,48.6833,8.35,Baden-Württemberg,BW,Rastatt,8216.0,"(48.6833, 8.35)",249485.4,404298.3,584915.4,216163.6,235210.6,712371.3,92224.2,397442.5,408453.7,389556.4,428443.4,339502.5,351025.8,423921.4,414983.0,369968.7
5508,76597,48.7721,8.3846,Baden-Württemberg,BW,Rastatt,8216.0,"(48.7721, 8.3846)",241381.9,396194.8,576811.9,208060.1,205169.0,704267.9,95939.2,389339.1,400350.2,381452.9,420339.9,309460.9,342922.3,415818.0,406879.6,361865.3
5509,76599,48.7276,8.3538,Baden-Württemberg,BW,Rastatt,8216.0,"(48.7276, 8.3538)",241888.6,396701.5,577318.6,208566.8,227613.8,704774.6,96445.8,389845.8,400856.9,381959.6,420846.6,331905.7,343429.0,416324.7,407386.3,362371.9
5510,76646,49.1243,8.598,Baden-Württemberg,BW,Karlsruhe,8215.0,"(49.1243, 8.598)",185736.6,340549.6,521166.7,152414.9,194854.7,648622.6,123256.6,333693.8,344705.0,325807.6,364694.7,324332.9,287277.0,360172.7,351234.3,306220.0
5511,76661,49.2317,8.4607,Baden-Württemberg,BW,Karlsruhe,8215.0,"(49.2317, 8.4607)",185424.1,326238.3,510802.3,138103.6,226030.1,638258.2,134521.0,333381.3,330502.5,311605.2,363643.0,324020.4,278240.4,345861.4,337031.8,291908.7
5512,76669,49.2069,8.6436,Baden-Württemberg,BW,Karlsruhe,8215.0,"(49.2069, 8.6436)",175993.9,330806.9,511424.0,142672.2,223880.2,638879.9,132371.0,323951.1,334962.3,316064.9,354952.0,314590.2,277534.3,350430.0,341491.6,296477.3
5513,76676,49.1669,8.4924,Baden-Württemberg,BW,Karlsruhe,8215.0,"(49.1669, 8.4924)",186640.8,331368.0,515931.9,143233.3,217012.2,643387.9,125503.1,334598.0,335632.2,318501.4,356610.6,325237.1,279193.0,350991.1,342161.5,297038.4
5514,76684,49.2191,8.7119,Baden-Württemberg,BW,Karlsruhe,8215.0,"(49.2191, 8.7119)",157933.5,332870.4,493363.5,144735.7,227820.0,620819.4,136310.9,305890.6,337025.8,318128.5,356764.4,296529.7,279346.8,352493.5,343555.1,298540.8
5515,76689,49.1347,8.5303,Baden-Württemberg,BW,Karlsruhe,8215.0,"(49.1347, 8.5303)",184021.7,338834.7,519451.8,150700.0,214393.2,646907.7,122884.0,331978.9,342990.1,324092.7,362979.8,322618.0,285562.1,358457.8,349519.4,304505.1
5516,76694,49.1586,8.5808,Baden-Württemberg,BW,Karlsruhe,8215.0,"(49.1586, 8.5808)",180283.8,335096.7,515713.8,146962.0,212486.7,643169.8,120977.5,328241.0,339252.1,320354.8,359241.8,318880.0,281824.2,354719.9,345781.5,300767.1
5517,76698,49.163,8.6316,Baden-Württemberg,BW,Karlsruhe,8215.0,"(49.163, 8.6316)",180269.3,335082.2,515699.3,146947.5,216506.1,643155.3,124997.0,328226.5,339237.6,320340.3,359227.3,318865.5,281809.7,354705.4,345766.9,300752.6
5518,76703,49.1396,8.7715,Baden-Württemberg,BW,Karlsruhe,8215.0,"(49.1396, 8.7715)",159890.1,348628.2,495320.1,160493.5,196867.5,622776.0,137307.3,307847.3,352783.6,333886.3,372773.3,298486.3,295355.7,368251.3,359312.9,314298.6
5519,76706,49.1717,8.4242,Baden-Württemberg,BW,Karlsruhe,8215.0,"(49.1717, 8.4242)",192522.0,334708.5,519272.5,146573.8,214326.9,646728.4,121077.0,340479.2,338972.7,317157.6,355266.8,331118.3,277849.2,354331.6,345502.1,300378.9
5520,76707,49.19,8.5406,Baden-Württemberg,BW,Karlsruhe,8215.0,"(49.19, 8.5406)",182822.7,330915.4,515479.4,142780.7,215839.3,642935.3,124330.2,330779.9,335179.6,316282.3,358944.7,321418.9,281527.1,350538.5,341709.0,296585.8
5521,76709,49.2225,8.6311,Baden-Württemberg,BW,Karlsruhe,8215.0,"(49.2225, 8.6311)",173251.8,328064.8,508681.9,139930.1,221138.1,636137.8,129628.9,321209.0,332220.2,313322.8,352209.9,311848.1,274792.3,347687.9,338749.5,293735.2
5522,76726,49.2231,8.3639,Rheinland-Pfalz,RP,Landkreis Germersheim,7334.0,"(49.2231, 8.3639)",197901.9,336034.9,520598.9,147900.2,230061.3,648054.9,129996.8,345859.0,334210.4,306454.4,344563.6,336498.1,267145.9,355658.1,346828.5,301705.4
5523,76744,49.05695,8.1684,Rheinland-Pfalz,RP,Landkreis Germersheim,7334.0,"(49.05695, 8.1684)",224204.8,371201.3,555765.3,183066.6,216663.6,683221.2,103469.5,372162.0,354441.1,326685.1,364794.3,320955.6,287376.7,390824.4,381994.8,336871.7
5524,76751,49.0929,8.2747,Rheinland-Pfalz,RP,Landkreis Germersheim,7334.0,"(49.0929, 8.2747)",215273.1,353406.2,537970.2,165271.5,214397.4,665426.1,114332.8,363230.3,353396.9,325640.9,363750.1,318689.3,286332.5,373029.3,364199.8,319076.6
5525,76756,49.1983,8.2794,Rheinland-Pfalz,RP,Landkreis Germersheim,7334.0,"(49.1983, 8.2794)",204460.8,342593.8,527157.8,154459.2,229432.2,654613.8,129367.6,352418.0,340769.3,313013.3,351122.5,343057.0,273704.8,362217.0,353387.4,308264.3
5526,76761,49.1531,8.2929,Rheinland-Pfalz,RP,Landkreis Germersheim,7334.0,"(49.1531, 8.2929)",207711.5,345844.6,530408.6,157709.9,220809.8,657864.5,120745.3,355668.7,344020.0,316264.0,354373.2,346307.7,276955.6,365467.7,356638.1,311515.0
5527,76764,49.1181,8.2781,Rheinland-Pfalz,RP,Landkreis Germersheim,7334.0,"(49.1181, 8.2781)",212216.2,350349.3,534913.3,162214.6,219747.7,662369.2,119683.1,360173.4,348524.7,320768.7,358877.9,324039.6,281460.3,369972.4,361142.8,316019.7
5528,76767,49.0173,8.2502,Rheinland-Pfalz,RP,Landkreis Germersheim,7334.0,"(49.0173, 8.2502)",218633.8,361291.0,545855.0,173156.3,211092.6,673311.0,111028.1,366591.0,358836.2,331080.2,369189.4,315384.6,291771.7,380914.2,372084.6,326961.5
5529,76768,48.9833,8.2,Rheinland-Pfalz,RP,Landkreis Germersheim,7334.0,"(48.9833, 8.2)",224176.8,366834.0,551398.0,178699.3,216635.6,678853.9,97184.0,372134.0,361555.9,333799.9,371909.1,320927.5,294491.4,386457.2,377627.6,332504.4
5530,76770,49.1111,8.2453,Rheinland-Pfalz,RP,Landkreis Germersheim,7334.0,"(49.1111, 8.2453)",214632.5,352765.5,537329.5,164630.9,219801.7,664785.5,119737.2,362589.7,347511.4,319755.4,357864.6,324093.7,280447.0,372388.7,363559.1,318436.0
5531,76771,49.1658,8.3264,Rheinland-Pfalz,RP,Landkreis Germersheim,7334.0,"(49.1658, 8.3264)",205908.4,344041.5,528605.5,155906.8,222830.1,656061.4,122765.6,353865.6,342216.9,314460.9,352570.1,344504.7,275152.5,363664.6,354835.1,309711.9
5532,76773,49.1458,8.3144,Rheinland-Pfalz,RP,Landkreis Germersheim,7334.0,"(49.1458, 8.3144)",207942.5,346075.5,530639.5,157940.8,220507.4,658095.4,120442.9,355899.6,344250.9,316495.0,354604.2,346538.7,277186.5,365698.7,356869.1,311745.9
5533,76774,49.1242,8.3453,Rheinland-Pfalz,RP,Landkreis Germersheim,7334.0,"(49.1242, 8.3453)",211836.7,349969.8,534533.8,161835.1,220889.6,661989.7,120825.1,359793.9,348145.2,320389.2,358498.4,325181.6,281080.8,369592.9,360763.4,315640.2
5534,76776,48.9833,8.25,Rheinland-Pfalz,RP,Landkreis Germersheim,7334.0,"(48.9833, 8.25)",222889.1,365546.3,550110.3,177411.6,215347.9,677566.2,115283.4,370846.3,363091.5,335335.5,373444.7,319639.9,296027.0,385169.5,376339.9,331216.8
5535,76777,49.1178,8.3194,Rheinland-Pfalz,RP,Landkreis Germersheim,7334.0,"(49.1178, 8.3194)",211078.8,349211.9,533775.9,161077.2,218009.0,661231.8,117944.4,359036.0,347387.3,319631.3,357740.5,322300.9,280322.9,368835.0,360005.5,314882.3
5536,76779,48.9812,8.1399,Rheinland-Pfalz,RP,Landkreis Germersheim,7334.0,"(48.9812, 8.1399)",228414.9,379233.0,563797.0,191098.3,220873.7,691252.9,95495.5,376372.1,362472.8,334716.8,372826.0,325165.6,295408.4,398856.1,390026.5,344903.4
5537,76829,49.1925,8.0549,Rheinland-Pfalz,RP,Landkreis Südliche Weinstraße,7337.0,"(49.1925, 8.0549)",215596.6,356736.0,541300.0,168601.3,237964.1,668756.0,137899.5,363553.8,339975.9,312219.9,350329.1,354192.9,272911.5,376359.2,367529.6,322406.5
5538,76831,49.16661428571428,8.058942857142856,Rheinland-Pfalz,RP,Landkreis Südliche Weinstraße,7337.0,"(49.16661428571428, 8.058942857142856)",220209.2,361348.6,545912.6,173213.9,233435.6,673368.5,133371.0,368166.3,344588.4,316832.4,354941.6,337727.5,277524.0,380971.7,372142.1,327019.0
5539,76833,49.22972,8.094819999999999,Rheinland-Pfalz,RP,Landkreis Südliche Weinstraße,7337.0,"(49.22972, 8.094819999999999)",211904.3,353043.7,537607.7,164909.0,237140.9,665063.6,137076.4,359861.5,336283.6,308527.6,346636.8,350500.5,269219.1,372666.8,363837.3,318714.1
5540,76835,49.253328571428575,8.093642857142857,Rheinland-Pfalz,RP,Landkreis Südliche Weinstraße,7337.0,"(49.253328571428575, 8.093642857142857)",210303.6,347391.6,531955.6,159256.9,239976.7,659411.5,139912.2,358260.8,330631.5,302875.5,340984.7,348899.9,263567.0,367014.7,358185.2,313062.0
5541,76846,49.1921,7.8549,Rheinland-Pfalz,RP,Südwestpfalz,7340.0,"(49.1921, 7.8549)",231568.2,372707.6,557271.6,184572.9,251890.2,684727.5,135673.6,379525.3,355947.4,328191.4,366300.6,370164.4,266321.0,392330.7,383501.1,338378.0
5542,76848,49.17926666666667,7.887233333333333,Rheinland-Pfalz,RP,Südwestpfalz,7340.0,"(49.17926666666667, 7.887233333333333)",228617.3,369756.7,554320.7,181622.1,248939.4,681776.7,134374.1,376574.5,352996.6,325240.6,363349.8,367213.6,285932.2,389379.9,380550.3,335427.2
5543,76855,49.2061,7.9753,Rheinland-Pfalz,RP,Landkreis Südliche Weinstraße,7337.0,"(49.2061, 7.9753)",220084.7,361224.1,545788.1,173089.4,243969.2,673244.0,143904.6,368041.9,344463.9,316707.9,354817.1,358680.9,277399.5,380847.2,372017.7,326894.5
5544,76857,49.19450833333334,7.965658333333334,Rheinland-Pfalz,RP,Landkreis Südliche Weinstraße,7337.0,"(49.19450833333334, 7.965658333333334)",225922.6,367062.0,551626.0,178927.4,249807.2,679082.0,149742.6,373879.8,350301.9,322545.9,360655.1,364518.9,283237.5,386685.2,377855.6,332732.5
5545,76863,49.14695,8.23825,Rheinland-Pfalz,RP,Landkreis Südliche Weinstraße,7337.0,"(49.14695, 8.23825)",210536.4,348669.5,533233.5,160534.8,225878.5,660689.4,125813.9,358493.6,346408.7,318652.7,356761.9,349132.6,279344.2,368292.6,359463.0,314339.9
5546,76865,49.1474,8.1379,Rheinland-Pfalz,RP,Landkreis Südliche Weinstraße,7337.0,"(49.1474, 8.1379)",215882.7,357022.1,541586.1,168887.4,227216.8,669042.0,127152.3,363839.9,340262.0,312506.0,350615.2,331508.8,273197.5,376645.3,367815.7,322692.6
5547,76870,49.0828,8.1972,Rheinland-Pfalz,RP,Landkreis Germersheim,7334.0,"(49.0828, 8.1972)",220397.8,364008.7,548572.7,175874.0,216183.5,676028.6,116118.9,368355.0,347248.5,319492.5,357601.7,320475.4,280184.1,383631.8,374802.2,329679.1
5548,76872,49.09378333333333,8.132716666666667,Rheinland-Pfalz,RP,Landkreis Germersheim,7334.0,"(49.09378333333333, 8.132716666666667)",226813.2,366041.6,550605.6,177906.9,223876.8,678061.5,123812.2,374770.3,349281.4,321525.4,359634.6,328168.7,282217.0,385664.7,376835.1,331712.0
5549,76877,49.1955,8.1978,Rheinland-Pfalz,RP,Landkreis Südliche Weinstraße,7337.0,"(49.1955, 8.1978)",206905.8,354620.4,539184.4,166485.7,232770.3,666640.3,132705.7,354863.0,337860.3,310104.3,348213.5,345502.1,270795.8,374243.6,365414.0,320290.8
5550,76879,49.21776,8.206019999999999,Rheinland-Pfalz,RP,Landkreis Germersheim,7334.0,"(49.21776, 8.206019999999999)",203458.6,353078.5,537642.5,164943.8,235898.6,665098.4,135834.0,351415.8,336318.4,308562.4,346671.6,342054.9,269253.9,372701.7,363872.1,318749.0
5551,76887,49.10013333333333,7.984133333333332,Rheinland-Pfalz,RP,Landkreis Südliche Weinstraße,7337.0,"(49.10013333333333, 7.984133333333332)",229740.1,370879.5,555443.5,182744.8,235550.5,682899.4,116328.2,377697.2,354119.3,326363.3,364472.5,339842.4,287054.9,390502.6,381673.1,336549.9
5552,76889,49.09312352941176,7.994570588235295,Rheinland-Pfalz,RP,Landkreis Südliche Weinstraße,7337.0,"(49.09312352941176, 7.994570588235295)",232014.6,373154.1,557718.0,185019.4,234376.0,685174.0,115070.4,379971.8,356393.9,328637.9,366747.1,338667.9,289329.5,392777.2,383947.6,338824.5
5553,76891,49.0961125,7.825537499999999,Rheinland-Pfalz,RP,Südwestpfalz,7340.0,"(49.0961125, 7.825537499999999)",248686.8,389826.2,574390.2,201691.5,254497.2,701846.1,122630.7,396643.9,373066.0,345310.0,383419.2,358789.1,273961.3,409449.3,400619.8,355496.6
5554,77652,48.4765,7.9438,Baden-Württemberg,BW,Ortenaukreis,8317.0,"(48.4765, 7.9438)",277393.5,432206.5,612823.6,244071.8,263118.7,740279.5,29025.4,425350.7,436361.9,417464.5,456351.6,367410.7,378933.9,451829.6,442891.2,397876.9
5555,77654,48.4651,7.9559,Baden-Württemberg,BW,Ortenaukreis,8317.0,"(48.4651, 7.9559)",277465.5,432278.4,612895.5,244143.7,263190.7,740351.4,29097.3,425422.7,436433.8,417536.5,456423.5,367482.6,379005.9,451901.5,442963.1,397948.8
5556,77656,48.4639,7.9313,Baden-Württemberg,BW,Ortenaukreis,8317.0,"(48.4639, 7.9313)",275895.0,430708.0,611325.1,242573.3,261620.2,738781.0,27526.9,423852.2,434863.4,415966.0,454853.1,365912.2,377435.4,450331.1,441392.7,396378.4
5557,77694,48.573,7.8152,Baden-Württemberg,BW,Ortenaukreis,8317.0,"(48.573, 7.8152)",276116.8,430929.7,611546.8,242795.0,261842.0,739002.8,44077.6,424074.0,435085.1,416187.8,455074.8,366133.9,377657.2,450552.9,441614.5,396600.1
5558,77704,48.5324,8.0786,Baden-Württemberg,BW,Ortenaukreis,8317.0,"(48.5324, 8.0786)",267305.5,422118.5,602735.6,233983.8,253030.7,730191.5,44294.1,415262.7,426273.9,407376.5,446263.6,357322.7,368845.9,441741.6,432803.2,387788.9
5559,77709,48.30495,8.216249999999999,Baden-Württemberg,BW,Ortenaukreis,8317.0,"(48.30495, 8.216249999999999)",272741.1,470195.9,608398.3,282061.2,232542.7,735854.2,41994.0,373183.1,474351.3,455453.9,494341.0,336834.6,416923.4,489819.0,480880.6,435866.3
5560,77716,48.27436666666667,8.088333333333333,Baden-Württemberg,BW,Ortenaukreis,8317.0,"(48.27436666666667, 8.088333333333333)",302405.6,457218.5,637835.6,269083.8,243945.3,765291.5,29016.7,450362.8,461373.9,442476.6,481363.6,348237.2,403946.0,476841.6,467903.2,422888.9
5561,77723,48.4048,8.0143,Baden-Württemberg,BW,Ortenaukreis,8317.0,"(48.4048, 8.0143)",286905.1,441718.1,622335.2,253583.4,272630.3,749791.1,38537.0,434862.3,445873.5,426976.1,465863.2,376922.3,388445.5,461341.2,452402.8,407388.5
5562,77728,48.4733,8.1597,Baden-Württemberg,BW,Ortenaukreis,8317.0,"(48.4733, 8.1597)",286957.6,441770.6,622387.7,253635.9,226328.8,749843.6,53685.4,366969.2,445926.0,427028.6,465915.7,330620.7,388498.1,461393.7,452455.3,407441.0
5563,77731,48.5407,7.8931,Baden-Württemberg,BW,Ortenaukreis,8317.0,"(48.5407, 7.8931)",269312.3,424125.2,604742.3,235990.5,255037.5,732198.2,37273.1,417269.5,428280.6,409383.3,448270.3,359329.4,370852.7,443748.3,434809.9,389795.6
5564,77736,48.3465,8.067,Baden-Württemberg,BW,Ortenaukreis,8317.0,"(48.3465, 8.067)",298151.3,452964.2,633581.3,264829.5,283876.5,761037.2,24285.4,446108.5,457119.6,438222.3,477109.3,388168.4,399691.7,472587.3,463648.9,418634.6
5565,77740,48.4333,8.2167,Baden-Württemberg,BW,Ortenaukreis,8317.0,"(48.4333, 8.2167)",264356.5,451535.2,600013.8,263400.5,224158.1,727469.7,63450.0,364798.5,455690.6,436793.3,475680.3,328450.0,398262.7,471158.3,462219.9,417205.6
5566,77743,48.45,7.825,Baden-Württemberg,BW,Ortenaukreis,8317.0,"(48.45, 7.825)",282891.3,437704.2,618321.3,249569.5,268616.5,745777.3,21469.1,430848.5,441859.6,422962.3,461849.3,372908.4,384431.7,457327.4,448389.0,403374.7
5567,77746,48.45,7.8833,Baden-Württemberg,BW,Ortenaukreis,8317.0,"(48.45, 7.8833)",277850.8,432663.8,613280.9,244529.1,263576.1,740736.8,20453.8,425808.0,436819.2,417921.8,456808.9,367868.0,379391.3,452286.9,443348.5,398334.2
5568,77749,48.4167,7.9167,Baden-Württemberg,BW,Ortenaukreis,8317.0,"(48.4167, 7.9167)",281542.5,436355.5,616972.6,248220.8,267267.7,744428.5,18234.3,429499.7,440510.9,421613.5,460500.6,371559.7,383082.9,455978.6,447040.2,402025.9
5569,77756,48.2843,8.176,Baden-Württemberg,BW,Ortenaukreis,8317.0,"(48.2843, 8.176)",276831.1,463580.8,612488.3,275446.1,236632.7,739944.3,35378.9,377273.1,467736.2,448838.8,487725.9,340924.6,410308.3,483203.9,474265.5,429251.2
5570,77761,48.2893,8.3417,Baden-Württemberg,BW,Rottweil,8325.0,"(48.2893, 8.3417)",262479.4,478770.0,598136.6,290635.3,222281.0,725592.6,50568.2,362921.4,482925.4,464028.1,502915.2,326572.9,425497.5,498393.2,489454.8,444440.5
5571,77767,48.5333,7.9833,Baden-Württemberg,BW,Ortenaukreis,8317.0,"(48.5333, 7.9833)",270569.5,425382.5,605999.6,237247.8,256294.7,733455.5,37297.3,418526.7,429537.9,410640.5,449527.6,360586.7,372109.9,445005.6,436067.2,391052.9
5572,77770,48.4935,8.0174,Baden-Württemberg,BW,Ortenaukreis,8317.0,"(48.4935, 8.0174)",276410.9,431223.9,611841.0,243089.2,262136.1,739296.9,36120.0,424368.1,435379.3,416481.9,455369.0,366428.1,377951.3,450847.0,441908.6,396894.3
5573,77773,48.312,8.3721,Baden-Württemberg,BW,Rottweil,8325.0,"(48.312, 8.3721)",261126.9,483718.4,596784.2,295583.7,220928.5,724240.1,55516.5,361568.9,487873.8,468976.4,507863.5,325220.4,430445.8,503341.5,494403.1,449388.8
5574,77776,48.4,8.3333,Baden-Württemberg,BW,Freudenstadt,8237.0,"(48.4, 8.3333)",267762.8,471385.6,603420.0,283250.9,227564.4,730876.0,62118.8,368204.8,475541.0,456643.6,495530.7,331856.3,418113.0,491008.7,482070.3,437056.0
5575,77781,48.3333,8.0333,Baden-Württemberg,BW,Ortenaukreis,8317.0,"(48.3333, 8.0333)",294897.7,449710.7,630327.8,261576.0,280622.9,757783.7,21031.9,442854.9,453866.1,434968.7,473855.8,384914.9,396438.1,469333.8,460395.4,415381.1
