,zipcode,lat,long,state,state_code,community_name,community_code,coor,AKB Kitzingen,AKB Dortmund,AKB Zörbig,AKB Schöneck,AKB Buch,Mosolf Etzin,Mosolf Kippenheim,BLG Kelheim,BLG Duisburg,BLG Neuss,Carservice Erkens,ARS Altmann Wolnzach,CAT Zülpich,Autohaus Siebrecht,Neu: FleetParQ Essen ,Neu: FleetParQ Kassel
2214,31311,52.4713,10.1581,Niedersachsen,NI,Region Hannover,3241.0,"(52.4713, 10.1581)",395148.0,243918.4,199427.8,373031.6,590078.5,235959.3,598914.5,553789.3,307504.6,314774.9,334478.7,586556.0,361363.4,155686.7,274558.8,189069.6
2215,31319,52.3139,9.9682,Niedersachsen,NI,Region Hannover,3241.0,"(52.3139, 9.9682)",359888.9,234733.1,210698.5,337772.5,554819.5,247230.0,563655.4,565060.0,298319.3,305589.5,325293.4,597826.7,352178.1,120427.7,265373.4,153810.6
2216,31515,52.4238,9.4359,Niedersachsen,NI,Region Hannover,3241.0,"(52.4238, 9.4359)",420590.2,195170.1,242459.1,398473.8,615520.8,278990.6,624356.7,596820.6,258756.3,266026.5,285730.3,629587.3,312615.0,113445.5,225810.4,218164.6
2217,31535,52.5046,9.4587,Niedersachsen,NI,Region Hannover,3241.0,"(52.5046, 9.4587)",438251.5,212831.4,246959.7,416135.1,633182.1,283491.2,642018.1,601321.2,276417.6,283687.8,303391.7,634087.9,330276.4,131106.9,243471.8,235825.9
2218,31542,52.34032,9.37102,Niedersachsen,NI,Landkreis Schaumburg,3257.0,"(52.34032, 9.37102)",410170.7,184750.6,250726.0,388054.3,605101.3,287257.6,613937.3,605087.6,248336.8,255607.1,275310.9,623623.6,302195.6,103026.1,215391.0,207745.1
2219,31547,52.45395,9.2065,Niedersachsen,NI,Landkreis Nienburg/Weser,3256.0,"(52.45395, 9.2065)",408531.0,183110.8,265627.6,386414.6,603461.5,302159.1,612297.5,614290.9,246697.0,253967.3,273671.1,621983.8,300555.8,125808.9,213751.2,206105.3
2220,31552,52.30427999999999,9.32762,Niedersachsen,NI,Landkreis Schaumburg,3257.0,"(52.30427999999999, 9.32762)",403628.8,178208.7,258672.6,381512.4,598559.4,295204.1,607395.4,609388.8,241794.9,249065.2,268769.0,617081.7,295653.7,96027.0,208849.1,201203.2
2221,31553,52.39653333333333,9.267266666666666,Niedersachsen,NI,Landkreis Schaumburg,3257.0,"(52.39653333333333, 9.267266666666666)",418154.8,192734.7,262971.2,396038.4,613085.4,299502.7,621921.4,617332.7,256320.9,263591.1,283295.0,631607.7,310179.7,110553.0,223375.1,215729.2
2222,31555,52.357625,9.38935,Niedersachsen,NI,Landkreis Schaumburg,3257.0,"(52.357625, 9.38935)",410974.1,185554.0,251529.4,388857.7,605904.7,288060.9,614740.6,605890.9,249140.2,256410.4,276114.3,624426.9,302999.0,103829.4,216194.3,208548.5
2223,31556,52.418960000000006,9.25124,Niedersachsen,NI,Landkreis Schaumburg,3257.0,"(52.418960000000006, 9.25124)",421330.3,195910.2,257279.4,399213.9,616260.9,293810.9,625096.9,611640.9,259496.4,266766.7,286470.5,634783.2,313355.2,113728.5,226550.6,218904.7
2224,31558,52.43376666666666,9.327566666666668,Niedersachsen,NI,Landkreis Schaumburg,3257.0,"(52.43376666666666, 9.327566666666668)",423258.1,197838.0,250892.5,401141.7,618188.7,287424.0,627024.7,605254.0,261424.2,268694.4,288398.3,638020.7,315283.0,113544.1,228478.4,220832.5
2225,31559,52.36952,9.36532,Niedersachsen,NI,Landkreis Schaumburg,3257.0,"(52.36952, 9.36532)",413721.0,188300.9,249716.1,391604.6,608651.6,286247.6,617487.5,604077.6,251887.1,259157.3,278861.2,627173.9,305745.9,104415.2,218941.2,211295.4
2226,31582,52.6521,9.2382,Niedersachsen,NI,Landkreis Nienburg/Weser,3256.0,"(52.6521, 9.2382)",428845.1,203425.0,272758.5,406728.7,623775.7,309290.0,632611.6,627120.0,267011.2,274281.4,293985.3,659886.7,320870.0,156905.6,234065.3,226419.5
2227,31592,52.51143636363636,9.038363636363636,Niedersachsen,NI,Landkreis Nienburg/Weser,3256.0,"(52.51143636363636, 9.038363636363636)",411284.8,185864.7,277224.4,389168.4,606215.4,313755.9,615051.4,617044.8,249450.9,256721.1,276425.0,624737.7,303309.7,146443.5,216505.0,208859.2
2228,31595,52.58225,8.99975,Niedersachsen,NI,Landkreis Nienburg/Weser,3256.0,"(52.58225, 8.99975)",418782.0,193361.9,286874.4,396665.6,613712.6,323406.0,622548.6,624542.0,256948.1,264218.4,283922.2,632234.9,310806.9,153940.7,224002.3,216356.4
2229,31600,52.4998,8.9093,Niedersachsen,NI,Landkreis Nienburg/Weser,3256.0,"(52.4998, 8.9093)",406587.2,181167.1,286351.8,384470.8,601517.8,322883.3,610353.8,612347.2,244753.3,252023.5,271727.4,620040.1,298612.1,141745.9,211807.4,204161.6
2230,31603,52.4187,8.7176,Niedersachsen,NI,Landkreis Nienburg/Weser,3256.0,"(52.4187, 8.7176)",393763.4,168343.2,303304.3,371647.0,588693.9,339835.8,597529.9,599523.4,217437.3,239199.7,244411.4,607216.2,285788.2,138915.9,196573.2,191337.7
2231,31604,52.45,8.9667,Niedersachsen,NI,Landkreis Nienburg/Weser,3256.0,"(52.45, 8.9667)",400314.4,174894.3,282240.0,378198.1,595245.0,318771.5,604081.0,606074.4,238480.5,245750.8,265454.6,613767.3,292339.3,135473.1,205534.7,197888.8
2232,31606,52.457,8.8495,Niedersachsen,NI,Landkreis Nienburg/Weser,3256.0,"(52.457, 8.8495)",409422.6,184002.5,300878.6,387306.2,604353.2,337410.1,613189.2,615182.6,247588.7,254858.9,274562.8,622875.5,301447.5,144581.3,214642.9,206997.0
2233,31608,52.6686,9.1422,Niedersachsen,NI,Landkreis Nienburg/Weser,3256.0,"(52.6686, 9.1422)",432640.7,207220.6,277469.7,410524.3,627571.3,314001.2,636407.2,631831.2,270806.8,278077.0,297780.9,664597.9,324665.6,161616.8,237860.9,230215.1
2234,31609,52.7167,9.1667,Niedersachsen,NI,Landkreis Nienburg/Weser,3256.0,"(52.7167, 9.1667)",438231.1,212811.0,282842.0,416114.7,633161.7,319373.5,641997.7,637203.5,276397.2,283667.4,303371.3,669970.2,330256.0,166989.1,243451.4,235805.5
2235,31613,52.7167,9.0833,Niedersachsen,NI,Landkreis Nienburg/Weser,3256.0,"(52.7167, 9.0833)",437266.5,211846.4,286593.1,415150.1,632197.1,323124.7,641033.1,640954.7,268745.7,282702.8,295719.7,673721.4,329291.4,170740.3,247881.6,234840.9
2236,31618,52.6036,9.0972,Niedersachsen,NI,Landkreis Nienburg/Weser,3256.0,"(52.6036, 9.0972)",422405.6,196985.5,283753.0,400289.2,617336.2,320284.5,626172.2,628165.6,260571.7,267841.9,287545.8,635858.5,314430.5,144909.2,227625.8,219980.0
2237,31619,52.6167,9.1333,Niedersachsen,NI,Landkreis Nienburg/Weser,3256.0,"(52.6167, 9.1333)",427018.1,201598.0,281502.5,404901.7,621948.7,318034.0,630784.7,635864.0,265184.2,272454.4,292158.3,640471.0,319043.0,165649.6,232238.4,224592.5
2238,31621,52.6418,9.0263,Niedersachsen,NI,Landkreis Nienburg/Weser,3256.0,"(52.6418, 9.0263)",428444.0,203023.8,286021.5,406327.6,623374.5,322553.0,632210.5,640383.0,266610.1,273880.3,293584.1,641896.8,320468.8,170168.7,233664.2,226018.3
2239,31622,52.72056,9.28562,Niedersachsen,NI,Landkreis Nienburg/Weser,3256.0,"(52.72056, 9.28562)",436452.5,211032.4,291281.9,414336.1,631383.1,327813.4,640219.1,645643.4,274618.6,281888.8,301592.7,678410.1,328477.4,164925.1,241672.8,245374.5
2240,31623,52.6869,9.2108,Niedersachsen,NI,Landkreis Nienburg/Weser,3256.0,"(52.6869, 9.2108)",431115.6,205695.5,275441.0,408999.2,626046.2,311972.6,634882.1,629802.6,269281.7,276551.9,296255.8,662569.3,323140.5,159588.2,236335.8,228690.0
2241,31626,52.7333,9.2333,Niedersachsen,NI,Landkreis Nienburg/Weser,3256.0,"(52.7333, 9.2333)",435936.4,210516.3,280261.8,413820.0,630867.0,316793.4,639702.9,634623.4,274102.5,281372.7,301076.6,667390.1,327961.3,164409.0,241156.6,233510.8
2242,31627,52.7099,9.2323,Niedersachsen,NI,Landkreis Nienburg/Weser,3256.0,"(52.7099, 9.2323)",433079.5,207659.4,277405.0,410963.1,628010.1,313936.5,636846.1,631766.5,271245.6,278515.8,298219.7,664533.2,325104.4,161552.1,238299.8,230653.9
2243,31628,52.54762000000001,9.14516,Niedersachsen,NI,Landkreis Nienburg/Weser,3256.0,"(52.54762000000001, 9.14516)",413823.4,188403.2,274258.6,391707.0,608753.9,310790.1,617589.9,619583.4,251989.5,259259.7,278963.5,627276.2,305848.2,138669.4,219043.6,211397.7
2244,31629,52.591366666666666,9.145433333333337,Niedersachsen,NI,Landkreis Nienburg/Weser,3256.0,"(52.591366666666666, 9.145433333333337)",416898.8,191478.6,275553.6,394782.4,611829.3,312085.1,620665.3,622658.8,255064.9,262335.1,282038.9,630351.6,308923.6,141744.8,222119.0,214473.1
2245,31632,52.5667,9.25,Niedersachsen,NI,Landkreis Nienburg/Weser,3256.0,"(52.5667, 9.25)",419720.7,194300.5,264405.4,397604.3,614651.2,300937.0,623487.2,618767.0,257886.8,265157.0,284860.8,651533.7,311745.5,148552.6,224940.9,217295.0
2246,31633,52.5,9.1167,Niedersachsen,NI,Landkreis Nienburg/Weser,3256.0,"(52.5, 9.1167)",405659.4,180239.3,270820.0,383543.0,600590.0,307351.5,609426.0,611419.4,243825.5,251095.8,270799.6,619112.3,297684.3,130505.5,210879.7,203233.8
2247,31634,52.660720000000005,9.4015,Niedersachsen,NI,Landkreis Nienburg/Weser,3256.0,"(52.660720000000005, 9.4015)",427216.1,233234.8,267045.2,405099.7,622146.7,303576.8,630982.7,621406.8,296821.0,304091.2,323795.1,654173.5,350679.8,151510.3,263875.2,221137.8
2248,31636,52.5935,9.3026,Niedersachsen,NI,Landkreis Nienburg/Weser,3256.0,"(52.5935, 9.3026)",454186.9,228766.8,262895.1,432070.5,649117.5,299426.6,657953.4,617256.6,292353.0,299623.2,319327.1,650023.3,346211.8,147042.2,259407.1,251761.3
2249,31637,52.6658,9.4821,Niedersachsen,NI,Landkreis Nienburg/Weser,3256.0,"(52.6658, 9.4821)",419141.0,233269.0,258970.1,397024.6,614071.6,295501.6,622907.5,613331.6,296855.2,304125.5,323829.3,646098.3,350714.0,179679.8,263909.4,213062.6
2250,31638,52.6407,9.3403,Niedersachsen,NI,Landkreis Nienburg/Weser,3256.0,"(52.6407, 9.3403)",461183.2,235763.1,269755.8,439066.8,656113.8,306287.3,664949.8,624117.3,299349.3,306619.5,326323.4,656884.0,353208.1,154038.6,266403.5,223848.3
2251,31655,52.314653846153846,9.217276923076923,Niedersachsen,NI,Landkreis Schaumburg,3257.0,"(52.314653846153846, 9.217276923076923)",397564.4,172144.2,263396.4,375448.0,592495.0,299927.9,601330.9,603324.4,235730.5,243000.7,262704.5,611017.2,289589.2,105203.6,202784.6,195138.7
2252,31675,52.28261818181818,9.050709090909091,Niedersachsen,NI,Landkreis Schaumburg,3257.0,"(52.28261818181818, 9.050709090909091)",383606.6,158186.5,284092.8,361490.2,578537.2,320624.3,587373.1,589366.6,221772.7,229042.9,248746.8,597059.5,275631.5,106215.4,188826.8,181181.0
2253,31683,52.26563333333333,9.122116666666669,Niedersachsen,NI,Landkreis Schaumburg,3257.0,"(52.26563333333333, 9.122116666666669)",387030.0,161609.9,281025.4,364913.6,581960.6,317556.9,590796.5,592790.0,225196.1,232466.3,252170.2,600482.9,279054.9,103450.0,192250.2,184604.4
2254,31688,52.29026666666667,9.167266666666668,Niedersachsen,NI,Landkreis Schaumburg,3257.0,"(52.29026666666667, 9.167266666666668)",392137.4,166717.3,268068.6,370021.0,587068.0,304600.1,595904.0,597897.4,230303.5,237573.7,257277.6,605590.3,284162.3,106614.8,197357.7,189711.8
2255,31691,52.3036625,9.108725,Niedersachsen,NI,Landkreis Schaumburg,3257.0,"(52.3036625, 9.108725)",387563.9,162143.8,274224.2,365447.5,582494.5,310755.7,591330.5,593323.9,225730.0,233000.3,252704.1,601016.8,279588.8,108411.1,192784.2,185138.3
2256,31693,52.326125,9.109625,Niedersachsen,NI,Landkreis Schaumburg,3257.0,"(52.326125, 9.109625)",389579.6,164159.5,271136.4,367463.2,584510.2,307667.9,593346.2,595339.6,227745.7,235015.9,254719.8,603032.5,281604.5,110426.8,194799.9,187154.0
2257,31698,52.357975,9.28635,Niedersachsen,NI,Landkreis Schaumburg,3257.0,"(52.357975, 9.28635)",413766.8,188346.6,258583.1,391650.4,608697.3,295114.6,617533.3,612944.6,251932.8,259203.1,278906.9,627219.6,305791.6,106164.9,218987.0,211341.1
2258,31699,52.35,9.3167,Niedersachsen,NI,Landkreis Schaumburg,3257.0,"(52.35, 9.3167)",411369.4,185949.3,256185.8,389253.0,606300.0,292717.3,615135.9,610547.3,249535.5,256805.7,276509.6,624822.3,303394.3,103767.6,216589.6,208943.8
2259,31700,52.33243333333333,9.2821,Niedersachsen,NI,Landkreis Schaumburg,3257.0,"(52.33243333333333, 9.2821)",412602.2,187182.0,257418.5,390485.8,607532.8,293950.0,616368.7,611780.0,250768.3,258038.5,277742.3,626055.0,304627.0,105000.3,217822.4,210176.5
2260,31702,52.35306666666667,9.251766666666668,Niedersachsen,NI,Landkreis Schaumburg,3257.0,"(52.35306666666667, 9.251766666666668)",402572.2,177152.1,260957.7,380455.8,597502.8,297489.2,606338.8,608332.2,240738.3,248008.5,267712.4,616025.1,294597.1,106911.5,207792.5,200146.6
2261,31707,52.2371,9.0973,Niedersachsen,NI,Landkreis Schaumburg,3257.0,"(52.2371, 9.0973)",383256.8,157836.7,277049.7,361140.4,578187.4,313581.2,587023.3,589016.8,221422.9,228693.1,248397.0,596709.7,275281.7,99172.3,188477.0,180831.2
2262,31708,52.2547,9.1009,Niedersachsen,NI,Landkreis Schaumburg,3257.0,"(52.2547, 9.1009)",385090.2,159670.1,278883.1,362973.8,580020.8,315414.6,588856.7,590850.2,223256.3,230526.5,250230.4,598543.1,277115.1,101005.7,190310.4,182664.6
2263,31710,52.2265,9.1278,Niedersachsen,NI,Landkreis Schaumburg,3257.0,"(52.2265, 9.1278)",382925.0,157504.8,274977.8,360808.6,577855.5,311509.3,586691.5,588685.0,221091.1,228361.3,248065.1,596377.8,274949.8,97402.3,188145.2,180499.3
2264,31711,52.2266,9.087433333333331,Niedersachsen,NI,Landkreis Schaumburg,3257.0,"(52.2266, 9.087433333333331)",383189.6,157769.5,276982.6,361073.3,578120.2,313514.1,586956.2,588949.6,221355.7,228626.0,248329.8,596642.5,275214.5,99105.2,188409.9,180764.0
2265,31712,52.3521,9.1479,Niedersachsen,NI,Landkreis Schaumburg,3257.0,"(52.3521, 9.1479)",395604.9,170184.8,269294.5,373488.5,590535.5,305826.0,599371.4,601364.9,233771.0,241041.2,260745.1,609057.8,287629.8,113976.2,200825.1,193179.3
2266,31714,52.36046666666667,9.214166666666667,Niedersachsen,NI,Landkreis Schaumburg,3257.0,"(52.36046666666667, 9.214166666666667)",400857.8,175437.7,266114.9,378741.4,595788.4,302646.4,604624.3,606617.8,239023.9,246294.1,265998.0,614310.6,292882.7,110796.5,206078.0,198432.2
2267,31715,52.339925,9.138,Niedersachsen,NI,Landkreis Schaumburg,3257.0,"(52.339925, 9.138)",392772.6,167352.4,268121.8,370656.2,587703.1,304653.3,596539.1,598532.6,230938.7,238208.9,257912.7,606225.4,284797.4,113394.0,197992.8,190346.9
2268,31717,52.35,9.1833,Niedersachsen,NI,Landkreis Schaumburg,3257.0,"(52.35, 9.1833)",397552.8,172132.7,266655.5,375436.4,592483.4,303187.0,601319.3,603312.8,235718.9,242989.1,262692.9,611005.6,289577.6,111337.1,202773.0,195127.1
2269,31718,52.3853,9.1881,Niedersachsen,NI,Landkreis Schaumburg,3257.0,"(52.3853, 9.1881)",401368.3,175948.2,268555.0,379251.9,596298.9,305086.5,605134.8,607128.3,239534.4,246804.6,266508.5,614821.2,293393.2,116136.8,206588.5,198942.7
2270,31719,52.3838,9.1202,Niedersachsen,NI,Landkreis Schaumburg,3257.0,"(52.3838, 9.1202)",397877.8,172457.7,272256.9,375761.4,592808.4,308788.4,601644.4,603637.8,236043.9,243314.1,263018.0,611330.7,289902.7,116938.5,203098.1,195452.2
2271,31737,52.17264,9.119075,Niedersachsen,NI,Landkreis Schaumburg,3257.0,"(52.17264, 9.119075)",344947.6,166403.2,284164.8,322831.2,539878.2,320696.4,548714.1,550707.6,229989.5,237259.7,256963.5,558400.4,283848.2,92031.7,197043.6,142521.9
2272,31749,52.240170588235294,9.23429411764706,Niedersachsen,NI,Landkreis Schaumburg,3257.0,"(52.240170588235294, 9.23429411764706)",393056.8,167636.7,265936.3,370940.4,587987.4,302467.8,596823.3,598816.8,231222.9,238493.1,258197.0,606509.7,285081.7,93595.3,198277.0,190631.2
2273,31785,52.1037,9.3676,Niedersachsen,NI,Hameln-Pyrmont,3252.0,"(52.1037, 9.3676)",339633.4,179709.6,244494.7,317517.0,534564.0,321886.4,543400.0,545393.4,243295.8,250566.0,270269.9,553086.3,297154.6,72680.3,210349.9,137207.8
2274,31787,52.115,9.3388,Niedersachsen,NI,Hameln-Pyrmont,3252.0,"(52.115, 9.3388)",341837.3,180227.5,285639.5,319720.9,536767.9,322171.0,545603.8,547597.3,243813.7,251083.9,270787.8,555290.1,297672.5,74884.1,210867.8,139411.7
2275,31789,52.0988,9.395,Niedersachsen,NI,Hameln-Pyrmont,3252.0,"(52.0988, 9.395)",340012.2,182118.0,242815.3,317895.8,534942.8,322081.0,543778.7,545772.2,245704.2,252974.4,272678.3,553465.1,299563.0,71427.3,212758.4,137586.6
2276,31812,51.9859,9.2525,Niedersachsen,NI,Hameln-Pyrmont,3252.0,"(51.9859, 9.2525)",318536.5,157604.6,258547.5,296420.1,513467.1,340190.5,522303.0,524296.5,230038.0,225557.7,257012.0,531989.3,272146.2,65731.8,194256.4,116110.9
2277,31832,52.2084,9.5542,Niedersachsen,NI,Region Hannover,3241.0,"(52.2084, 9.5542)",353629.4,194037.5,227486.1,331513.0,548560.0,287263.1,557396.0,559389.4,257623.7,264893.9,284597.8,567082.3,311482.5,80243.0,224677.8,147551.1
2278,31840,52.1727,9.2491,Niedersachsen,NI,Hameln-Pyrmont,3252.0,"(52.1727, 9.2491)",399518.4,174098.3,273288.1,377402.0,594449.0,309819.6,603284.9,605278.4,237684.5,244954.7,264658.5,612971.2,291543.2,85346.4,204738.6,197092.7
2279,31848,52.1955,9.4642,Niedersachsen,NI,Hameln-Pyrmont,3252.0,"(52.1955, 9.4642)",353840.8,188152.1,269265.2,331724.4,548771.4,305796.7,557607.3,559600.8,251738.3,259008.5,278712.4,567293.6,305597.1,78502.5,218792.4,147762.5
2280,31855,52.0495,9.2586,Niedersachsen,NI,Hameln-Pyrmont,3252.0,"(52.0495, 9.2586)",332267.7,159669.5,290891.7,310151.3,527198.3,327423.2,536034.2,538027.7,223255.7,230525.9,250229.8,545720.5,277114.5,75678.1,190309.9,129842.1
2281,31860,52.0449,9.4001,Niedersachsen,NI,Hameln-Pyrmont,3252.0,"(52.0449, 9.4001)",333035.1,187908.1,245554.6,310918.7,527965.7,304233.8,536801.7,538795.1,251494.3,258764.6,278468.4,546488.0,305353.1,66081.9,218548.5,130609.5
2282,31863,52.1185,9.5487,Niedersachsen,NI,Hameln-Pyrmont,3252.0,"(52.1185, 9.5487)",342332.0,200141.9,229678.5,320215.6,537262.6,288357.7,546098.6,548092.0,263728.1,270998.4,290702.2,555784.9,317586.9,66993.7,230782.3,136253.7
2283,31867,52.26087272727273,9.372318181818182,Niedersachsen,NI,Landkreis Schaumburg,3257.0,"(52.26087272727273, 9.372318181818182)",402905.9,177485.7,258598.9,380789.5,597836.4,295130.4,606672.4,608665.8,241072.0,248342.2,268046.0,616358.7,294930.7,89231.8,208126.1,200480.2
2284,31868,51.9471,9.407,Niedersachsen,NI,Landkreis Holzminden,3255.0,"(51.9471, 9.407)",317170.2,169792.2,237871.5,295053.8,512100.8,313377.1,520936.8,522930.2,257043.1,237745.3,284017.1,530623.1,284333.8,49395.9,206444.0,114744.6
2285,32049,52.1337,8.6963,Nordrhein-Westfalen,NW,Herford,5758.0,"(52.1337, 8.6963)",354675.2,129255.1,309596.7,332558.8,549605.8,346128.3,558441.7,560435.2,192841.3,200111.5,219815.4,568128.0,246700.1,109484.6,159895.4,152249.6
2286,32051,52.127,8.6427,Nordrhein-Westfalen,NW,Herford,5758.0,"(52.127, 8.6427)",351642.4,126222.3,317993.3,329526.0,546573.0,354524.8,555409.0,557402.4,189808.5,197078.8,216782.6,565095.3,243667.3,110142.5,156862.7,149216.8
2287,32052,52.1005,8.6723,Nordrhein-Westfalen,NW,Herford,5758.0,"(52.1005, 8.6723)",347012.9,121592.8,313363.8,324896.5,541943.5,349895.3,550779.5,552772.9,185179.0,192449.2,212153.1,560465.8,239037.8,105513.0,152233.2,144587.3
2288,32105,52.0808,8.7505,Nordrhein-Westfalen,NW,Lippe,5766.0,"(52.0808, 8.7505)",349761.4,124341.3,317361.0,327645.0,544692.0,353892.5,553527.9,555521.4,187927.5,195197.7,214901.5,563214.2,241786.2,98968.1,154981.6,147335.7
2289,32107,52.0613,8.7341,Nordrhein-Westfalen,NW,Lippe,5766.0,"(52.0613, 8.7341)",347527.8,122107.7,317067.5,325411.4,542458.4,353599.0,551294.3,553287.8,185693.9,192964.1,212667.9,560980.6,239552.6,99434.4,152748.0,145102.1
2290,32108,52.0692,8.7598,Nordrhein-Westfalen,NW,Lippe,5766.0,"(52.0692, 8.7598)",349552.3,124132.2,317597.3,327435.9,544482.9,354128.8,553318.8,555312.3,187718.4,194988.6,214692.4,563005.1,241577.1,97306.6,154772.5,147126.6
2291,32120,52.1667,8.6167,Nordrhein-Westfalen,NW,Herford,5758.0,"(52.1667, 8.6167)",356764.5,131344.4,315883.0,334648.1,551695.1,352414.5,560531.0,562524.5,194930.6,202200.8,221904.7,570217.4,248789.4,115264.5,161984.7,154338.9
2292,32130,52.1406,8.5577,Nordrhein-Westfalen,NW,Herford,5758.0,"(52.1406, 8.5577)",356931.2,131511.1,321427.3,334814.8,551861.8,357958.8,560697.7,562691.2,195097.3,202367.5,222071.4,570384.1,248956.1,115431.2,162151.4,154505.6
2293,32139,52.1402,8.4847,Nordrhein-Westfalen,NW,Herford,5758.0,"(52.1402, 8.4847)",351257.5,126021.1,329024.8,329141.1,546188.1,365556.3,555024.0,557017.5,189607.3,196877.6,216581.4,564710.4,243466.1,120824.5,156661.5,148831.9
2294,32257,52.1984,8.5864,Nordrhein-Westfalen,NW,Herford,5758.0,"(52.1984, 8.5864)",363576.0,138155.9,316873.5,341459.6,558506.6,353405.0,567342.6,569336.0,199765.7,209012.3,226739.8,577028.9,255600.9,122076.1,178901.6,161150.4
2295,32278,52.2,8.6333,Nordrhein-Westfalen,NW,Herford,5758.0,"(52.2, 8.6333)",362033.6,136613.5,313143.4,339917.2,556964.2,349674.9,565800.1,567793.6,200199.7,207469.9,227173.8,575486.5,254058.5,120533.6,167253.8,159608.0
