,zipcode,lat,long,state,state_code,community_name,community_code,coor,AKB Kitzingen,AKB Dortmund,AKB Zörbig,AKB Schöneck,AKB Buch,Mosolf Etzin,Mosolf Kippenheim,BLG Kelheim,BLG Duisburg,BLG Neuss,Carservice Erkens,ARS Altmann Wolnzach,CAT Zülpich,Autohaus Siebrecht,Neu: FleetParQ Essen ,Neu: FleetParQ Kassel
902,15827,52.32905,13.4261,Brandenburg,BB,Landkreis Teltow-Fläming,12072.0,"(52.32905, 13.4261)",491240.2,484236.8,143209.8,539885.4,628682.2,53274.1,761294.9,495124.0,547823.0,555093.3,574797.1,527890.7,601681.8,338208.1,514877.2,371590.9
903,15831,52.35331428571429,13.45142857142857,Brandenburg,BB,Landkreis Teltow-Fläming,12072.0,"(52.35331428571429, 13.45142857142857)",492266.4,485263.1,144236.0,540911.6,629708.4,58170.7,762321.1,496150.3,548849.3,556119.5,575823.3,528917.0,602708.0,339234.3,515903.4,372617.2
904,15834,52.2913,13.4195,Brandenburg,BB,Landkreis Teltow-Fläming,12072.0,"(52.2913, 13.4195)",490182.1,483178.8,142151.7,538827.3,627624.1,82208.3,760236.8,494066.0,546765.0,554035.2,573739.0,526832.7,600623.7,337150.0,513819.1,370532.9
905,15837,52.05,13.5,Brandenburg,BB,Landkreis Teltow-Fläming,12072.0,"(52.05, 13.5)",512785.2,529716.0,188688.9,585364.5,650227.2,128745.5,782839.9,498838.3,593302.2,600572.4,620276.3,544836.3,647161.0,383687.2,560356.3,417070.1
906,15838,52.140725,13.4048,Brandenburg,BB,Landkreis Teltow-Fläming,12072.0,"(52.140725, 13.4048)",483662.6,499054.9,135632.2,532307.8,621104.6,77510.3,753717.3,511236.9,562641.2,569911.4,589615.2,520313.2,616499.9,353026.2,529695.3,386409.1
907,15848,52.15159272727272,14.21962181818182,Brandenburg,BB,Landkreis Dahme-Spreewald,12061.0,"(52.15159272727272, 14.21962181818182)",524219.9,554127.9,213100.8,609776.4,661661.9,153157.4,794274.5,510272.9,617714.1,624984.3,644688.2,556270.9,671572.9,408099.1,584768.2,441482.0
908,15859,52.22756875,13.89480625,Brandenburg,BB,Landkreis Oder-Spree,12067.0,"(52.22756875, 13.89480625)",532309.9,525306.6,184279.5,580955.1,669751.9,124336.1,802364.6,536193.8,588892.8,596163.0,615866.9,568960.5,642751.6,379277.8,555946.9,412660.7
909,15864,52.220375,14.0759,Brandenburg,BB,Landkreis Oder-Spree,12067.0,"(52.220375, 14.0759)",541839.0,534835.7,193808.7,590484.2,679281.0,133865.2,811893.7,518808.4,598421.9,605692.1,625396.0,578489.6,652280.7,388806.9,565476.0,422189.8
910,15868,52.02955714285714,14.346714285714285,Brandenburg,BB,Landkreis Dahme-Spreewald,12061.0,"(52.02955714285714, 14.346714285714285)",524315.4,568698.2,227671.1,611569.6,661757.3,167727.7,794370.0,510368.4,632284.4,639554.6,659258.5,556366.4,686143.2,422669.4,599338.5,456052.3
911,15890,52.16146923076924,14.559976923076922,Brandenburg,BB,Landkreis Oder-Spree,12067.0,"(52.16146923076924, 14.559976923076922)",587484.4,580481.0,239454.0,636129.6,724926.4,179510.6,857539.1,535900.1,644067.3,651337.5,671041.3,624135.0,697926.0,434452.3,611121.4,467835.2
912,15898,52.06251052631578,14.639173684210526,Brandenburg,BB,Landkreis Oder-Spree,12067.0,"(52.06251052631578, 14.639173684210526)",564484.2,590187.9,249160.8,645836.4,701926.2,189217.4,834538.9,550537.2,653774.1,661044.3,680748.2,596535.3,707632.9,444159.1,620828.2,477542.0
913,15907,51.9455,13.8852,Brandenburg,BB,Landkreis Dahme-Spreewald,12061.0,"(51.9455, 13.8852)",485688.1,540301.8,199274.8,572942.3,623130.1,139331.3,755742.8,471741.1,603888.0,611158.2,630862.1,517739.2,657746.8,394273.0,570942.1,427655.9
914,15910,52.05819999999999,13.920576923076924,Brandenburg,BB,Landkreis Dahme-Spreewald,12061.0,"(52.05819999999999, 13.920576923076924)",504034.5,532681.6,191654.6,588330.2,641476.5,131711.2,774089.2,490087.5,596267.9,603538.1,623241.9,536085.6,650126.6,386652.9,563322.0,420035.8
915,15913,51.97190833333334,14.100233333333334,Brandenburg,BB,Landkreis Dahme-Spreewald,12061.0,"(51.97190833333334, 14.100233333333334)",505197.1,561924.4,220897.4,592451.4,642639.1,160954.0,775251.8,491250.2,625510.6,632780.9,652484.7,537248.2,679369.4,415895.7,592564.8,449278.6
916,15926,51.84085,13.69665,Brandenburg,BB,Landkreis Dahme-Spreewald,12061.0,"(51.84085, 13.69665)",475411.9,550943.0,209916.0,562666.1,612853.8,149972.6,745466.5,461464.9,614529.2,621799.4,641503.3,507462.9,668388.0,404914.2,581583.3,376169.5
917,15936,51.92285,13.4681,Brandenburg,BB,Landkreis Teltow-Fläming,12072.0,"(51.92285, 13.4681)",458561.1,527853.5,145229.1,507206.3,596003.1,106308.9,728615.8,487192.2,591439.7,598709.9,618413.8,495211.7,645298.5,381824.8,558493.9,371425.5
918,15938,51.94606,13.583940000000002,Brandenburg,BB,Landkreis Dahme-Spreewald,12061.0,"(51.94606, 13.583940000000002)",490840.5,537601.4,196574.3,514805.7,628282.5,136630.9,760895.2,476893.5,601187.6,608457.8,628161.7,522891.6,655046.4,391572.6,568241.7,424955.5
919,16225,52.8342,13.8218,Brandenburg,BB,Landkreis Barnim,12060.0,"(52.8342, 13.8218)",589010.0,562447.5,240979.6,637655.2,726452.0,116891.4,859064.7,592893.9,626033.7,633303.9,653007.8,625660.6,679892.5,416418.7,593087.8,449801.6
920,16227,52.8333,13.8333,Brandenburg,BB,Landkreis Barnim,12060.0,"(52.8333, 13.8333)",589838.4,563275.9,241808.0,638483.6,727280.4,117719.7,859893.1,593722.2,626862.1,634132.3,653836.2,626488.9,680720.9,417247.1,593916.2,450630.0
921,16230,52.81244,13.7855,Brandenburg,BB,Landkreis Barnim,12060.0,"(52.81244, 13.7855)",585052.0,558489.5,237021.6,633697.2,722493.9,112933.3,855106.6,588935.8,622075.7,629345.9,649049.7,621702.5,675934.4,412460.7,589129.8,445843.6
922,16244,52.88655,13.7355,Brandenburg,BB,Landkreis Barnim,12060.0,"(52.88655, 13.7355)",585621.7,559059.2,237591.4,634266.9,723063.7,113503.1,855676.4,589505.6,622645.4,629915.7,649619.5,622272.3,676504.2,413030.5,589699.6,446413.4
923,16247,52.98256,13.80106,Brandenburg,BB,Landkreis Barnim,12060.0,"(52.98256, 13.80106)",603914.1,577351.6,255883.7,652559.3,741356.1,131795.5,873968.8,607798.0,640937.8,648208.0,667911.9,640564.7,694796.6,431322.8,607991.9,464705.7
924,16248,52.8833,14.0211375,Brandenburg,BB,Landkreis Barnim,12060.0,"(52.8833, 14.0211375)",622469.3,595906.7,274438.9,671114.5,759911.2,150350.6,892523.9,626353.1,659493.0,666763.2,686467.0,659119.8,713351.7,449878.0,626547.1,483260.9
925,16259,52.76523095238095,14.041961904761903,Brandenburg,BB,Landkreis Märkisch-Oderland,12064.0,"(52.76523095238095, 14.041961904761903)",583896.4,564539.7,235866.0,632541.6,721338.4,118983.6,853951.1,587780.3,628125.9,635396.1,655100.0,620547.0,681984.7,418510.9,595180.1,451893.8
926,16269,52.6912,14.139433333333336,Brandenburg,BB,Landkreis Märkisch-Oderland,12064.0,"(52.6912, 14.139433333333336)",569403.9,562400.5,221373.5,618049.0,706845.8,123047.7,839458.5,573287.7,625986.7,633256.9,652960.8,606054.4,679845.5,416371.7,593040.8,449754.6
927,16278,53.049,14.00545652173913,Brandenburg,BB,Landkreis Uckermark,12073.0,"(53.049, 14.00545652173913)",614247.6,587685.1,266217.2,662892.8,751689.6,142129.0,884302.3,618131.4,651271.3,658541.5,678245.4,650898.1,705130.1,441656.3,618325.4,475039.2
928,16303,53.066,14.2711,Brandenburg,BB,Landkreis Uckermark,12073.0,"(53.066, 14.2711)",634527.0,607964.5,286496.6,683172.2,771969.0,162408.4,904581.7,638410.8,671550.7,678820.9,698524.8,671177.5,725409.5,461935.7,638604.8,495318.6
929,16306,53.17574,14.20574,Brandenburg,BB,Landkreis Uckermark,12073.0,"(53.17574, 14.20574)",653670.6,627108.1,305640.2,702315.8,791112.6,181552.0,923725.3,657554.5,690694.3,697964.5,717668.4,690321.2,744553.1,481079.3,657748.4,514462.2
930,16307,53.26241111111111,14.367933333333331,Brandenburg,BB,Landkreis Uckermark,12073.0,"(53.26241111111111, 14.367933333333331)",657953.3,631390.7,309922.9,706598.4,795395.2,185834.6,928007.9,661837.1,694977.0,702247.2,721951.0,694603.8,748835.7,485362.0,662031.1,518744.9
931,16321,52.68697142857143,13.596885714285715,Brandenburg,BB,Landkreis Barnim,12060.0,"(52.68697142857143, 13.596885714285715)",557100.9,530538.4,209070.5,605746.1,694542.9,84982.3,827155.6,560984.7,594124.6,601394.8,621098.7,593751.4,647983.4,384509.6,561178.7,417892.5
932,16341,52.638000000000005,13.5425,Brandenburg,BB,Landkreis Barnim,12060.0,"(52.638000000000005, 13.5425)",549981.2,525405.4,201950.8,598626.4,687423.2,79849.3,820035.9,553865.1,588991.6,596261.9,615965.7,586631.8,642850.4,379376.7,556045.8,412759.5
933,16348,52.815875,13.515625,Brandenburg,BB,Landkreis Barnim,12060.0,"(52.815875, 13.515625)",551744.8,527169.0,203714.4,600390.0,689186.8,81612.9,821799.5,555628.7,590755.2,598025.4,617729.3,588395.4,644614.0,381140.2,557809.3,414523.1
934,16356,52.63319,13.662960000000002,Brandenburg,BB,Landkreis Barnim,12060.0,"(52.63319, 13.662960000000002)",552506.6,533149.8,204476.2,601151.8,689948.6,87593.7,822561.2,556390.4,596736.1,604006.3,623710.1,589157.1,650594.8,387121.1,563790.2,420504.0
935,16359,52.76355,13.60475,Brandenburg,BB,Landkreis Barnim,12060.0,"(52.76355, 13.60475)",570659.1,544096.6,222628.7,619304.3,708101.1,98540.5,840713.8,574543.0,607682.8,614953.0,634656.9,607309.7,661541.6,398067.9,574737.0,431450.7
936,16515,52.78913,13.31069,Brandenburg,BB,Landkreis Oberhavel,12065.0,"(52.78913, 13.31069)",535834.3,511258.5,187803.9,584479.5,673276.3,65702.3,805888.9,539718.1,574844.7,582114.9,601818.7,572484.8,628703.4,365229.7,541898.8,398612.6
937,16540,52.66865,13.26855,Brandenburg,BB,Landkreis Oberhavel,12065.0,"(52.66865, 13.26855)",528036.6,503460.8,180006.2,576681.8,665478.6,57904.7,798091.3,531920.4,567047.0,574317.2,594021.1,564687.1,620905.8,357432.0,534101.1,390814.9
938,16547,52.6833,13.2833,Brandenburg,BB,Landkreis Oberhavel,12065.0,"(52.6833, 13.2833)",525362.1,500786.3,177331.7,574007.3,662804.1,55230.2,795416.8,529246.0,564372.5,571642.8,591346.6,562012.7,618231.3,354757.6,531426.7,388140.4
939,16548,52.6351,13.3075,Brandenburg,BB,Landkreis Oberhavel,12065.0,"(52.6351, 13.3075)",506705.7,506989.3,158675.3,555350.9,644147.7,61433.2,776760.4,510589.6,570575.5,577845.7,597549.6,543356.3,624434.3,360960.6,537629.7,394343.4
940,16552,52.6363,13.376,Brandenburg,BB,Landkreis Oberhavel,12065.0,"(52.6363, 13.376)",510420.3,510986.9,162390.0,559065.5,647862.3,65430.8,780475.0,514304.2,574573.2,581843.4,601547.2,547070.9,628431.9,364958.2,541627.3,398341.1
941,16556,52.7129,13.2767,Brandenburg,BB,Landkreis Oberhavel,12065.0,"(52.7129, 13.2767)",525057.2,500481.4,177026.8,573702.4,662499.2,54925.3,795111.9,528941.0,564067.6,571337.8,591041.7,561707.7,617926.4,354452.6,531121.7,387835.5
942,16559,52.87605,13.429475,Brandenburg,BB,Landkreis Oberhavel,12065.0,"(52.87605, 13.429475)",550790.3,526214.5,202759.9,599435.5,688232.3,80658.4,820845.0,554674.2,589800.7,597070.9,616774.8,587440.9,643659.5,380185.7,556854.8,413568.6
943,16562,52.6729,13.3186,Brandenburg,BB,Landkreis Oberhavel,12065.0,"(52.6729, 13.3186)",529947.5,505371.7,181917.1,578592.7,667389.5,59815.6,800002.2,533831.4,568957.9,576228.1,595932.0,566598.1,622816.7,359342.9,536012.0,392725.8
944,16567,52.6601,13.35755,Brandenburg,BB,Landkreis Oberhavel,12065.0,"(52.6601, 13.35755)",534050.9,509475.1,186020.5,582696.1,671492.9,63919.0,804105.6,537934.7,573061.3,580331.5,600035.4,570701.4,626920.1,363446.3,540115.4,396829.2
945,16727,52.6374,13.246,Brandenburg,BB,Landkreis Oberhavel,12065.0,"(52.6374, 13.246)",508871.9,510166.4,160841.5,557517.1,646313.9,64610.3,778926.6,512755.8,573752.6,581022.8,600726.7,545522.5,627611.4,364137.6,540806.7,397520.5
946,16761,52.636,13.2042,Brandenburg,BB,Landkreis Oberhavel,12065.0,"(52.636, 13.2042)",528552.4,503976.6,180522.0,577197.6,665994.4,58420.5,798607.1,532436.3,567562.8,574833.0,594536.9,565203.0,621421.6,357947.8,534616.9,391330.7
947,16766,52.67275,13.17095,Brandenburg,BB,Landkreis Oberhavel,12065.0,"(52.67275, 13.17095)",518533.3,493957.5,170503.0,567178.5,655975.3,48401.4,788588.0,522417.2,557543.8,564814.0,584517.8,555183.9,611402.5,347928.8,524597.9,381311.7
948,16767,52.73665,13.18155,Brandenburg,BB,Landkreis Oberhavel,12065.0,"(52.73665, 13.18155)",525302.1,500726.3,177271.7,573947.3,662744.1,55170.2,795356.8,529186.0,564312.5,571582.8,591286.6,561952.7,618171.3,354697.6,531366.7,388080.5
949,16775,53.02907,13.216075,Brandenburg,BB,Landkreis Oberhavel,12065.0,"(53.02907, 13.216075)",563027.6,538451.8,214997.2,611672.8,700469.5,92895.6,833082.2,566911.4,602038.0,609308.2,629012.0,599678.1,655896.7,392423.0,569092.1,425805.9
950,16792,52.98676666666666,13.396566666666669,Brandenburg,BB,Landkreis Oberhavel,12065.0,"(52.98676666666666, 13.396566666666669)",567151.9,542576.1,219121.5,615797.1,704593.9,97019.9,837206.6,571035.7,606162.3,613432.5,633136.4,603802.4,660021.1,396547.3,573216.4,429930.2
951,16798,53.18876,13.17246,Brandenburg,BB,Landkreis Oberhavel,12065.0,"(53.18876, 13.17246)",580775.8,556200.0,232745.4,629421.0,718217.8,110643.9,850830.5,584659.7,619786.2,627056.4,646760.3,617426.4,673645.0,410171.2,586840.3,443554.1
952,16816,52.9282,12.8031,Brandenburg,BB,Landkreis Ostprignitz-Ruppin,12068.0,"(52.9282, 12.8031)",542191.3,517615.5,194160.9,590836.5,679633.3,72059.4,812246.0,546075.2,581201.7,588472.0,608175.8,578841.9,635060.5,371586.8,548255.9,404969.6
953,16818,52.92186363636363,12.772409090909091,Brandenburg,BB,Landkreis Ostprignitz-Ruppin,12068.0,"(52.92186363636363, 12.772409090909091)",542101.3,517525.5,194070.9,590746.5,679543.3,71969.3,812156.0,545985.1,581111.7,588381.9,608085.8,578751.8,634970.5,371496.7,548165.8,404879.6
954,16827,52.9483,12.848,Brandenburg,BB,Landkreis Ostprignitz-Ruppin,12068.0,"(52.9483, 12.848)",547306.4,522730.6,199276.1,595951.6,684748.4,77174.5,817361.1,551190.3,586316.9,593587.1,613290.9,583957.0,640175.6,376701.9,553371.0,410084.8
955,16831,53.10551111111111,12.892477777777778,Brandenburg,BB,Landkreis Ostprignitz-Ruppin,12068.0,"(53.10551111111111, 12.892477777777778)",570191.1,545615.3,222160.7,618836.3,707633.1,100059.1,840245.8,574074.9,599517.5,623626.2,626491.6,606841.6,663060.3,399586.5,578653.4,432969.4
956,16833,52.7857,12.77325,Brandenburg,BB,Landkreis Ostprignitz-Ruppin,12068.0,"(52.7857, 12.77325)",529898.2,505322.4,181867.8,578543.4,667340.2,59766.3,799952.9,533782.1,568908.6,576178.8,595882.7,566548.8,622767.4,359293.6,535962.8,392676.5
957,16835,52.9539875,12.990425,Brandenburg,BB,Landkreis Ostprignitz-Ruppin,12068.0,"(52.9539875, 12.990425)",542175.8,517600.0,194145.4,590821.0,679617.8,72043.9,812230.5,546059.7,581186.2,588456.4,608160.3,578826.4,635045.0,371571.2,548240.3,404954.1
958,16837,53.155550000000005,12.780566666666669,Brandenburg,BB,Landkreis Ostprignitz-Ruppin,12068.0,"(53.155550000000005, 12.780566666666669)",571191.9,539756.0,223161.5,619837.1,708633.8,101059.9,841246.5,575075.7,580554.1,604662.7,607528.1,607842.4,656867.5,400587.3,559690.0,433970.2
959,16845,52.86183076923077,12.474884615384614,Brandenburg,BB,Landkreis Ostprignitz-Ruppin,12068.0,"(52.86183076923077, 12.474884615384614)",556868.7,480846.6,208838.3,605513.9,694310.7,61616.2,826923.4,560752.6,544432.8,551703.0,571406.9,593519.3,598291.6,334817.8,511486.9,368200.7
960,16866,52.9828,12.261666666666668,Brandenburg,BB,Landkreis Prignitz,12070.0,"(52.9828, 12.261666666666668)",506220.5,472187.7,231229.7,543503.8,716702.1,84007.6,769386.7,583143.9,564125.1,543044.2,591099.2,615910.7,589632.7,326159.0,543261.0,359541.8
961,16868,52.8833,12.4667,Brandenburg,BB,Landkreis Ostprignitz-Ruppin,12068.0,"(52.8833, 12.4667)",558801.4,482779.3,210771.0,607446.6,696243.4,63548.9,828856.1,562685.3,546365.5,553635.7,573339.6,595452.0,600224.3,336750.5,513419.6,370133.4
962,16909,53.151833333333336,12.480222222222222,Brandenburg,BB,Landkreis Ostprignitz-Ruppin,12068.0,"(53.151833333333336, 12.480222222222222)",575153.9,517480.5,227123.5,623799.1,712595.9,105022.0,845208.6,579037.8,558278.5,582387.2,585252.6,611804.5,634592.0,404549.3,537414.4,437932.2
963,16928,53.11625,12.184934615384616,Brandenburg,BB,Landkreis Prignitz,12070.0,"(53.11625, 12.184934615384616)",593227.5,508524.3,245197.1,521741.6,730669.5,123095.6,747624.5,597111.4,549322.3,573431.0,576296.4,629878.1,625635.8,304396.8,528458.2,337779.7
964,16945,53.277075,12.201025,Brandenburg,BB,Landkreis Prignitz,12070.0,"(53.277075, 12.201025)",602644.0,495268.6,254613.7,651289.2,740086.0,132512.1,872698.7,606527.9,536066.6,560175.3,563040.7,639294.6,612380.1,324202.8,515202.5,357585.7
965,16949,53.23285,12.0709,Brandenburg,BB,Landkreis Prignitz,12070.0,"(53.23285, 12.0709)",607981.1,486920.1,259950.7,530592.2,745423.1,137849.2,756475.2,611864.9,527718.1,551826.7,554692.2,644631.6,604031.6,313247.4,506854.0,346630.3
966,17033,53.5476,13.2555,Mecklenburg-Vorpommern,MV,Mecklenburgische Seenplatte,13071.0,"(53.5476, 13.2555)",625839.6,611949.4,277809.2,674484.8,763281.6,155707.7,895894.3,629723.5,652747.4,676856.0,679721.5,662490.2,729060.9,455235.1,631883.3,488617.9
967,17034,53.5761,13.2797,Mecklenburg-Vorpommern,MV,Mecklenburgische Seenplatte,13071.0,"(53.5761, 13.2797)",629458.5,652533.3,281428.1,678103.7,766900.5,159326.6,899513.2,633342.4,693331.4,717440.0,720305.4,666109.1,769644.8,458853.9,672467.3,492236.8
968,17036,53.5537,13.2969,Mecklenburg-Vorpommern,MV,Mecklenburgische Seenplatte,13071.0,"(53.5537, 13.2969)",627463.1,657731.3,279432.7,676108.3,764905.1,157331.2,897517.8,631346.9,698529.4,722638.0,725503.4,664113.6,774842.8,456858.5,677665.3,490241.4
969,17039,53.60908461538462,13.307376923076925,Mecklenburg-Vorpommern,MV,Mecklenburgische Seenplatte,13071.0,"(53.60908461538462, 13.307376923076925)",634012.0,652004.5,285981.6,682657.2,771454.0,163880.1,904066.7,637895.9,692802.6,716911.2,719776.6,670662.6,769116.0,463407.4,671938.5,496790.3
970,17087,53.6942,13.265,Mecklenburg-Vorpommern,MV,Mecklenburgische Seenplatte,13071.0,"(53.6942, 13.265)",717154.6,636608.2,369124.2,765799.8,854596.6,245036.0,987209.3,721038.5,677406.3,701514.9,704380.3,753805.2,753719.7,544563.3,656542.2,577946.2
971,17089,53.75706,13.295750000000002,Mecklenburg-Vorpommern,MV,Mecklenburgische Seenplatte,13071.0,"(53.75706, 13.295750000000002)",726913.5,633262.8,378883.2,775558.7,864355.5,254794.9,996968.2,730797.4,674060.8,698169.5,701034.9,763564.1,750374.3,554322.3,653196.8,587705.2
972,17091,53.675158333333336,13.114733333333334,Mecklenburg-Vorpommern,MV,Mecklenburgische Seenplatte,13071.0,"(53.675158333333336, 13.114733333333334)",640828.8,611752.1,292798.4,689473.9,778270.7,170696.8,910883.4,644712.6,652550.2,676658.8,679524.3,677479.3,728863.6,470224.2,631686.1,503607.1
973,17094,53.4835875,13.3408875,Mecklenburg-Vorpommern,MV,Mecklenburgische Seenplatte,13071.0,"(53.4835875, 13.3408875)",627214.7,604894.4,279184.3,675859.9,764656.7,157082.7,897269.4,631098.5,645692.5,669801.1,672666.5,663865.2,722005.9,456610.1,624828.4,489993.0
974,17098,53.6703,13.554,Mecklenburg-Vorpommern,MV,Mecklenburgische Seenplatte,13071.0,"(53.6703, 13.554)",694916.9,652701.5,346886.5,743562.1,832358.9,222798.3,964971.6,698800.8,693499.5,717608.1,720473.6,731567.5,769813.0,522325.7,672635.4,555708.5
975,17099,53.63188333333333,13.48875,Mecklenburg-Vorpommern,MV,Mecklenburgische Seenplatte,13071.0,"(53.63188333333333, 13.48875)",702667.2,656305.7,354636.8,751312.4,840109.2,230548.6,972721.9,706551.1,697103.7,721212.4,724077.8,739317.8,773417.2,530075.9,676239.7,563458.8
976,17109,53.9076,13.0314,Mecklenburg-Vorpommern,MV,Mecklenburgische Seenplatte,13071.0,"(53.9076, 13.0314)",697390.3,576827.8,349360.0,726420.2,834832.3,227258.4,952303.2,701274.2,617625.8,641734.5,644599.9,734040.9,693939.3,509075.4,596761.8,542458.3
977,17111,53.855045454545454,13.034822727272728,Mecklenburg-Vorpommern,MV,Mecklenburgische Seenplatte,13071.0,"(53.855045454545454, 13.034822727272728)",687745.2,585717.2,339714.8,735309.6,825187.2,217613.3,957799.9,691629.1,626515.3,650623.9,653489.4,724395.8,702828.7,517964.8,605651.2,551347.7
978,17121,53.98833333333334,13.167416666666666,Mecklenburg-Vorpommern,MV,Vorpommern-Greifswald,13075.0,"(53.98833333333334, 13.167416666666666)",755328.9,593044.8,407298.5,742637.2,892770.9,285197.0,968520.1,759212.8,633842.8,657951.4,660816.9,791979.5,710156.3,525292.4,612978.7,558675.3
979,17126,53.9239,13.3403,Mecklenburg-Vorpommern,MV,Vorpommern-Greifswald,13075.0,"(53.9239, 13.3403)",737594.1,611146.4,389563.7,786239.3,875036.1,265475.4,1007648.8,741477.9,651944.5,676053.1,678918.5,774244.6,728257.9,565002.8,631080.4,598385.7
980,17129,53.8844125,13.2682875,Mecklenburg-Vorpommern,MV,Vorpommern-Greifswald,13075.0,"(53.8844125, 13.2682875)",737788.3,618532.5,389757.9,786433.5,875230.3,265669.7,1007843.0,741672.2,659330.5,683439.1,686304.6,774438.9,735644.0,565197.0,638466.4,598579.9
981,17139,53.7052875,12.7481875,Mecklenburg-Vorpommern,MV,Mecklenburgische Seenplatte,13071.0,"(53.7052875, 12.7481875)",661170.6,584499.9,313140.3,709815.8,798612.6,191038.7,931225.3,665054.5,625298.0,649406.6,652272.0,697821.2,701611.4,490566.1,604433.9,523949.0
982,17153,53.66768,12.916810000000002,Mecklenburg-Vorpommern,MV,Mecklenburgische Seenplatte,13071.0,"(53.66768, 12.916810000000002)",653549.6,593542.7,305519.3,702194.8,790991.6,183417.7,923604.3,657433.5,634340.7,658449.3,661314.8,690200.2,710654.2,482945.1,613476.6,516328.0
983,17154,53.8227,12.7901,Mecklenburg-Vorpommern,MV,Mecklenburgische Seenplatte,13071.0,"(53.8227, 12.7901)",675545.4,570031.0,327515.0,724190.6,812987.4,205413.5,945600.1,679429.3,610829.0,634937.7,637803.1,712196.0,687142.5,504940.9,589965.0,538323.7
