,zipcode,lat,long,state,state_code,community_name,community_code,coor,AKB Kitzingen,AKB Dortmund,AKB Zörbig,AKB Schöneck,AKB Buch,Mosolf Etzin,Mosolf Kippenheim,BLG Kelheim,BLG Duisburg,BLG Neuss,Carservice Erkens,ARS Altmann Wolnzach,CAT Zülpich,Autohaus Siebrecht,Neu: FleetParQ Essen ,Neu: FleetParQ Kassel
6149,83564,48.1081,12.2101,Bayern,BY,Landkreis Rosenheim,9187.0,"(48.1081, 12.2101)",312239.1,675325.7,492597.0,444639.5,213137.3,620052.9,431093.3,148670.9,679294.3,660396.9,712434.8,102586.3,649079.2,574190.3,685823.6,520237.6
6150,83567,48.1167,12.3333,Bayern,BY,Landkreis Mühldorf am Inn,9183.0,"(48.1167, 12.3333)",335074.1,698160.8,515432.1,467474.5,235972.3,642888.0,453928.4,133750.4,702129.3,683232.0,735269.9,125421.3,671914.3,597025.4,708658.7,543072.7
6151,83569,47.9469,12.1813,Bayern,BY,Landkreis Rosenheim,9187.0,"(47.9469, 12.1813)",319854.9,682941.5,500212.8,452255.3,220753.1,627668.7,438709.1,156286.7,686910.1,668012.7,720050.6,110202.1,656695.0,581806.1,693439.4,527853.4
6152,83607,47.8766,11.7018,Bayern,BY,Miesbach,9182.0,"(47.8766, 11.7018)",304944.0,668030.6,485301.9,437344.4,205842.2,612757.8,423798.2,141375.8,671999.2,653101.8,705139.7,95291.2,641784.2,566895.2,678528.5,512942.5
6153,83620,47.9075,11.8427,Bayern,BY,Landkreis Rosenheim,9187.0,"(47.9075, 11.8427)",304596.0,667682.7,484953.9,436996.4,205494.2,612409.9,423450.3,141027.8,671651.2,652753.9,704791.7,94943.2,641436.2,566547.3,678180.5,512594.5
6154,83623,47.8487,11.5953,Bayern,BY,Landkreis Bad Tölz-Wolfratshausen,9173.0,"(47.8487, 11.5953)",310825.8,673912.4,491183.7,443226.2,177610.6,618639.6,429680.0,147257.6,677881.0,658983.6,711021.5,101173.0,647665.9,572777.0,684410.3,518824.3
6155,83624,47.909,11.6755,Bayern,BY,Miesbach,9182.0,"(47.909, 11.6755)",301609.1,664695.8,481967.1,434009.5,202507.4,609423.0,420463.4,138041.0,668664.4,649767.0,701804.9,91956.4,638449.3,563560.4,675193.7,509607.7
6156,83626,47.8931,11.7791,Bayern,BY,Miesbach,9182.0,"(47.8931, 11.7791)",312112.5,675199.2,492470.5,444512.9,213010.7,619926.4,430966.8,148544.3,679167.7,660270.4,712308.3,102459.7,648952.7,574063.8,685697.0,520111.1
6157,83627,47.8322,11.7217,Bayern,BY,Miesbach,9182.0,"(47.8322, 11.7217)",308557.3,671643.9,488915.2,440957.7,209455.5,616371.2,427411.6,144989.1,675612.5,656715.2,708753.0,98904.5,645397.5,570508.6,682141.8,516555.8
6158,83629,47.8584,11.7992,Bayern,BY,Miesbach,9182.0,"(47.8584, 11.7992)",308409.5,671496.2,488767.4,440809.9,209307.7,616223.4,427263.8,144841.3,675464.7,656567.4,708605.3,98756.7,645249.7,570360.8,681994.0,516408.0
6159,83646,47.7472,11.55445,Bayern,BY,Landkreis Bad Tölz-Wolfratshausen,9173.0,"(47.7472, 11.55445)",326948.1,690034.7,507306.0,459348.5,184383.9,634762.0,445802.4,163379.9,694003.3,675106.0,727143.8,117295.3,663788.3,588899.3,700532.6,534946.6
6160,83661,47.6833,11.5667,Bayern,BY,Landkreis Bad Tölz-Wolfratshausen,9173.0,"(47.6833, 11.5667)",332572.1,695658.8,512930.1,464972.5,191047.4,640386.0,451426.4,169004.0,699627.4,680730.0,732767.9,122919.4,669412.3,594523.4,706156.7,540570.7
6161,83666,47.7725,11.6731,Bayern,BY,Miesbach,9182.0,"(47.7725, 11.6731)",318992.4,682079.1,499350.4,451392.8,219890.6,626806.3,437846.7,155424.2,686047.6,667150.3,719188.2,109339.6,655832.6,580943.7,692577.0,526991.0
6162,83670,47.7467,11.4593,Bayern,BY,Landkreis Bad Tölz-Wolfratshausen,9173.0,"(47.7467, 11.4593)",332406.2,695492.9,512764.2,464806.6,189511.3,640220.1,435369.6,168838.0,699461.4,680564.1,732602.0,122753.4,642871.9,594357.5,705990.8,540404.8
6163,83671,47.7062,11.4152,Bayern,BY,Landkreis Bad Tölz-Wolfratshausen,9173.0,"(47.7062, 11.4152)",346957.4,712093.7,511513.3,483182.2,185635.8,638969.2,431494.2,167587.2,717837.0,698939.7,750977.5,121502.6,638996.4,610958.4,724366.3,557005.6
6164,83673,47.7201,11.4123,Bayern,BY,Landkreis Bad Tölz-Wolfratshausen,9173.0,"(47.7201, 11.4123)",346253.6,711389.9,510809.5,482478.4,184932.0,638265.4,430790.4,166883.4,717133.2,698235.9,750273.7,120798.8,638292.6,610254.5,723662.5,556301.8
6165,83674,47.75,11.5833,Bayern,BY,Landkreis Bad Tölz-Wolfratshausen,9173.0,"(47.75, 11.5833)",324069.6,687156.2,504427.5,456470.0,183643.3,631883.4,442923.8,160501.4,691124.8,672227.4,724265.3,114416.8,660909.7,586020.8,697654.1,532068.1
6166,83676,47.6057,11.4338,Bayern,BY,Landkreis Bad Tölz-Wolfratshausen,9173.0,"(47.6057, 11.4338)",349975.6,713062.2,530333.5,482376.0,208450.8,657789.4,468829.8,186407.4,717030.8,698133.4,750171.3,140322.8,686815.8,611926.8,723560.1,557974.1
6167,83677,47.7667,11.625,Bayern,BY,Landkreis Bad Tölz-Wolfratshausen,9173.0,"(47.7667, 11.625)",322924.3,686010.9,503282.2,455324.7,186268.6,630738.1,441778.5,159356.1,689979.5,671082.1,723120.0,113271.5,659764.5,584875.5,696508.8,530922.8
6168,83679,47.8054,11.644,Bayern,BY,Landkreis Bad Tölz-Wolfratshausen,9173.0,"(47.8054, 11.644)",315125.2,678211.9,495483.2,447525.6,216023.5,622939.1,433979.5,151557.1,682180.5,663283.1,715321.0,105472.5,651965.4,577076.5,688709.8,523123.8
6169,83684,47.7123,11.7582,Bayern,BY,Miesbach,9182.0,"(47.7123, 11.7582)",323168.2,686254.9,503526.2,455568.6,224066.5,630982.1,442022.5,159600.1,690223.5,671326.1,723364.0,113515.5,660008.4,585119.5,696752.8,531166.8
6170,83700,47.6897,11.7706,Bayern,BY,Miesbach,9182.0,"(47.6897, 11.7706)",326445.9,689532.5,506803.8,458846.3,227344.1,634259.8,445300.1,162877.7,693501.1,674603.8,726641.6,116793.1,663286.1,588397.1,700030.4,534444.4
6171,83703,47.7512,11.7381,Bayern,BY,Miesbach,9182.0,"(47.7512, 11.7381)",318242.1,681328.7,498600.0,450642.5,219140.3,626055.9,437096.3,154673.9,685297.3,666399.9,718437.8,108589.3,655082.2,580193.3,691826.6,526240.6
6172,83707,47.7167,11.7167,Bayern,BY,Miesbach,9182.0,"(47.7167, 11.7167)",323208.0,686294.6,503565.9,455608.4,224106.2,631021.8,442062.2,159639.8,690263.2,671365.8,723403.7,113555.2,660048.1,585159.2,696792.5,531206.5
6173,83708,47.6408,11.7449,Bayern,BY,Miesbach,9182.0,"(47.6408, 11.7449)",333826.9,696913.6,514184.8,466227.3,234725.1,641640.8,452681.2,170258.7,700882.1,681984.8,734022.7,124174.1,670667.1,595778.2,707411.4,541825.5
6174,83714,47.789,11.8338,Bayern,BY,Miesbach,9182.0,"(47.789, 11.8338)",317545.1,680631.7,497903.0,449945.5,218443.3,625359.0,436399.4,153976.9,684600.3,665703.0,717740.8,107892.3,654385.3,579496.4,691129.6,525543.6
6175,83727,47.7362,11.8594,Bayern,BY,Miesbach,9182.0,"(47.7362, 11.8594)",324426.0,687512.6,504783.9,456826.4,225324.2,632239.9,443280.3,160857.8,691481.2,672583.9,724621.7,114773.2,661266.2,586377.3,698010.5,532424.5
6176,83730,47.7195,11.9508,Bayern,BY,Miesbach,9182.0,"(47.7195, 11.9508)",335961.2,699047.8,516319.1,468361.6,236859.4,643775.0,454815.4,172393.0,703016.4,684119.0,736156.9,126308.4,672801.3,597912.4,709545.7,543959.7
6177,83734,47.7466,11.8407,Bayern,BY,Miesbach,9182.0,"(47.7466, 11.8407)",322709.4,685796.1,503067.4,455109.8,223607.6,630523.3,441563.7,159141.3,689764.6,670867.3,722905.2,113056.7,659549.6,584660.7,696294.0,530708.0
6178,83735,47.6744,12.0145,Bayern,BY,Miesbach,9182.0,"(47.6744, 12.0145)",346769.8,709856.5,527127.8,479170.2,247668.1,654583.7,465624.1,183201.7,713825.1,694927.7,746965.6,137117.1,683610.0,608721.1,720354.4,554768.4
6179,83737,47.8333,11.9167,Bayern,BY,Miesbach,9182.0,"(47.8333, 11.9167)",319485.4,682572.1,499843.3,451885.8,220383.6,627299.3,438339.7,155917.2,686540.6,667643.3,719681.2,109832.6,656325.6,581436.7,693069.9,527483.9
6180,84028,48.5359,12.1523,Bayern,BY,Kreisfreie Stadt Landshut,9261.0,"(48.5359, 12.1523)",255593.3,618680.0,422200.0,387993.7,214899.2,549655.9,432855.3,63562.3,622648.5,603751.2,655789.1,47148.6,592433.5,517544.6,629177.8,463591.9
6181,84030,48.56835,12.1538,Bayern,BY,Kreisfreie Stadt Landshut,9261.0,"(48.56835, 12.1538)",252290.8,615377.4,418897.5,384691.2,217953.7,546353.4,435909.8,60259.8,619346.0,600448.6,652486.5,46269.5,589130.9,514242.0,625875.3,460289.3
6182,84032,48.5446,12.13,Bayern,BY,Kreisfreie Stadt Landshut,9261.0,"(48.5446, 12.13)",255837.2,618923.8,422443.9,388237.6,213961.9,549899.8,431917.9,63806.2,622892.4,603995.0,656032.9,46186.1,592677.4,517788.4,629421.7,463835.7
6183,84034,48.5359,12.1325,Bayern,BY,Kreisfreie Stadt Landshut,9261.0,"(48.5359, 12.1325)",257398.6,620485.2,424005.3,389799.0,213027.6,551461.2,430983.7,65367.6,624453.8,605556.4,657594.3,48209.3,594238.8,519349.8,630983.1,465397.1
6184,84036,48.51795,12.15695,Bayern,BY,Kreisfreie Stadt Landshut,9261.0,"(48.51795, 12.15695)",260801.5,623888.1,427408.2,393201.9,214628.3,554864.1,432584.4,68770.5,627856.7,608959.4,660997.2,50844.0,597641.7,522752.8,634386.0,468800.0
6185,84048,48.6418,11.7809,Bayern,BY,Landkreis Kelheim,9273.0,"(48.6418, 11.7809)",232302.0,595388.7,412660.0,364702.4,183907.4,540115.9,401863.4,36090.1,599357.2,580459.9,632497.8,14527.0,569142.2,494253.3,605886.6,440300.6
6186,84051,48.6133,12.2183,Bayern,BY,Landshut,9274.0,"(48.6133, 12.2183)",243526.5,606613.2,410133.2,375926.9,223937.6,537589.1,441893.7,51495.5,610581.7,591684.4,643722.3,52253.4,580366.7,505477.8,617111.0,451525.1
6187,84056,48.7023,12.0272,Bayern,BY,Landshut,9274.0,"(48.7023, 12.0272)",239515.1,602601.8,406121.8,371915.5,213878.1,533577.7,431834.1,28466.9,606570.3,587673.0,639710.9,44497.7,576355.3,501466.4,613099.6,447513.7
6188,84061,48.6926,12.2044,Bayern,BY,Landshut,9274.0,"(48.6926, 12.2044)",239110.8,602197.5,405717.5,371511.2,236130.1,533173.4,454086.1,47079.8,606166.0,587268.7,639306.6,81975.0,575951.0,501062.1,612695.4,447109.4
6189,84066,48.7664,12.231,Bayern,BY,Landkreis Straubing-Bogen,9278.0,"(48.7664, 12.231)",230275.5,593362.1,396882.2,362675.9,247433.7,524338.1,462818.5,38244.5,597330.7,578433.3,630471.2,73139.7,567115.7,492226.7,603860.0,438274.0
6190,84069,48.8342,12.1395,Bayern,BY,Landkreis Regensburg,9375.0,"(48.8342, 12.1395)",216749.8,579836.5,383356.5,349150.2,228994.4,510812.5,449292.8,20637.9,583805.0,564907.7,616945.6,59614.0,553590.0,478701.1,590334.4,424748.4
6191,84072,48.5584,11.7414,Bayern,BY,Landkreis Freising,9178.0,"(48.5584, 11.7414)",231973.6,595060.3,412331.5,364374.0,171674.3,539787.5,389630.4,47199.9,599028.8,580131.5,632169.3,13787.2,568813.8,493924.9,605558.1,439972.1
6192,84076,48.6647,11.9659,Bayern,BY,Landshut,9274.0,"(48.6647, 11.9659)",243650.3,606736.9,410257.0,376050.7,211538.9,537712.9,429495.0,34739.3,610705.5,591808.2,643846.0,42158.6,580490.5,505601.5,617234.8,451648.8
6193,84079,48.5224,11.9945,Bayern,BY,Landshut,9274.0,"(48.5224, 11.9945)",268026.2,631112.9,434632.9,400426.6,206616.8,562088.8,424572.9,52800.4,635081.4,616184.1,668222.0,37274.3,604866.4,529977.5,641610.7,476024.8
6194,84082,48.8,12.3167,Bayern,BY,Landkreis Straubing-Bogen,9278.0,"(48.8, 12.3167)",233900.7,596987.3,400507.4,366301.1,254906.4,527963.3,466443.7,41869.7,600955.9,582058.5,634096.4,76764.9,570740.9,495851.9,607485.2,441899.2
6195,84085,48.8232,12.0513,Bayern,BY,Landkreis Kelheim,9273.0,"(48.8232, 12.0513)",218824.8,581911.4,385431.5,351225.2,218513.0,512887.4,451367.8,13793.3,585880.0,566982.6,619020.5,49132.7,555664.9,480776.0,592409.3,426823.3
6196,84088,48.7352,12.1929,Bayern,BY,Landshut,9274.0,"(48.7352, 12.1929)",231217.4,594304.0,397824.1,363617.8,242725.7,525280.0,463760.4,39186.4,598272.6,579375.2,631413.1,74081.6,568057.6,493168.6,604801.9,439215.9
6197,84089,48.6921,11.7083,Bayern,BY,Landkreis Kelheim,9273.0,"(48.6921, 11.7083)",218012.3,581099.0,398370.3,350412.7,173717.5,525826.2,391673.6,35760.9,585067.6,566170.2,618208.1,18686.2,554852.5,479963.6,591596.9,426010.9
6198,84091,48.6507,11.8485,Bayern,BY,Landkreis Kelheim,9273.0,"(48.6507, 11.8485)",238977.3,602064.0,413826.6,371377.7,190582.7,541282.5,408538.7,38308.9,606032.6,587135.2,639173.1,21202.3,575817.5,500928.6,612561.9,446975.9
6199,84092,48.7045,12.2975,Bayern,BY,Landshut,9274.0,"(48.7045, 12.2975)",246313.5,609400.2,412920.2,378713.9,242425.8,540376.1,460381.8,54282.5,613368.7,594471.4,646509.2,89177.7,583153.7,508264.8,619898.0,454312.0
6200,84094,48.7076,11.8098,Bayern,BY,Landkreis Kelheim,9273.0,"(48.7076, 11.8098)",237793.7,600880.4,404400.4,370194.1,192241.8,531856.4,410197.9,28882.7,604849.0,585951.6,637989.5,22861.4,574633.9,499745.0,611378.3,445792.3
6201,84095,48.591,12.0206,Bayern,BY,Landshut,9274.0,"(48.591, 12.0206)",253783.5,616870.2,420390.2,386183.9,219248.7,547846.2,437204.7,44872.5,620838.7,601941.4,653979.3,34067.0,590623.7,515734.8,627368.1,461782.1
6202,84097,48.7886,12.072,Bayern,BY,Landkreis Kelheim,9273.0,"(48.7886, 12.072)",223494.1,586580.8,390100.8,355894.5,219019.6,517556.7,456037.1,20243.3,590549.3,571652.0,623689.8,49639.2,560334.3,485445.4,597078.6,431492.6
6203,84098,48.6576,12.0307,Bayern,BY,Landshut,9274.0,"(48.6576, 12.0307)",242194.1,605280.8,408800.8,374594.5,225270.4,536256.8,443226.4,40687.3,609249.4,590352.0,642389.9,48106.6,579034.3,504145.4,615778.7,450192.7
6204,84100,48.6,12.3167,Bayern,BY,Landshut,9274.0,"(48.6, 12.3167)",256310.6,619397.3,422917.3,388711.0,234779.1,550373.2,452735.2,64279.6,623365.8,604468.5,656506.4,63094.9,593150.8,518261.9,629895.1,464309.1
6205,84101,48.6167,11.95,Bayern,BY,Landshut,9274.0,"(48.6167, 11.95)",248950.1,612036.7,415556.8,381350.5,214226.3,543012.7,432182.4,40039.0,616005.3,597107.9,649145.8,28925.0,585790.2,510901.3,622534.6,456948.6
6206,84103,48.65,12.3333,Bayern,BY,Landshut,9274.0,"(48.65, 12.3333)",249154.3,612240.9,415761.0,381554.7,234260.1,543216.9,452216.2,57123.3,616209.5,597312.1,649350.0,62576.0,585994.5,511105.5,622738.8,457152.8
6207,84104,48.6,11.7667,Bayern,BY,Landkreis Freising,9178.0,"(48.6, 11.7667)",235216.0,598302.7,415574.0,367616.4,186821.3,543029.9,404777.4,41433.4,602271.2,583373.9,635411.8,17441.0,572056.2,497167.3,608800.5,443214.6
6208,84106,48.6,11.8833,Bayern,BY,Landkreis Kelheim,9273.0,"(48.6, 11.8833)",240930.7,604017.3,421288.6,373331.1,192536.0,548744.5,410492.0,44039.2,607985.9,589088.5,641126.4,23155.6,577770.8,502881.9,614515.2,448929.2
6209,84107,48.6,12.05,Bayern,BY,Landshut,9274.0,"(48.6, 12.05)",254345.9,617432.6,420952.6,386746.3,217948.3,548408.5,435904.4,45434.9,621401.1,602503.8,654541.7,52854.2,591186.1,516297.2,627930.5,462344.5
6210,84109,48.623,12.3394,Bayern,BY,Landshut,9274.0,"(48.623, 12.3394)",254420.5,617507.2,421027.3,386820.9,232889.1,548483.2,450845.1,62389.6,621475.8,602578.4,654616.3,61204.9,591260.7,516371.8,628005.1,462419.1
6211,84130,48.6424,12.4928,Bayern,BY,Dingolfing-Landau,9279.0,"(48.6424, 12.4928)",266549.3,629636.0,433156.0,398949.7,245017.8,560611.9,462973.9,74518.3,633604.5,614707.2,666745.1,73333.7,603389.5,528500.6,640133.8,474547.9
6212,84137,48.453,12.356,Bayern,BY,Landshut,9274.0,"(48.453, 12.356)",274209.9,637296.6,440816.6,406610.3,239298.0,568272.5,457254.1,82178.9,641265.1,622367.8,674405.7,67613.8,611050.1,536161.2,647794.5,482208.5
6213,84140,48.437,12.5642,Bayern,BY,Landkreis Rottal-Inn,9277.0,"(48.437, 12.5642)",297071.1,660157.8,463677.8,429471.5,257918.5,591133.8,475874.6,105040.2,664126.4,645229.0,697266.9,87036.1,633911.3,559022.4,670655.7,505069.7
6214,84144,48.4761,12.2582,Bayern,BY,Landshut,9274.0,"(48.4761, 12.2582)",266204.3,629290.9,432811.0,398604.7,231292.3,560266.9,449248.4,74173.3,633259.5,614362.1,666400.0,59608.2,603044.4,528155.5,639788.8,474202.8
6215,84149,48.3663,12.256,Bayern,BY,Landshut,9274.0,"(48.3663, 12.256)",288136.8,651223.4,454743.5,420537.2,226565.1,582199.4,444521.2,96105.8,655192.0,636294.6,688332.5,99999.9,624977.0,550088.0,661721.3,496135.3
6216,84152,48.7189,12.4405,Bayern,BY,Dingolfing-Landau,9279.0,"(48.7189, 12.4405)",252689.0,615775.7,419295.7,385089.4,250867.4,546751.6,468823.4,60658.0,619744.2,600846.9,652884.7,95553.2,589529.2,514640.3,626273.5,460687.5
6217,84155,48.3833,12.3833,Bayern,BY,Landshut,9274.0,"(48.3833, 12.3833)",282810.1,645896.7,449416.8,415210.5,244190.9,576872.7,462147.0,90779.1,649865.3,630967.9,683005.8,76214.0,619650.3,544761.3,656394.6,490808.6
6218,84160,48.5463,12.5312,Bayern,BY,Dingolfing-Landau,9279.0,"(48.5463, 12.5312)",283642.8,646729.5,450249.5,416043.2,262111.3,577705.4,480067.4,91611.8,650698.0,631800.7,683838.6,90427.1,620483.0,545594.1,657227.3,491641.4
6219,84163,48.55,12.5667,Bayern,BY,Dingolfing-Landau,9279.0,"(48.55, 12.5667)",284424.1,647510.8,451030.8,416824.5,262892.6,578486.8,480848.7,92393.1,651479.3,632582.0,684619.9,91208.5,621264.3,546375.4,658008.7,492422.7
6220,84164,48.6766,12.4974,Bayern,BY,Dingolfing-Landau,9279.0,"(48.6766, 12.4974)",267581.9,630668.5,434188.6,399982.3,246050.4,561644.5,464006.5,75550.9,634637.1,615739.8,667777.6,74366.2,604422.1,529533.1,641166.4,475580.4
6221,84166,48.55,12.2667,Bayern,BY,Landshut,9274.0,"(48.55, 12.2667)",262896.1,625982.8,429502.8,395296.5,227984.2,556958.7,445940.3,70865.1,629951.3,611054.0,663091.9,56300.0,599736.3,524847.4,636480.7,470894.7
6222,84168,48.5265,12.4606,Bayern,BY,Landshut,9274.0,"(48.5265, 12.4606)",276272.8,639359.5,442879.5,408673.2,245457.7,570335.4,463413.8,84241.8,643328.0,624430.7,676468.6,73773.6,613113.0,538224.1,649857.3,484271.4
6223,84169,48.45,12.1667,Bayern,BY,Landshut,9274.0,"(48.45, 12.1667)",267398.8,630485.5,434005.6,399799.2,213702.0,561461.5,431658.1,75367.9,634454.1,615556.7,667594.6,86267.6,604239.0,529350.1,640983.4,475397.4
6224,84171,48.4167,12.2,Bayern,BY,Landshut,9274.0,"(48.4167, 12.2)",272888.7,635975.4,439495.4,405289.1,219176.0,566951.3,437132.0,80857.7,639943.9,621046.6,673084.5,91741.5,609728.9,534840.0,646473.2,480887.2
6225,84172,48.4478,12.0357,Bayern,BY,Landshut,9274.0,"(48.4478, 12.0357)",276805.5,639892.2,443412.2,409205.9,202783.5,570868.1,420739.6,84774.5,643860.7,624963.4,677001.2,75349.1,613645.7,538756.8,650390.0,484804.0
6226,84174,48.5,12.0667,Bayern,BY,Landshut,9274.0,"(48.5, 12.0667)",275374.1,638460.8,441980.8,407774.5,205240.1,569436.7,423196.2,83343.1,642429.3,623532.0,675569.9,77805.7,612214.3,537325.4,648958.7,483372.7
6227,84175,48.4859,12.39625,Bayern,BY,Landshut,9274.0,"(48.4859, 12.39625)",279272.5,642359.2,445879.2,411672.9,244360.6,573335.2,462316.7,87241.5,646327.7,627430.4,679468.3,72676.4,616112.7,541223.8,652857.1,487271.1
6228,84177,48.6374,12.5356,Bayern,BY,Dingolfing-Landau,9279.0,"(48.6374, 12.5356)",271104.3,634191.0,437711.0,403504.7,249572.8,565167.0,467528.9,79073.3,638159.5,619262.2,671300.1,77888.7,607944.5,533055.6,644688.9,479102.9
6229,84178,48.5333,12.3667,Bayern,BY,Landshut,9274.0,"(48.5333, 12.3667)",268485.8,631572.4,435092.5,400886.2,237670.7,562548.4,455626.8,76454.8,635541.0,616643.6,668681.5,65986.5,605325.9,530437.0,642070.3,476484.3
