,zipcode,lat,long,state,state_code,community_name,community_code,coor,AKB Kitzingen,AKB Dortmund,AKB Zörbig,AKB Schöneck,AKB Buch,Mosolf Etzin,Mosolf Kippenheim,BLG Kelheim,BLG Duisburg,BLG Neuss,Carservice Erkens,ARS Altmann Wolnzach,CAT Zülpich,Autohaus Siebrecht,Neu: FleetParQ Essen ,Neu: FleetParQ Kassel
5822,79713,47.5537,7.9461,Baden-Württemberg,BW,Landkreis Waldshut,8337.0,"(47.5537, 7.9461)",358402.1,574314.4,694059.3,386179.8,284165.5,821515.2,127159.0,465261.1,578469.8,559572.5,598459.6,419176.5,521041.9,593937.6,584999.2,539984.9
5823,79725,47.5651,8.0604,Baden-Württemberg,BW,Landkreis Waldshut,8337.0,"(47.5651, 8.0604)",348954.3,587473.8,684611.5,399339.1,255933.8,812067.5,140318.3,437029.4,591629.2,572731.8,611618.9,390944.8,534201.2,607096.9,598158.5,553144.2
5824,79730,47.5549,8.0218,Baden-Württemberg,BW,Landkreis Waldshut,8337.0,"(47.5549, 8.0218)",352398.5,580277.7,688055.7,392143.0,259378.0,815511.7,133122.2,440473.6,584433.1,565535.7,604422.8,394389.0,527005.1,599900.8,590962.4,545948.1
5825,79733,47.6427,8.0748,Baden-Württemberg,BW,Landkreis Waldshut,8337.0,"(47.6427, 8.0748)",352594.1,552790.2,688251.4,364655.5,259573.6,815707.3,105634.8,440669.2,556945.6,538048.3,576935.3,394584.6,499517.7,572413.3,563474.9,518460.6
5826,79736,47.619,7.9787,Baden-Württemberg,BW,Landkreis Waldshut,8337.0,"(47.619, 7.9787)",365362.9,577731.9,701020.1,389597.2,264527.7,828476.0,130576.5,445623.3,581887.3,562990.0,601877.0,399538.7,524459.4,597355.0,588416.6,543402.3
5827,79737,47.6667,8.0,Baden-Württemberg,BW,Landkreis Waldshut,8337.0,"(47.6667, 8.0)",359015.1,548785.5,694672.3,360650.8,268312.6,822128.2,101630.1,459457.0,552940.9,534043.5,572930.6,423108.6,495513.0,568408.6,559470.2,514455.9
5828,79739,47.5931,7.8784,Baden-Württemberg,BW,Landkreis Lörrach,8336.0,"(47.5931, 7.8784)",411820.1,566633.0,747250.1,378498.3,290801.7,874706.1,119477.6,471897.4,570788.4,551891.1,590778.1,425812.8,513360.5,586256.2,577317.8,532303.4
5829,79761,47.6232,8.2172,Baden-Württemberg,BW,Landkreis Waldshut,8337.0,"(47.6232, 8.2172)",335010.2,568321.2,670667.4,380186.5,241989.6,798123.3,121165.8,423085.3,572476.6,553579.3,592466.3,377000.6,515048.7,581778.3,579006.0,527825.6
5830,79771,47.65,8.4,Baden-Württemberg,BW,Landkreis Waldshut,8337.0,"(47.65, 8.4)",321716.9,565875.4,657374.1,377740.7,217996.7,784830.0,121988.8,399092.3,570030.8,551133.4,590020.5,353007.7,512602.9,568485.0,576560.1,514532.3
5831,79774,47.5908,8.1295,Baden-Württemberg,BW,Landkreis Waldshut,8337.0,"(47.5908, 8.1295)",342270.6,591574.7,677927.8,403440.0,249250.0,805383.7,144419.3,430345.6,595730.1,576832.8,615719.8,384261.0,538302.2,611197.8,602259.4,557245.1
5832,79777,47.7167,8.3167,Baden-Württemberg,BW,Landkreis Waldshut,8337.0,"(47.7167, 8.3167)",324819.7,556729.9,660476.9,368595.2,231799.2,787932.9,109574.4,412894.8,560885.3,541987.9,580875.0,366810.2,503457.3,576353.0,567414.6,522400.3
5833,79780,47.7458,8.4481,Baden-Württemberg,BW,Landkreis Waldshut,8337.0,"(47.7458, 8.4481)",307474.8,551633.3,643132.0,363498.6,214454.2,770587.9,115428.2,395549.9,555788.7,536891.4,575778.4,349465.2,498360.8,554242.9,562318.1,500290.2
5834,79787,47.627,8.3144,Baden-Württemberg,BW,Landkreis Waldshut,8337.0,"(47.627, 8.3144)",325238.1,569396.6,660895.3,381261.9,232217.5,788351.2,123187.7,413313.1,573552.0,554654.7,593541.7,367228.5,516124.1,572006.2,580081.3,518053.5
5835,79790,47.6,8.32,Baden-Württemberg,BW,Landkreis Waldshut,8337.0,"(47.6, 8.32)",330834.0,574992.5,666491.2,386857.8,227137.9,793947.1,132069.1,408233.6,579147.9,560250.6,599137.6,362148.9,521720.0,577602.1,585677.2,523649.4
5836,79793,47.6602,8.3675,Baden-Württemberg,BW,Landkreis Waldshut,8337.0,"(47.6602, 8.3675)",319733.0,563891.5,655390.2,375756.8,226712.4,782846.1,120004.9,407808.0,568046.9,549149.6,588036.6,361723.4,510619.0,566501.1,574576.2,512548.4
5837,79798,47.65,8.5667,Baden-Württemberg,BW,Landkreis Waldshut,8337.0,"(47.65, 8.5667)",331436.2,575594.8,667093.5,387460.1,205289.9,794549.4,136464.1,386385.5,579750.2,560852.8,599739.9,340300.9,522322.3,578204.4,586279.5,524251.7
5838,79801,47.57,8.4325,Baden-Württemberg,BW,Landkreis Waldshut,8337.0,"(47.57, 8.4325)",336253.2,580411.7,671910.4,392277.0,231604.9,799366.3,136525.1,412700.5,584567.1,565669.8,604556.8,366615.9,527139.2,583021.3,591096.5,529068.6
5839,79802,47.6233,8.4851,Baden-Württemberg,BW,Landkreis Waldshut,8337.0,"(47.6233, 8.4851)",331845.5,576004.0,667502.7,387869.3,213924.9,794958.6,132117.4,395020.5,580159.4,561262.0,600149.1,348935.9,522731.5,578613.6,586688.7,524660.9
5840,79804,47.6095,8.1671,Baden-Württemberg,BW,Landkreis Waldshut,8337.0,"(47.6095, 8.1671)",338839.0,595286.0,674496.3,407151.3,245818.5,801952.2,148130.5,426914.1,599441.4,580544.0,619431.1,380829.5,542013.4,614909.1,605970.7,560956.4
5841,79805,47.7,8.4,Baden-Württemberg,BW,Landkreis Waldshut,8337.0,"(47.7, 8.4)",315994.5,560153.1,651651.8,372018.4,222974.0,779107.7,114631.8,404069.6,564308.5,545411.1,584298.2,357985.0,506880.5,562762.7,570837.8,508809.9
5842,79807,47.6333,8.5667,Baden-Württemberg,BW,Landkreis Waldshut,8337.0,"(47.6333, 8.5667)",334451.2,578609.8,670108.5,390475.1,208304.9,797564.4,139479.1,389400.5,582765.2,563867.8,602754.9,343315.9,525337.2,581219.4,589294.5,527266.6
5843,79809,47.6667,8.2333,Baden-Württemberg,BW,Landkreis Waldshut,8337.0,"(47.6667, 8.2333)",338807.3,567946.5,674464.5,379811.8,245786.7,801920.4,120791.1,426882.3,572101.9,553204.5,592091.6,380797.7,514674.0,587569.6,578631.2,533616.9
5844,79822,47.921,8.1906,Baden-Württemberg,BW,Landkreis Breisgau-Hochschwarzwald,8315.0,"(47.921, 8.1906)",308872.0,522540.8,644529.3,334406.1,233590.3,771985.2,75385.3,409314.0,526696.2,507798.8,546685.9,372965.5,469268.2,542163.9,533225.5,488211.2
5845,79837,47.7486,8.120166666666668,Baden-Württemberg,BW,Landkreis Waldshut,8337.0,"(47.7486, 8.120166666666668)",335571.4,545906.1,671228.7,357771.4,260289.7,798684.6,98750.6,436013.4,550061.5,531164.1,570051.2,399664.9,492633.5,565529.2,556590.8,511576.5
5846,79843,47.8841,8.3438,Baden-Württemberg,BW,Landkreis Breisgau-Hochschwarzwald,8315.0,"(47.8841, 8.3438)",296315.8,540474.4,631973.0,352339.7,221034.1,759429.0,89392.2,396757.8,544629.7,525732.4,564619.5,360409.3,487201.8,543083.9,551159.1,489131.2
5847,79848,47.8186,8.3414,Baden-Württemberg,BW,Landkreis Waldshut,8337.0,"(47.8186, 8.3414)",306197.0,545274.2,641854.2,357139.5,225077.0,769310.2,98118.7,406639.0,549429.6,530532.2,569419.3,370290.5,492001.6,552965.1,555958.9,499012.4
5848,79853,47.8683,8.2021,Baden-Württemberg,BW,Landkreis Breisgau-Hochschwarzwald,8315.0,"(47.8683, 8.2021)",314800.8,530015.4,650458.0,341880.7,239519.1,777913.9,82859.9,415242.8,534170.8,515273.4,554160.5,378894.3,476742.8,549638.5,540700.1,495685.8
5849,79856,47.9028,8.107,Baden-Württemberg,BW,Landkreis Breisgau-Hochschwarzwald,8315.0,"(47.9028, 8.107)",318231.2,515613.4,653888.4,327478.7,242949.5,781344.4,68458.0,418673.2,519768.8,500871.5,539758.5,382324.7,462340.9,535236.6,526298.1,481283.8
5850,79859,47.8167,8.1833,Baden-Württemberg,BW,Landkreis Breisgau-Hochschwarzwald,8315.0,"(47.8167, 8.1833)",321032.0,538289.5,656689.2,350154.9,245750.2,784145.1,91134.1,421474.0,542444.9,523547.6,562434.7,385125.5,485017.0,557912.7,548974.3,503960.0
5851,79862,47.7333,8.1667,Baden-Württemberg,BW,Landkreis Waldshut,8337.0,"(47.7333, 8.1667)",333287.9,551278.9,668945.1,363144.2,258006.1,796401.0,104123.5,433729.8,555434.3,536537.0,575424.0,397381.4,498006.4,570902.0,561963.6,516949.3
5852,79865,47.775,8.2573,Baden-Württemberg,BW,Landkreis Waldshut,8337.0,"(47.775, 8.2573)",326874.5,547160.0,662531.8,359025.3,233854.0,789987.7,100004.6,414949.6,551315.4,532418.1,571305.1,368865.0,493887.5,566783.1,557844.7,512830.4
5853,79868,47.865,8.0704,Baden-Württemberg,BW,Landkreis Breisgau-Hochschwarzwald,8315.0,"(47.865, 8.0704)",321115.8,529623.7,656773.0,341489.0,245834.1,784228.9,82468.3,421557.8,533779.1,514881.8,553768.8,385209.3,476351.2,549246.9,540308.5,495294.1
5854,79871,47.9667,8.2667,Baden-Württemberg,BW,Landkreis Breisgau-Hochschwarzwald,8315.0,"(47.9667, 8.2667)",295438.2,534164.8,631095.4,346030.1,239003.1,758551.3,87009.4,395880.1,538320.2,519422.9,558309.9,359531.7,480892.3,553788.0,544849.6,499835.3
5855,79872,47.8002,8.0383,Baden-Württemberg,BW,Landkreis Waldshut,8337.0,"(47.8002, 8.0383)",339793.4,535372.4,675450.7,347237.7,264511.7,802906.6,88217.0,440235.4,539527.8,520630.5,559517.5,403886.9,482099.9,554995.6,546057.2,501042.8
5856,79874,47.9333,8.0833,Baden-Württemberg,BW,Landkreis Breisgau-Hochschwarzwald,8315.0,"(47.9333, 8.0833)",321442.7,520411.2,657099.9,332276.6,246161.0,784555.9,73255.8,421884.7,524566.6,505669.3,544556.4,385536.2,467138.7,540034.4,531096.0,486081.7
5857,79875,47.7295,8.1,Baden-Württemberg,BW,Landkreis Waldshut,8337.0,"(47.7295, 8.1)",339466.4,549801.0,675123.6,361666.3,264184.6,802579.5,102645.5,439908.3,553956.4,535059.0,573946.1,403559.9,496528.4,569424.1,560485.7,515471.4
5858,79877,47.9178,8.2563,Baden-Württemberg,BW,Landkreis Breisgau-Hochschwarzwald,8315.0,"(47.9178, 8.2563)",303886.8,530058.7,639544.0,341924.0,228605.0,766999.9,82903.2,404328.8,534214.1,515316.7,554203.8,367980.3,476786.1,549681.8,540743.4,495729.1
5859,79879,47.8333,8.4333,Baden-Württemberg,BW,Landkreis Waldshut,8337.0,"(47.8333, 8.4333)",298764.1,542922.7,634421.3,354788.0,223944.3,761877.3,104091.2,399206.1,547078.1,528180.7,567067.8,362857.6,489650.1,545532.2,553607.4,491579.5
5860,80331,48.1345,11.571,Bayern,BY,Kreisfreie Stadt München,9162.0,"(48.1345, 11.571)",269914.2,633000.9,450272.2,402314.6,146392.1,577728.1,374633.3,106346.1,636969.5,618072.1,670110.0,60261.5,582135.5,531865.5,643498.8,477912.8
5861,80333,48.1452,11.5668,Bayern,BY,Kreisfreie Stadt München,9162.0,"(48.1452, 11.5668)",268134.9,631221.5,448492.8,400535.3,146880.0,575948.8,373991.8,104566.7,635190.1,616292.8,668330.6,58482.1,581494.0,530086.1,641719.4,476133.4
5862,80335,48.1427,11.5552,Bayern,BY,Kreisfreie Stadt München,9162.0,"(48.1427, 11.5552)",268917.8,632004.4,449275.7,401318.2,146278.7,576731.7,372908.4,105349.6,635973.0,617075.7,669113.5,59265.0,580410.7,530869.0,642502.3,476916.3
5863,80336,48.1345,11.559,Bayern,BY,Kreisfreie Stadt München,9162.0,"(48.1345, 11.559)",269934.1,633020.7,450292.0,402334.5,145257.4,577748.0,373564.6,106365.9,636989.3,618092.0,670129.8,60281.3,581066.9,531885.3,643518.6,477932.6
5864,80337,48.1224,11.5449,Bayern,BY,Kreisfreie Stadt München,9162.0,"(48.1224, 11.5449)",271385.0,634471.6,451742.9,403785.4,144895.4,579198.9,374288.3,107816.8,638440.2,619542.9,671580.7,61732.2,581790.5,533336.2,644969.5,479383.5
5865,80339,48.1388,11.5341,Bayern,BY,Kreisfreie Stadt München,9162.0,"(48.1388, 11.5341)",287086.4,634052.9,451324.2,403366.6,143751.0,578780.1,371623.2,107398.0,638021.4,619124.1,671162.0,61313.4,579125.5,532917.5,644550.7,478964.8
5866,80469,48.1299,11.5732,Bayern,BY,Kreisfreie Stadt München,9162.0,"(48.1299, 11.5732)",270491.2,633577.9,450849.2,402891.6,146660.0,578305.1,374932.1,106923.1,637546.5,618649.1,670687.0,60838.5,582434.4,532442.5,644075.8,478489.8
5867,80538,48.1401,11.5885,Bayern,BY,Kreisfreie Stadt München,9162.0,"(48.1401, 11.5885)",268102.1,631188.7,448460.0,400502.5,157881.0,575915.9,375837.0,104533.9,635157.3,616259.9,668297.8,58449.3,604942.3,530053.3,641686.6,476100.6
5868,80539,48.15,11.5833,Bayern,BY,Kreisfreie Stadt München,9162.0,"(48.15, 11.5833)",266682.5,629769.2,447040.5,399082.9,157249.2,574496.4,375205.2,103114.4,633737.7,614840.4,666878.3,57029.7,603522.7,528633.8,640267.1,474681.1
5869,80634,48.1492,11.5328,Bayern,BY,Kreisfreie Stadt München,9162.0,"(48.1492, 11.5328)",286205.9,633262.4,450533.7,402576.1,152786.6,577989.6,370742.7,106607.6,637231.0,618333.6,670371.5,60523.0,578244.9,532127.0,643760.3,478174.3
5870,80636,48.1558,11.5409,Bayern,BY,Kreisfreie Stadt München,9162.0,"(48.1558, 11.5409)",268573.0,631659.7,448930.9,400973.4,145454.3,576386.9,372414.4,105004.8,635628.2,616730.9,668768.7,58920.2,579916.6,530524.3,642157.5,476571.5
5871,80637,48.1725,11.5284,Bayern,BY,Kreisfreie Stadt München,9162.0,"(48.1725, 11.5284)",285545.9,631378.4,448649.7,400692.2,152126.6,576105.6,370082.7,104723.6,635347.0,616449.6,668487.5,58639.0,577584.9,530243.0,641876.3,476290.3
5872,80638,48.1595,11.4932,Bayern,BY,Kreisfreie Stadt München,9162.0,"(48.1595, 11.4932)",283926.0,633991.3,451262.6,420150.9,150506.8,578718.5,368462.8,107336.5,654805.7,635908.3,687946.2,61251.9,575965.1,532855.9,661335.0,478903.2
5873,80639,48.1526,11.5154,Bayern,BY,Kreisfreie Stadt München,9162.0,"(48.1526, 11.5154)",285564.7,634221.9,451493.2,421789.5,152145.4,578949.1,370101.5,107567.1,656444.3,637546.9,689584.8,61482.4,577603.7,533086.5,662973.6,479133.8
5874,80686,48.138,11.507,Bayern,BY,Kreisfreie Stadt München,9162.0,"(48.138, 11.507)",285493.2,650629.5,453593.9,421718.0,141857.0,581049.9,370030.0,109667.8,656372.8,637475.5,689513.3,63583.2,577532.2,549494.1,662902.1,495541.4
5875,80687,48.1414,11.502,Bayern,BY,Kreisfreie Stadt München,9162.0,"(48.1414, 11.502)",284965.0,650101.3,453542.9,421189.8,141853.0,580998.9,369501.8,109616.8,655844.6,636947.3,688985.1,63532.2,577004.0,548965.9,662373.9,495013.2
5876,80689,48.1291,11.4895,Bayern,BY,Kreisfreie Stadt München,9162.0,"(48.1291, 11.4895)",285534.0,650670.4,464322.7,421758.8,139631.4,591778.6,370070.8,120396.6,656413.6,637516.3,689554.2,74312.0,577573.0,549535.0,662943.0,495582.3
5877,80796,48.15,11.5833,Bayern,BY,Kreisfreie Stadt München,9162.0,"(48.15, 11.5833)",266682.5,629769.2,447040.5,399082.9,157249.2,574496.4,375205.2,103114.4,633737.7,614840.4,666878.3,57029.7,603522.7,528633.8,640267.1,474681.1
5878,80797,48.1611,11.5586,Bayern,BY,Kreisfreie Stadt München,9162.0,"(48.1611, 11.5586)",267014.7,630101.3,447372.6,399415.1,154686.7,574828.6,372642.7,103446.5,634069.9,615172.6,667210.4,57361.9,580145.0,528966.0,640599.2,475013.2
5879,80798,48.15,11.5833,Bayern,BY,Kreisfreie Stadt München,9162.0,"(48.15, 11.5833)",266682.5,629769.2,447040.5,399082.9,157249.2,574496.4,375205.2,103114.4,633737.7,614840.4,666878.3,57029.7,603522.7,528633.8,640267.1,474681.1
5880,80799,48.15,11.5833,Bayern,BY,Kreisfreie Stadt München,9162.0,"(48.15, 11.5833)",266682.5,629769.2,447040.5,399082.9,157249.2,574496.4,375205.2,103114.4,633737.7,614840.4,666878.3,57029.7,603522.7,528633.8,640267.1,474681.1
5881,80801,48.15,11.5833,Bayern,BY,Kreisfreie Stadt München,9162.0,"(48.15, 11.5833)",266682.5,629769.2,447040.5,399082.9,157249.2,574496.4,375205.2,103114.4,633737.7,614840.4,666878.3,57029.7,603522.7,528633.8,640267.1,474681.1
5882,80802,48.1665,11.5903,Bayern,BY,Kreisfreie Stadt München,9162.0,"(48.1665, 11.5903)",265127.8,628214.5,445485.8,397528.2,165788.0,572941.7,383744.1,101559.7,632183.0,613285.7,665323.6,55475.0,601968.0,527079.1,638712.4,473126.4
5883,80803,48.15,11.5833,Bayern,BY,Kreisfreie Stadt München,9162.0,"(48.15, 11.5833)",266682.5,629769.2,447040.5,399082.9,157249.2,574496.4,375205.2,103114.4,633737.7,614840.4,666878.3,57029.7,603522.7,528633.8,640267.1,474681.1
5884,80804,48.1738,11.5858,Bayern,BY,Kreisfreie Stadt München,9162.0,"(48.1738, 11.5858)",264769.5,627856.2,445127.4,397169.9,165429.7,572583.4,383385.8,101201.3,631824.7,612927.4,664965.2,55116.7,601609.7,526720.8,638354.0,472768.0
5885,80805,48.1725,11.5964,Bayern,BY,Kreisfreie Stadt München,9162.0,"(48.1725, 11.5964)",263708.8,626795.5,444066.8,396109.2,164369.0,571522.7,382325.1,100140.7,630764.0,611866.7,663904.6,54056.0,600549.0,525660.1,637293.4,471707.4
5886,80807,48.1827,11.5759,Bayern,BY,Kreisfreie Stadt München,9162.0,"(48.1827, 11.5759)",264283.5,627370.1,444641.4,396683.9,155064.5,572097.3,373020.6,100715.3,631338.7,612441.3,664479.2,54630.7,601123.7,526234.7,637868.0,472282.0
5887,80809,48.1787,11.5617,Bayern,BY,Kreisfreie Stadt München,9162.0,"(48.1787, 11.5617)",265236.6,628323.3,445594.5,397637.0,153845.5,573050.5,371801.5,101668.4,632291.8,613394.5,665432.4,55583.8,579303.8,527187.9,638821.1,473235.2
5888,80933,48.2225,11.548,Bayern,BY,Kreisfreie Stadt München,9162.0,"(48.2225, 11.548)",264241.9,627328.5,444599.8,396642.3,153434.5,572055.8,371390.6,100673.7,631297.1,612399.8,664437.6,54589.1,578892.8,526193.2,637826.4,472240.4
5889,80935,48.2043,11.5585,Bayern,BY,Kreisfreie Stadt München,9162.0,"(48.2043, 11.5585)",264833.3,627919.9,445191.2,397233.7,158831.0,572647.1,376787.1,101265.1,631888.5,612991.1,665029.0,55180.5,584289.3,526784.5,638417.8,472831.8
5890,80937,48.1974,11.5721,Bayern,BY,Kreisfreie Stadt München,9162.0,"(48.1974, 11.5721)",264821.4,627908.1,445179.4,397221.8,158799.6,572635.3,376755.6,101253.3,631876.6,612979.3,665017.2,55168.6,601661.6,526772.7,638406.0,472820.0
5891,80939,48.2054,11.6238,Bayern,BY,Kreisfreie Stadt München,9162.0,"(48.2054, 11.6238)",261941.7,625028.3,442299.6,394342.1,162601.9,569755.6,380557.9,98373.5,628996.9,610099.6,662137.4,52288.9,598781.9,523892.9,635526.2,469940.2
5892,80992,48.1776,11.5169,Bayern,BY,Kreisfreie Stadt München,9162.0,"(48.1776, 11.5169)",284328.8,631250.0,448521.3,400563.8,150909.6,575977.2,368865.6,104595.2,635218.6,616321.2,668359.1,58510.6,576367.9,530114.6,641747.9,476161.9
5893,80993,48.1823,11.5331,Bayern,BY,Kreisfreie Stadt München,9162.0,"(48.1823, 11.5331)",285390.5,630993.8,448265.1,400307.6,151971.3,575721.0,369927.3,104339.0,634962.4,616065.0,668102.9,58254.4,577429.6,529858.4,641491.7,475905.7
5894,80995,48.1976,11.5181,Bayern,BY,Kreisfreie Stadt München,9162.0,"(48.1976, 11.5181)",283130.7,630051.9,447323.2,399365.6,149711.5,574779.1,367667.5,103397.1,634020.5,615123.1,667161.0,57312.5,575169.8,528916.5,640549.8,474963.8
5895,80997,48.1834,11.4784,Bayern,BY,Kreisfreie Stadt München,9162.0,"(48.1834, 11.4784)",282979.1,632971.2,450242.5,419203.9,149559.8,577698.4,367515.9,106316.4,653858.7,634961.4,686999.3,60231.8,575018.2,531835.8,660388.1,477883.1
5896,80999,48.1853,11.4643,Bayern,BY,Kreisfreie Stadt München,9162.0,"(48.1853, 11.4643)",281982.5,631365.4,448636.7,418207.3,148563.2,576092.7,366519.3,104710.6,652862.1,633964.8,686002.7,58626.0,574021.6,530230.1,659391.5,476277.3
5897,81241,48.1475,11.4635,Bayern,BY,Kreisfreie Stadt München,9162.0,"(48.1475, 11.4635)",281871.4,647007.7,455353.7,418096.2,148452.1,582809.6,366408.2,111427.6,652751.0,633853.6,685891.5,65343.0,573910.4,545872.3,659280.3,491919.6
5898,81243,48.1465,11.4506,Bayern,BY,Kreisfreie Stadt München,9162.0,"(48.1465, 11.4506)",281557.8,646694.2,455040.2,417782.6,148138.6,582496.1,366094.6,111114.1,652437.4,633540.1,685578.0,65029.4,573596.9,545558.8,658966.8,491606.1
5899,81245,48.1616,11.4141,Bayern,BY,Kreisfreie Stadt München,9162.0,"(48.1616, 11.4141)",279470.4,644606.7,452683.5,415695.2,146051.1,580139.5,364007.2,108757.4,650350.0,631452.7,683490.5,62672.8,571509.4,543471.3,656879.3,489518.6
5900,81247,48.1662,11.4673,Bayern,BY,Kreisfreie Stadt München,9162.0,"(48.1662, 11.4673)",280154.4,645290.8,453636.8,416379.2,146735.2,581092.7,364691.2,109710.7,651034.1,632136.7,684174.6,63626.0,572193.5,544155.4,657563.4,490202.7
5901,81248,,,,,,,"(nan, nan)",0.0,0.0,0.0,0.0,0.0,0.0,0.0,0.0,0.0,0.0,0.0,0.0,0.0,0.0,0.0,0.0
5902,81249,48.15,11.5833,Bayern,BY,Kreisfreie Stadt München,9162.0,"(48.15, 11.5833)",266682.5,629769.2,447040.5,399082.9,157249.2,574496.4,375205.2,103114.4,633737.7,614840.4,666878.3,57029.7,603522.7,528633.8,640267.1,474681.1
5903,81369,48.1125,11.5306,Bayern,BY,Kreisfreie Stadt München,9162.0,"(48.1125, 11.5306)",295012.4,638094.4,455365.7,431237.2,143534.8,582821.6,379549.2,111439.6,665892.0,646994.7,699032.6,65355.0,587051.4,536959.0,672421.3,483006.3
