,zipcode,lat,long,state,state_code,community_name,community_code,coor,AKB Kitzingen,AKB Dortmund,AKB Zörbig,AKB Schöneck,AKB Buch,Mosolf Etzin,Mosolf Kippenheim,BLG Kelheim,BLG Duisburg,BLG Neuss,Carservice Erkens,ARS Altmann Wolnzach,CAT Zülpich,Autohaus Siebrecht,Neu: FleetParQ Essen ,Neu: FleetParQ Kassel
1230,21398,53.2652,10.6213,Niedersachsen,NI,Landkreis Lüneburg,3355.0,"(53.2652, 10.6213)",480561.2,372130.8,280594.3,458444.8,675491.8,260655.8,684327.8,634955.8,412928.8,437037.4,439902.9,667722.5,489242.3,241100.0,392064.7,274482.9
1231,21400,53.2345,10.5732,Niedersachsen,NI,Landkreis Lüneburg,3355.0,"(53.2345, 10.5732)",475615.6,368324.2,275648.7,453499.2,670546.2,265601.4,679382.2,630010.2,409122.2,433230.9,436096.3,662776.9,485435.7,236154.4,388258.2,269537.3
1232,21401,53.2333,10.6667,Niedersachsen,NI,Landkreis Lüneburg,3355.0,"(53.2333, 10.6667)",477093.6,376856.7,277126.7,454977.2,672024.2,261398.3,680860.1,631488.2,417654.7,441763.3,444628.8,664254.9,493968.2,237632.4,396790.6,271015.2
1233,21403,53.2167,10.4667,Niedersachsen,NI,Landkreis Lüneburg,3355.0,"(53.2167, 10.4667)",499380.1,334272.2,278437.1,477263.7,694310.7,280126.3,703146.6,632798.6,403588.4,405128.6,430562.5,665565.3,451717.2,259918.9,382724.3,293301.7
1234,21406,53.1583,10.38335,Niedersachsen,NI,Landkreis Lüneburg,3355.0,"(53.1583, 10.38335)",486697.2,321589.3,274279.3,464580.8,681627.8,288769.8,690463.8,628640.8,385175.5,392445.7,412149.6,661407.5,439034.3,247236.0,352229.7,280618.9
1235,21407,53.2,10.4333,Niedersachsen,NI,Landkreis Lüneburg,3355.0,"(53.2, 10.4333)",498719.5,333611.6,273399.2,476603.1,693650.1,281966.5,702486.1,627760.8,405428.6,404468.0,432402.6,660527.5,451056.6,259258.3,384564.5,292641.2
1236,21409,53.1761,10.3463,Niedersachsen,NI,Landkreis Lüneburg,3355.0,"(53.1761, 10.3463)",489789.8,324681.9,274839.1,467673.4,684720.4,288628.3,693556.3,629200.6,388268.1,395538.3,415242.2,661967.3,442126.9,250328.6,355322.2,283711.5
1237,21423,53.38255,10.23675,Niedersachsen,NI,Landkreis Harburg,3353.0,"(53.38255, 10.23675)",502794.5,342889.1,342623.6,480678.1,697725.1,277186.7,706561.1,696985.1,383687.2,407795.8,410661.3,729751.8,460000.6,263333.3,362823.1,296716.2
1238,21435,53.3842,10.1114,Niedersachsen,NI,Landkreis Harburg,3353.0,"(53.3842, 10.1114)",497354.9,329672.3,337184.0,475238.5,692285.4,298674.7,701121.4,691545.5,370470.3,394579.0,397444.4,724312.2,446783.8,257893.6,349606.3,291276.5
1239,21436,53.4152,10.3752,Niedersachsen,NI,Landkreis Harburg,3353.0,"(53.4152, 10.3752)",519047.5,360793.1,304224.7,496931.1,713978.1,269204.1,722814.0,658586.2,401591.2,425699.8,428565.2,691352.9,477904.6,279586.3,380727.1,312969.2
1240,21438,53.2997,10.0486,Niedersachsen,NI,Landkreis Harburg,3353.0,"(53.2997, 10.0486)",487320.8,322212.9,327149.9,465204.4,682251.3,304974.8,691087.3,681511.4,374647.1,398755.7,401621.2,714278.1,450960.6,247859.5,353783.0,281242.4
1241,21439,53.3121,10.0041,Niedersachsen,NI,Landkreis Harburg,3353.0,"(53.3121, 10.0041)",494500.8,331975.1,334329.9,472384.4,689431.3,303100.9,698267.3,688691.4,372773.2,396881.8,399747.2,721458.1,449086.6,255039.5,351909.1,288422.4
1242,21441,53.2847,10.1614,Niedersachsen,NI,Landkreis Harburg,3353.0,"(53.2847, 10.1614)",487575.3,322467.4,327404.4,465458.9,682505.9,310883.1,691341.9,681765.9,382845.2,393323.9,409819.2,714532.6,439912.4,248114.1,361981.1,281497.0
1243,21442,53.2643,10.1145,Niedersachsen,NI,Landkreis Harburg,3353.0,"(53.2643, 10.1145)",482148.9,317041.0,321978.0,460032.5,677079.5,309640.7,685915.4,676339.5,379313.0,387897.4,406287.1,709106.2,434486.0,242687.7,358449.0,276070.6
1244,21444,53.2667,10.2167,Niedersachsen,NI,Landkreis Harburg,3353.0,"(53.2667, 10.2167)",488351.3,323243.4,328180.4,466234.9,683281.9,313682.7,692117.8,682541.9,385644.8,409753.5,412618.9,715308.6,440688.4,248890.1,364780.7,282273.0
1245,21445,53.3,10.15,Niedersachsen,NI,Landkreis Harburg,3353.0,"(53.3, 10.15)",492407.8,327299.9,332236.9,470291.4,687338.4,308345.2,696174.4,686598.4,380307.2,404415.9,407281.3,719365.1,456620.7,252946.6,359443.2,286329.5
1246,21447,53.3408,10.3465,Niedersachsen,NI,Landkreis Lüneburg,3355.0,"(53.3408, 10.3465)",510739.8,352485.4,295917.0,488623.4,705670.3,275686.8,714506.3,650278.5,393283.4,417392.1,420257.5,683045.2,469596.9,271278.5,372419.4,304661.4
1247,21449,53.3167,10.2833,Niedersachsen,NI,Landkreis Lüneburg,3355.0,"(53.3167, 10.2833)",500499.6,344689.7,340328.7,478383.2,695430.2,281328.7,704266.1,694690.2,385487.8,409596.4,412461.8,727456.9,461801.2,261038.4,364623.7,294421.3
1248,21465,53.5085,10.2494,Schleswig-Holstein,SH,Kreis Herzogtum Lauenburg,1053.0,"(53.5085, 10.2494)",524272.8,352564.0,388778.1,502156.4,719203.4,266676.6,728039.3,718463.4,393362.0,417470.6,420336.1,751230.1,469675.5,284811.6,372497.9,318194.4
1249,21481,53.3811,10.538833333333336,Schleswig-Holstein,SH,Kreis Herzogtum Lauenburg,1053.0,"(53.3811, 10.538833333333336)",540531.3,379338.2,374874.6,518414.9,735461.9,252773.0,744297.8,656480.1,420136.2,444244.9,447110.3,689246.8,496449.7,301070.1,399272.1,334453.0
1250,21483,53.42283333333333,10.546288888888888,Schleswig-Holstein,SH,Kreis Herzogtum Lauenburg,1053.0,"(53.42283333333333, 10.546288888888888)",537651.3,376458.1,371725.1,515534.9,732581.8,249623.6,741417.8,723639.3,417256.2,441364.8,444230.3,756406.0,493569.6,298190.0,396392.1,331572.9
1251,21493,53.5513923076923,10.510546153846152,Schleswig-Holstein,SH,Kreis Herzogtum Lauenburg,1053.0,"(53.5513923076923, 10.510546153846152)",555831.0,384122.2,371151.2,533714.6,750761.6,249049.7,759597.6,723065.4,424920.3,449028.9,451894.4,755832.2,501233.7,316369.8,404056.2,349752.7
1252,21502,53.44645,10.415325,Schleswig-Holstein,SH,Kreis Herzogtum Lauenburg,1053.0,"(53.44645, 10.415325)",526515.5,365322.4,380626.4,504399.1,721446.1,258524.9,730282.0,666054.2,406120.4,430229.0,433094.5,698820.9,482433.9,287054.3,385256.3,320437.2
1253,21509,53.5441,10.2005,Schleswig-Holstein,SH,Kreis Stormarn,1062.0,"(53.5441, 10.2005)",521631.8,349923.0,388592.3,499515.5,716562.4,266490.8,725398.4,715822.5,390721.1,414829.7,417695.2,748589.2,467034.5,282170.6,369857.0,315553.5
1254,21514,53.51239999999999,10.64085,Schleswig-Holstein,SH,Kreis Herzogtum Lauenburg,1053.0,"(53.51239999999999, 10.64085)",560657.9,388949.1,360884.2,538541.5,755588.5,238782.6,764424.5,712798.4,429747.2,453855.8,456721.2,745565.1,506060.6,321196.7,408883.1,354579.6
1255,21516,53.5257,10.594975,Schleswig-Holstein,SH,Kreis Herzogtum Lauenburg,1053.0,"(53.5257, 10.594975)",559333.9,387625.1,362971.6,537217.5,754264.5,240870.0,763100.4,714885.8,428423.1,452531.7,455397.2,747652.5,504736.6,319872.7,407559.0,353255.5
1256,21521,53.5151,10.319966666666668,Schleswig-Holstein,SH,Kreis Herzogtum Lauenburg,1053.0,"(53.5151, 10.319966666666668)",532300.7,360591.9,386443.2,510184.3,727231.2,264341.7,736067.2,671893.2,401389.9,425498.5,428364.0,704660.0,477703.4,292839.5,380525.8,326222.3
1257,21522,53.3556,10.56955,Niedersachsen,NI,Landkreis Lüneburg,3355.0,"(53.3556, 10.56955)",518924.0,373604.3,294381.4,496807.6,713854.6,256300.8,722690.6,648742.9,414402.4,438511.0,441376.4,681509.6,490715.8,279462.8,393538.3,312845.7
1258,21524,53.4933,10.4252,Schleswig-Holstein,SH,Kreis Herzogtum Lauenburg,1053.0,"(53.4933, 10.4252)",531653.5,369437.0,374564.6,509537.1,726584.1,252463.1,735420.0,726478.9,410235.0,434343.6,437209.1,759245.6,486548.5,292192.3,389370.9,325575.1
1259,21526,53.4765,10.3646,Schleswig-Holstein,SH,Kreis Herzogtum Lauenburg,1053.0,"(53.4765, 10.3646)",535433.1,363724.3,380545.0,513316.7,730363.7,258443.4,739199.6,668026.8,404522.3,428630.9,431496.4,700793.5,480835.8,295971.9,383658.2,329354.7
1260,21527,53.4667,10.4667,Schleswig-Holstein,SH,Kreis Herzogtum Lauenburg,1053.0,"(53.4667, 10.4667)",531990.1,370797.0,375694.1,509873.7,726920.7,253592.5,735756.6,727608.3,411595.0,435703.6,438569.1,760375.0,487908.5,292528.9,390730.9,325911.8
1261,21529,53.4898,10.317,Schleswig-Holstein,SH,Kreis Herzogtum Lauenburg,1053.0,"(53.4898, 10.317)",530654.5,358945.7,382245.6,508538.1,725585.1,260144.1,734421.1,668028.7,399743.8,423852.4,426717.8,700795.4,476057.2,291193.3,378879.7,324576.2
1262,21614,53.4672,9.6864,Niedersachsen,NI,Landkreis Stade,3359.0,"(53.4672, 9.6864)",523873.8,315669.2,363702.9,501757.4,718804.4,322608.8,727640.3,718064.4,356467.3,380575.9,383441.3,750831.1,432780.7,284412.6,335603.2,317795.4
1263,21629,53.4227,9.7896,Niedersachsen,NI,Landkreis Harburg,3353.0,"(53.4227, 9.7896)",514315.9,314326.7,354145.0,492199.5,709246.5,313051.0,718082.5,708506.5,355124.7,379233.3,382098.8,741273.2,431438.2,274854.7,334260.6,308237.6
1264,21635,53.532,9.6808,Niedersachsen,NI,Landkreis Stade,3359.0,"(53.532, 9.6808)",536312.2,326257.8,376141.3,514195.8,731242.8,308467.8,740078.7,730502.8,367055.8,391164.5,394029.9,763269.5,443369.3,296851.0,346191.7,330233.8
1265,21640,53.4975,9.58555,Niedersachsen,NI,Landkreis Stade,3359.0,"(53.4975, 9.58555)",531522.1,313177.8,371351.2,524406.0,726452.6,330257.1,749995.6,725712.7,353975.9,378084.5,380950.0,758479.4,430289.3,292060.8,333111.8,325443.7
1266,21641,53.4333,9.6167,Niedersachsen,NI,Landkreis Stade,3359.0,"(53.4333, 9.6167)",521520.5,304888.8,361349.6,516117.0,716451.1,327043.5,741706.5,715711.1,345686.8,369795.4,372660.9,748477.8,422000.3,282059.3,324822.7,315442.1
1267,21643,53.4167,9.6167,Niedersachsen,NI,Landkreis Stade,3359.0,"(53.4167, 9.6167)",525948.5,303337.9,365777.6,514566.1,720879.1,324683.6,740155.7,720139.1,344135.9,368244.6,371110.0,752905.8,420449.4,286487.3,323271.8,319870.2
1268,21644,53.3833,9.6,Niedersachsen,NI,Landkreis Stade,3359.0,"(53.3833, 9.6)",515620.1,298988.4,355449.2,510216.6,710550.7,327534.5,735806.2,709810.8,339786.5,363895.1,366760.5,742577.5,416099.9,276158.9,318922.4,309541.8
1269,21646,53.3553,9.5985,Niedersachsen,NI,Landkreis Harburg,3353.0,"(53.3553, 9.5985)",517746.8,301115.1,357575.9,512343.3,712677.4,324730.1,737932.9,711937.4,341913.1,366021.8,368887.2,744704.1,418226.6,278285.6,321049.1,311668.5
1270,21647,53.4062,9.6988,Niedersachsen,NI,Landkreis Harburg,3353.0,"(53.4062, 9.6988)",517987.6,308241.5,357816.7,519469.7,712918.1,316722.6,745059.2,712178.2,349039.5,373148.1,376013.6,744944.9,425353.0,278526.3,328175.4,311909.2
1271,21649,53.3833,9.65,Niedersachsen,NI,Landkreis Harburg,3353.0,"(53.3833, 9.65)",522747.3,301974.9,362576.4,513203.1,717677.9,321482.4,738792.6,716937.9,342772.9,366881.5,369747.0,749704.7,419086.4,283286.1,321908.8,316669.0
1272,21680,53.5908,9.4848,Niedersachsen,NI,Landkreis Stade,3359.0,"(53.5908, 9.4848)",549170.9,326653.6,389000.0,537881.8,744101.5,347906.0,752937.4,743361.5,367451.6,391560.2,394425.7,776128.2,443765.1,309709.7,346587.5,343092.6
1273,21682,53.6084,9.4688,Niedersachsen,NI,Landkreis Stade,3359.0,"(53.6084, 9.4688)",552564.5,330047.2,392393.6,541275.4,747495.1,351299.6,756331.1,746755.2,370845.2,394953.9,397819.3,779521.9,447158.7,313103.3,349981.2,346486.2
1274,21683,53.6,9.4833,Niedersachsen,NI,Landkreis Stade,3359.0,"(53.6, 9.4833)",550590.6,328073.2,390419.7,539301.4,745521.1,349325.6,754357.1,744781.2,368871.3,392979.9,395845.3,777547.9,445184.7,311129.3,348007.2,344512.2
1275,21684,53.58035,9.50755,Niedersachsen,NI,Landkreis Stade,3359.0,"(53.58035, 9.50755)",548297.6,325780.3,388126.7,537008.5,743228.2,347032.7,752064.2,742488.3,366578.3,390687.0,393552.4,775255.0,442891.8,308836.4,345714.3,342219.3
1276,21698,53.4569,9.445433333333334,Niedersachsen,NI,Landkreis Stade,3359.0,"(53.4569, 9.445433333333334)",524457.9,307826.2,364287.0,519054.4,719388.5,350355.8,744644.0,718648.6,348624.3,372732.9,375598.3,751415.3,424937.7,284996.7,327760.2,318379.6
1277,21702,53.4,9.45,Niedersachsen,NI,Landkreis Stade,3359.0,"(53.4, 9.45)",517376.5,300744.8,357205.6,511973.0,712307.1,343274.3,737562.6,711567.1,341542.8,365651.5,368516.9,744333.8,417856.3,277915.3,320678.8,311298.2
1278,21706,53.7101,9.3846,Niedersachsen,NI,Landkreis Stade,3359.0,"(53.7101, 9.3846)",565858.2,343340.8,405687.3,554569.0,760788.7,364593.2,769624.7,760048.8,384138.9,408247.5,411112.9,792815.5,460452.3,326396.9,363274.8,359779.8
1279,21709,53.609766666666665,9.307166666666664,Niedersachsen,NI,Landkreis Stade,3359.0,"(53.609766666666665, 9.307166666666664)",562888.2,327101.2,402717.3,538329.4,757818.8,361623.2,763918.9,757078.8,367899.2,392007.8,394873.3,789845.5,444212.7,323427.0,347035.1,356809.8
1280,21710,53.6667,9.3333,Niedersachsen,NI,Landkreis Stade,3359.0,"(53.6667, 9.3333)",564971.2,342453.9,404800.3,553682.1,759901.8,363706.2,768737.7,759161.8,383251.9,407360.5,410226.0,791928.5,459565.4,325510.0,362387.8,358892.9
1281,21712,53.6833,9.2667,Niedersachsen,NI,Landkreis Stade,3359.0,"(53.6833, 9.2667)",571954.0,336187.7,411783.1,547415.9,766884.5,370689.0,773005.5,766144.6,376985.7,401094.4,403959.8,798911.3,453299.2,332492.7,356121.7,365875.6
1282,21714,53.6167,9.3667,Niedersachsen,NI,Landkreis Stade,3359.0,"(53.6167, 9.3667)",559333.1,336815.8,399162.2,548044.0,754263.7,358068.2,763099.6,753523.7,377613.8,401722.4,404587.9,786290.4,453927.3,319871.9,356749.7,353254.8
1283,21717,53.526300000000006,9.42365,Niedersachsen,NI,Landkreis Stade,3359.0,"(53.526300000000006, 9.42365)",543384.8,320478.2,383213.9,531706.4,738315.4,342119.9,757296.0,737575.4,361276.2,385384.9,388250.3,770342.1,437589.7,303923.6,340412.1,337306.5
1284,21720,53.556725,9.614025,Niedersachsen,NI,Landkreis Stade,3359.0,"(53.556725, 9.614025)",545734.1,323216.8,385563.2,534445.0,740664.7,344469.2,749500.7,739924.8,364014.8,388123.5,390988.9,772691.5,440328.3,306272.9,343150.8,339655.8
1285,21723,53.6,9.55,Niedersachsen,NI,Landkreis Stade,3359.0,"(53.6, 9.55)",554251.1,331733.8,394080.3,542962.0,749181.7,352986.2,758017.7,748441.8,372531.9,396640.5,399505.9,781208.5,448845.3,314789.9,351667.8,348172.8
1286,21726,53.591033333333336,9.2631,Niedersachsen,NI,Landkreis Stade,3359.0,"(53.591033333333336, 9.2631)",539084.9,322453.2,378914.0,533681.4,734015.5,365036.4,759271.0,733275.6,363251.3,387359.9,390225.3,766042.3,439564.7,299623.7,342387.2,333006.6
1287,21727,53.576,9.2027,Niedersachsen,NI,Landkreis Stade,3359.0,"(53.576, 9.2027)",534618.0,317986.3,374447.1,529214.5,729548.6,369705.1,754804.1,728808.6,358784.3,382893.0,385758.4,761575.3,435097.8,295156.8,337920.3,328539.7
1288,21729,53.8333,9.2833,Niedersachsen,NI,Landkreis Stade,3359.0,"(53.8333, 9.2833)",582227.5,362533.6,422056.6,573761.8,777158.1,380962.5,799351.4,776418.1,403331.7,427440.3,430305.7,809184.8,479645.1,342766.3,382467.6,376149.1
1289,21730,53.8333,9.1333,Niedersachsen,NI,Landkreis Stade,3359.0,"(53.8333, 9.1333)",613885.6,353015.1,453714.7,564243.2,808816.1,391580.4,789832.8,808076.2,393813.1,417921.7,420787.2,840842.9,470126.6,374424.3,372949.0,407807.2
1290,21732,53.8308,9.2038,Niedersachsen,NI,Landkreis Stade,3359.0,"(53.8308, 9.2038)",619133.9,358263.3,458963.0,569491.5,814064.4,386539.3,795081.1,813324.5,399061.4,423170.0,426035.5,846091.2,475374.8,379672.6,378197.3,413055.5
1291,21734,53.8027,9.2368,Niedersachsen,NI,Landkreis Stade,3359.0,"(53.8027, 9.2368)",585160.1,359130.8,424989.2,570359.0,780090.7,383895.1,795948.6,779350.7,399928.9,424037.5,426902.9,812117.4,476242.3,345698.9,379064.8,379081.7
1292,21737,53.7833,9.3167,Niedersachsen,NI,Landkreis Stade,3359.0,"(53.7833, 9.3167)",575682.4,353165.1,415511.5,564393.3,770613.0,374417.5,779449.0,769873.0,393963.1,418071.8,420937.2,802639.7,470276.6,336221.2,373099.1,369604.1
1293,21739,53.5333,9.55,Niedersachsen,NI,Landkreis Stade,3359.0,"(53.5333, 9.55)",535953.0,317608.8,375782.1,528837.0,730883.6,334688.0,754426.6,730143.6,358406.8,382515.5,385380.9,762910.3,434720.3,296491.8,337542.7,329874.7
1294,21745,53.687,9.1549,Niedersachsen,NI,Landkreis Cuxhaven,3352.0,"(53.687, 9.1549)",552340.8,335709.1,392169.9,546937.3,747271.4,376041.6,772526.9,746531.4,376507.1,400615.8,403481.2,779298.1,452820.6,312879.6,355643.0,346262.5
1295,21755,53.6404,9.2394,Niedersachsen,NI,Landkreis Cuxhaven,3352.0,"(53.6404, 9.2394)",545715.4,329083.7,385544.5,540311.9,740646.0,367025.3,765901.5,739906.0,369881.7,393990.4,396855.8,772672.7,446195.2,306254.2,349017.7,339637.1
1296,21756,53.7,9.2,Niedersachsen,NI,Landkreis Cuxhaven,3352.0,"(53.7, 9.2)",555852.6,339220.9,395681.7,550449.1,750783.2,377224.9,776038.7,750043.3,380019.0,404127.6,406993.0,782810.0,456332.4,316391.4,359154.9,349774.3
1297,21762,53.7936,8.920950000000001,Niedersachsen,NI,Landkreis Cuxhaven,3352.0,"(53.7936, 8.920950000000001)",592674.1,331803.6,432503.2,543031.7,787604.6,403730.6,768621.3,786864.7,372601.6,396710.2,399575.7,819631.4,448915.0,353212.8,351737.5,386595.7
1298,21763,53.777,8.8936,Niedersachsen,NI,Landkreis Cuxhaven,3352.0,"(53.777, 8.8936)",580126.5,319256.0,419955.6,530484.2,775057.1,456487.1,756073.8,774317.1,360054.1,384162.7,387028.1,807083.8,436367.5,340665.3,339190.0,374048.2
1299,21765,53.7667,8.8333,Niedersachsen,NI,Landkreis Cuxhaven,3352.0,"(53.7667, 8.8333)",575600.1,314729.6,415429.2,525957.8,770530.7,451960.7,751547.4,769790.7,355527.7,379636.3,382501.7,802557.4,431841.1,336138.9,334663.6,369521.8
1300,21769,53.60553333333333,9.0889,Niedersachsen,NI,Landkreis Cuxhaven,3352.0,"(53.60553333333333, 9.0889)",541556.6,324924.8,381385.7,536153.0,736487.1,382888.7,761742.6,735747.2,365722.9,389831.5,392697.0,768513.9,442036.3,302095.3,344858.8,335478.2
1301,21770,53.65,9.0333,Niedersachsen,NI,Landkreis Cuxhaven,3352.0,"(53.65, 9.0333)",549396.2,319341.4,389225.3,530569.6,744326.8,382095.4,756159.2,743586.8,360139.5,384248.1,387113.5,776353.5,436452.9,309935.0,339275.4,343317.9
1302,21772,53.6612,8.9723,Niedersachsen,NI,Landkreis Cuxhaven,3352.0,"(53.6612, 8.9723)",578076.5,317206.0,417905.7,528434.2,773007.1,386835.8,754023.8,772267.2,358004.1,382112.7,384978.2,805033.9,434317.5,338615.3,337140.0,371998.2
1303,21775,53.70406666666667,8.914266666666668,Niedersachsen,NI,Landkreis Cuxhaven,3352.0,"(53.70406666666667, 8.914266666666668)",586226.6,325356.1,426055.7,536584.3,781157.2,398577.4,762173.9,780417.2,366154.1,390262.8,393128.2,813183.9,442467.6,346765.4,345290.1,380148.3
1304,21776,53.75,8.8,Niedersachsen,NI,Landkreis Cuxhaven,3352.0,"(53.75, 8.8)",572243.2,311372.7,412072.3,522600.9,767173.8,448603.8,748190.5,766433.8,352170.8,376279.4,379144.8,799200.5,428484.2,332782.0,331306.7,366164.9
1305,21781,53.7693,9.0627,Niedersachsen,NI,Landkreis Cuxhaven,3352.0,"(53.7693, 9.0627)",607284.8,346414.3,447113.9,557642.5,802215.4,386606.3,783232.1,801475.5,387212.4,411321.0,414186.4,834242.2,463525.8,367823.6,366348.3,401206.5
1306,21782,53.7461,8.9781,Niedersachsen,NI,Landkreis Cuxhaven,3352.0,"(53.7461, 8.9781)",583981.9,323111.4,423811.0,534339.6,778912.5,394481.9,759929.2,778172.5,363909.5,388018.1,390883.5,810939.2,440222.9,344520.7,343045.4,377903.6
1307,21785,53.80855,9.01675,Niedersachsen,NI,Landkreis Cuxhaven,3352.0,"(53.80855, 9.01675)",601259.5,340389.0,441088.6,551617.2,796190.1,392708.8,777206.8,795450.1,381187.0,405295.7,408161.1,828216.8,457500.5,361798.3,360322.9,395181.2
1308,21787,53.75,9.15,Niedersachsen,NI,Landkreis Cuxhaven,3352.0,"(53.75, 9.15)",564865.3,348233.5,404694.4,559461.7,759795.8,384037.8,785051.3,759055.9,389031.6,413140.2,416005.7,791822.6,465345.0,325404.0,368167.5,358786.9
1309,21789,53.7357,9.0805,Niedersachsen,NI,Landkreis Cuxhaven,3352.0,"(53.7357, 9.0805)",559114.5,342482.8,398943.7,553711.0,754045.1,383636.3,779300.6,753305.2,383280.9,407389.5,410254.9,786071.9,459594.3,319653.3,362416.8,353036.2
1310,22041,53.57495,10.091425,Hamburg,HH,"Hamburg, Freie und Hansestadt",2000.0,"(53.57495, 10.091425)",519580.9,347872.1,359410.0,497464.5,714511.5,273433.8,723347.4,713771.5,388670.1,412778.8,415644.2,746538.2,464983.6,280119.7,367806.0,313502.6
1311,22043,53.57315,10.113075,Hamburg,HH,"Hamburg, Freie und Hansestadt",2000.0,"(53.57315, 10.113075)",524338.0,352629.2,364167.1,502221.6,719268.6,271531.6,728104.6,718528.7,393427.3,417535.9,420401.3,751295.4,469740.7,284876.8,372563.2,318259.7
