,zipcode,lat,long,state,state_code,community_name,community_code,coor,AKB Kitzingen,AKB Dortmund,AKB Zörbig,AKB Schöneck,AKB Buch,Mosolf Etzin,Mosolf Kippenheim,BLG Kelheim,BLG Duisburg,BLG Neuss,Carservice Erkens,ARS Altmann Wolnzach,CAT Zülpich,Autohaus Siebrecht,Neu: FleetParQ Essen ,Neu: FleetParQ Kassel
4264,63150,50.0555,8.8008,Hessen,HE,Offenbach,6438.0,"(50.0555, 8.8008)",122729.7,240214.4,422512.5,21511.5,317660.3,549968.4,239851.8,325566.9,258619.3,239722.0,291759.9,333259.8,228404.3,257571.6,265148.7,203618.9
4265,63165,50.1078,8.8318,Hessen,HE,Offenbach,6438.0,"(50.1078, 8.8318)",123770.4,244479.1,415848.9,16379.7,318701.0,543304.9,246326.1,326607.6,265093.6,246196.3,298234.1,334300.5,234878.6,250908.1,271622.9,196955.4
4266,63179,50.0714,8.8512,Hessen,HE,Offenbach,6438.0,"(50.0714, 8.8512)",118583.7,244482.6,415852.5,33978.9,313514.2,543308.4,241431.7,321420.9,260199.2,241301.9,293339.7,329113.8,229984.2,250911.6,266728.5,196958.9
4267,63225,49.9896,8.6685,Hessen,HE,Offenbach,6438.0,"(49.9896, 8.6685)",136903.6,243839.8,428403.8,37770.8,331834.1,555859.7,220604.7,339740.8,255319.5,236422.2,288460.0,347433.7,225104.5,263462.9,261848.8,209510.2
4268,63263,50.0583,8.6918,Hessen,HE,Offenbach,6438.0,"(50.0583, 8.6918)",129419.7,234845.4,419409.4,31851.6,324350.3,546865.3,231676.8,332257.0,250444.3,231547.0,283584.9,339949.8,220229.3,254468.5,256973.7,200515.8
4269,63303,50.02,8.6961,Hessen,HE,Offenbach,6438.0,"(50.02, 8.6961)",131804.0,238314.0,422878.0,33446.2,326734.6,550333.9,224579.4,334641.2,256719.0,237821.6,289859.5,342334.1,226504.0,257937.1,263248.3,203984.4
4270,63322,49.974,8.8282,Hessen,HE,Offenbach,6438.0,"(49.974, 8.8282)",124049.8,258069.7,429439.5,47565.9,318980.4,556895.4,229576.3,326887.1,278091.5,259194.2,311232.0,334579.9,247876.5,264498.6,284620.8,210545.9
4271,63329,49.9679,8.6634,Hessen,HE,Offenbach,6438.0,"(49.9679, 8.6634)",140498.8,245504.1,430068.1,41366.0,335429.4,557524.1,222269.0,343336.1,256983.9,238086.5,290124.4,351028.9,226768.8,265127.3,263513.2,211174.6
4272,63450,50.1316,8.9208,Hessen,HE,Main-Kinzig-Kreis,6435.0,"(50.1316, 8.9208)",124747.0,237072.0,408441.9,17683.1,319677.5,535897.8,255158.4,327584.2,273926.0,255028.6,307066.5,335277.1,243711.0,243501.0,280455.3,189548.3
4273,63452,50.1442,8.9169,Hessen,HE,Main-Kinzig-Kreis,6435.0,"(50.1442, 8.9169)",129125.2,238437.4,409807.3,15678.9,324055.8,537263.2,257033.9,331962.5,275801.4,256904.1,308942.0,339655.3,245586.4,244866.4,260394.9,190913.7
4274,63454,50.1391,8.8864,Hessen,HE,Main-Kinzig-Kreis,6435.0,"(50.1391, 8.8864)",130146.5,239458.7,410828.5,15307.1,325077.1,538284.5,251492.1,332983.7,270259.7,251362.3,303400.2,340676.6,240044.6,245887.7,276789.0,191935.0
4275,63456,50.1139,8.9107,Hessen,HE,Main-Kinzig-Kreis,6435.0,"(50.1139, 8.9107)",120994.2,238784.8,410154.6,19759.5,315924.8,537610.6,251405.7,323831.4,270173.2,251275.9,303313.8,331524.3,239958.2,245213.8,276702.5,191261.1
4276,63457,50.1063,8.9495,Hessen,HE,Main-Kinzig-Kreis,6435.0,"(50.1063, 8.9495)",124089.2,237808.2,409178.0,27304.5,319019.8,536634.0,254500.7,326926.5,273268.2,254370.9,306408.8,334619.3,243053.2,244237.2,279797.6,190284.5
4277,63477,50.15,8.8333,Hessen,HE,Main-Kinzig-Kreis,6435.0,"(50.15, 8.8333)",134852.3,244164.5,415534.3,10666.6,329782.9,542990.3,248482.9,337689.5,267250.4,248353.1,300391.0,345382.4,237035.4,250593.5,273779.8,196640.8
4278,63486,50.1785,8.9232,Hessen,HE,Main-Kinzig-Kreis,6435.0,"(50.1785, 8.9232)",130752.5,231381.6,406200.2,8497.7,325683.1,533656.2,257408.3,333589.8,275865.0,254152.1,309005.6,341282.6,245960.8,241259.4,253339.1,187306.7
4279,63500,50.0432,8.9739,Hessen,HE,Offenbach,6438.0,"(50.0432, 8.9739)",112097.0,251725.6,423095.4,41221.9,307027.6,550551.4,252677.6,314934.2,271445.2,252547.8,304585.7,322627.1,241230.1,258154.6,277974.5,204201.9
4280,63505,50.1766,9.04,Hessen,HE,Main-Kinzig-Kreis,6435.0,"(50.1766, 9.04)",128679.9,227116.7,396170.7,27957.2,323610.5,523626.6,263571.5,331517.1,271600.1,249887.2,304740.7,339210.0,252124.0,231229.8,249074.2,177277.1
4281,63512,50.0833,8.9333,Hessen,HE,Offenbach,6438.0,"(50.0833, 8.9333)",119300.7,241748.5,413118.3,31244.7,314231.3,540574.2,249712.2,322137.9,268479.7,249582.4,301620.2,329830.8,238264.7,248177.4,275009.0,194224.7
4282,63517,50.15,9.0333,Hessen,HE,Main-Kinzig-Kreis,6435.0,"(50.15, 9.0333)",128793.8,232370.5,399343.0,27461.2,323724.4,526798.9,260196.0,331631.0,276853.9,255141.0,309994.5,339323.9,248748.5,234402.1,254328.0,180449.4
4283,63526,50.163,8.9782,Hessen,HE,Main-Kinzig-Kreis,6435.0,"(50.163, 8.9782)",126204.9,229675.4,400990.3,14102.9,321135.5,528446.2,261463.1,329042.1,274158.8,252445.9,307299.4,336735.0,250015.6,236049.4,251632.9,182096.7
4284,63533,50.0127,8.9901,Hessen,HE,Offenbach,6438.0,"(50.0127, 8.9901)",108202.6,251758.0,423127.8,41465.8,303133.2,550583.7,255762.1,311039.9,274529.6,255632.3,307670.2,318732.7,244314.6,258186.9,281058.9,204234.2
4285,63538,50.0833,8.9833,Hessen,HE,Main-Kinzig-Kreis,6435.0,"(50.0833, 8.9833)",119548.1,241036.7,412406.5,30744.6,314478.7,539862.5,256386.4,322385.4,275153.9,256256.6,308294.4,330078.2,244938.9,247465.7,262994.2,193513.0
4286,63543,50.2,8.9833,Hessen,HE,Main-Kinzig-Kreis,6435.0,"(50.2, 8.9833)",131111.8,228024.2,402842.9,16069.4,326042.4,530298.8,266003.4,333949.1,272507.7,250794.7,305648.2,341641.9,254555.9,237902.0,249981.7,183949.3
4287,63546,50.2167,8.9833,Hessen,HE,Main-Kinzig-Kreis,6435.0,"(50.2167, 8.9833)",139188.0,221927.4,406578.7,14947.9,334118.6,534034.6,274079.6,342025.3,266410.9,244697.9,299551.4,349718.1,254619.5,241637.8,243884.9,187685.1
4288,63549,50.2278,9.0556,Hessen,HE,Main-Kinzig-Kreis,6435.0,"(50.2278, 9.0556)",135117.8,224107.5,399110.5,22030.6,330048.3,526566.4,270009.3,337955.0,268590.9,246878.0,301731.5,345647.9,256799.6,234169.6,246065.0,180216.9
4289,63571,50.2016,9.1874,Hessen,HE,Main-Kinzig-Kreis,6435.0,"(50.2016, 9.1874)",141299.8,242320.6,384253.0,40577.1,336230.4,511709.0,276191.4,344137.1,286804.1,265091.2,319944.6,351829.9,264743.9,219312.2,264278.1,165359.5
4290,63579,50.1323,9.1346,Hessen,HE,Main-Kinzig-Kreis,6435.0,"(50.1323, 9.1346)",107848.4,237552.4,395776.3,35808.8,302779.0,523232.2,271423.1,310685.7,282035.8,260322.9,315176.4,318378.5,259975.6,230835.4,259509.9,176882.7
4291,63584,50.2064,9.1388,Hessen,HE,Main-Kinzig-Kreis,6435.0,"(50.2064, 9.1388)",136904.3,237925.1,389137.5,36181.6,331834.9,516593.4,271795.9,339741.5,282408.6,260695.6,315549.1,347434.4,260348.4,224196.6,259882.6,170243.9
4292,63589,50.1667,9.2167,Hessen,HE,Main-Kinzig-Kreis,6435.0,"(50.1667, 9.2167)",112051.1,244423.8,387965.6,42680.3,306981.7,515421.5,278294.6,314888.4,288907.3,267194.3,322047.8,322581.3,266847.1,223024.8,266381.3,169072.0
4293,63594,50.1667,9.1,Hessen,HE,Main-Kinzig-Kreis,6435.0,"(50.1667, 9.1)",132851.9,233872.7,395439.4,32129.1,327782.5,522895.3,267743.4,335689.1,278356.1,256643.2,311496.7,343382.0,256296.0,230498.5,255830.2,176545.8
4294,63599,50.1806,9.2861,Hessen,HE,Main-Kinzig-Kreis,6435.0,"(50.1806, 9.2861)",121626.2,254798.9,384487.5,53055.3,316556.8,511943.4,288669.6,324463.5,299282.3,277569.4,332422.9,332156.3,277222.1,219546.6,276756.4,165593.9
4295,63607,50.2551,9.2956,Hessen,HE,Main-Kinzig-Kreis,6435.0,"(50.2551, 9.2956)",152145.2,253166.0,377629.9,51422.5,347075.8,505085.9,287036.8,356558.8,297649.5,275936.6,330790.0,364251.6,275589.3,212689.1,275123.5,158736.4
4296,63619,50.2279,9.3478,Hessen,HE,Main-Kinzig-Kreis,6435.0,"(50.2279, 9.3478)",152894.3,253915.1,379163.4,52171.5,347824.9,506619.3,287785.8,358092.2,298398.5,276685.6,331539.1,365785.1,276338.3,214222.5,275872.6,160269.8
4297,63628,50.2757,9.367,Hessen,HE,Main-Kinzig-Kreis,6435.0,"(50.2757, 9.367)",141143.7,258293.0,367974.9,56549.5,336074.3,495430.8,292163.8,346903.7,302776.5,281063.5,335917.0,354596.6,280716.3,203034.0,280250.5,149081.3
4298,63633,50.35,9.3,Hessen,HE,Main-Kinzig-Kreis,6435.0,"(50.35, 9.3)",151406.3,241030.6,378237.4,44967.9,346336.9,505693.4,298489.7,357166.3,285514.0,263801.1,318654.6,364859.1,273722.7,213296.6,262988.1,159343.9
4299,63636,50.3167,9.2833,Hessen,HE,Main-Kinzig-Kreis,6435.0,"(50.3167, 9.2833)",147612.4,241610.7,374443.5,58128.6,342543.0,501899.5,293742.9,353372.4,286094.2,264381.3,319234.7,361065.2,282295.4,209502.7,263568.2,155550.0
4300,63637,50.1792,9.4583,Hessen,HE,Main-Kinzig-Kreis,6435.0,"(50.1792, 9.4583)",108204.6,270777.9,388268.2,69034.3,303135.2,515724.1,304648.7,314241.8,315261.3,293548.4,348401.9,321934.7,293201.2,223327.3,292735.4,169374.6
4301,63639,50.1208,9.4375,Hessen,HE,Main-Kinzig-Kreis,6435.0,"(50.1208, 9.4375)",98423.5,267495.2,395437.3,65751.7,293354.1,522893.2,301366.0,301260.8,311978.7,290265.8,345119.2,308953.6,289918.5,230496.4,289452.7,176543.7
4302,63654,50.2901,9.1114,Hessen,HE,Wetteraukreis,6440.0,"(50.2901, 9.1114)",146136.7,223449.6,400158.1,27386.9,341067.2,527614.0,281028.2,348973.9,267933.0,246220.1,301073.6,356666.8,256141.7,235217.2,245407.1,181264.5
4303,63667,50.4133,9.0064,Hessen,HE,Wetteraukreis,6440.0,"(50.4133, 9.0064)",158529.7,207040.3,369424.0,34204.0,353460.3,496879.9,293421.3,361367.0,251523.8,229810.9,284664.3,369059.8,239732.5,204483.2,228997.8,150530.4
4304,63674,50.2875,8.9437,Hessen,HE,Wetteraukreis,6440.0,"(50.2875, 8.9437)",142305.9,213274.0,397925.2,14106.3,337236.5,525381.1,277197.5,345143.2,257757.4,236044.5,290897.9,352836.0,245966.1,232984.4,235231.4,179031.7
4305,63679,50.5035,9.1252,Hessen,HE,Vogelsbergkreis,6535.0,"(50.5035, 9.1252)",155604.5,217325.4,346104.3,48286.1,350535.1,473560.3,311371.2,361364.5,261808.9,240095.9,294949.4,369057.4,250017.5,181163.5,239282.9,127210.8
4306,63683,50.3558,9.056,Hessen,HE,Wetteraukreis,6440.0,"(50.3558, 9.056)",151773.1,218153.8,402805.1,27823.8,346703.7,530261.0,286664.7,354610.4,262637.3,240924.4,295777.8,362303.2,250846.0,237864.2,240111.3,183911.5
4307,63688,50.4248,9.1984,Hessen,HE,Wetteraukreis,6440.0,"(50.4248, 9.1984)",150903.3,222924.7,358766.4,41932.9,345833.9,486222.3,299751.1,356663.3,267408.1,245695.2,300548.6,364356.2,255616.8,193825.6,244882.1,139872.9
4308,63691,50.3574,8.9837,Hessen,HE,Wetteraukreis,6440.0,"(50.3574, 8.9837)",151402.4,211686.0,396337.2,27076.7,346333.0,523793.2,286294.0,354239.7,256169.4,234456.5,289310.0,361932.5,244378.1,231396.4,233643.5,177443.7
4309,63694,50.2591,8.9776,Hessen,HE,Wetteraukreis,6440.0,"(50.2591, 8.9776)",137857.0,220596.4,405247.7,16293.0,332787.6,532703.6,272748.6,340694.2,265079.8,243366.9,298220.4,348387.1,253288.5,240306.8,242553.9,186354.1
4310,63695,50.3167,9.0,Hessen,HE,Wetteraukreis,6440.0,"(50.3167, 9.0)",145577.8,217050.4,401701.7,20795.9,340508.4,529157.6,280469.4,348415.0,261533.9,239821.0,294674.4,356107.9,249742.6,236760.8,239007.9,182808.1
4311,63697,50.4,9.1333,Hessen,HE,Wetteraukreis,6440.0,"(50.4, 9.1333)",159459.0,217889.5,360144.7,36532.4,354389.5,487600.6,294350.5,362296.2,262372.9,240660.0,295513.5,369989.1,250581.6,195203.8,239847.0,141251.1
4312,63699,50.3448,9.2114,Hessen,HE,Wetteraukreis,6440.0,"(50.3448, 9.2114)",156537.9,234031.8,385236.3,37969.0,351468.5,512692.2,291429.5,364165.1,278515.2,256802.3,311655.7,371858.0,266723.9,220295.4,255989.2,166342.7
4313,63739,49.9757,9.1478,Bayern,BY,Aschaffenburg,9661.0,"(49.9757, 9.1478)",94230.2,255968.5,427338.3,45676.4,289160.8,554794.3,265934.6,297067.4,284702.2,265804.8,317842.7,304760.3,254487.1,262397.5,291231.5,208444.8
4314,63741,49.9751,9.1314,Bayern,BY,Aschaffenburg,9661.0,"(49.9751, 9.1314)",96068.5,255333.6,426703.4,45041.5,290999.1,554159.4,265299.7,298905.7,284067.3,265169.9,317207.8,306598.6,253852.2,261762.6,290596.6,207809.9
4315,63743,49.9648,9.1647,Bayern,BY,Aschaffenburg,9661.0,"(49.9648, 9.1647)",95736.7,258519.6,429889.4,48227.5,290667.3,557345.4,268485.7,298574.0,287253.3,268355.9,320393.8,306266.9,257038.2,264948.6,293782.6,210995.9
4316,63755,50.0888,9.0646,Bayern,BY,Landkreis Aschaffenburg,9671.0,"(50.0888, 9.0646)",115717.1,240902.9,412272.7,30610.7,310647.7,539728.6,265724.5,318554.4,285386.3,263673.4,318526.9,326247.3,254277.0,247331.8,262860.3,193379.1
4317,63762,49.9199,9.076,Bayern,BY,Landkreis Aschaffenburg,9671.0,"(49.9199, 9.076)",108807.7,260237.9,431607.7,49945.8,303738.3,559063.7,267237.7,311644.9,286005.2,267107.9,319145.7,319337.8,255790.2,266666.9,292534.5,212714.2
4318,63768,50.0065,9.2076,Bayern,BY,Landkreis Aschaffenburg,9671.0,"(50.0065, 9.2076)",87985.8,265288.4,430081.3,54996.3,282916.3,557537.3,270883.6,290823.0,289651.1,270753.8,322791.7,298515.9,259436.1,271717.4,296180.5,217764.7
4319,63773,49.9995,9.1844,Bayern,BY,Landkreis Aschaffenburg,9671.0,"(49.9995, 9.1844)",89814.8,264845.4,431910.4,54553.3,284745.4,559366.4,270440.6,292652.1,289208.1,270310.8,322348.6,300345.0,258993.1,271274.4,295737.4,217321.7
4320,63776,50.0692,9.1637,Bayern,BY,Landkreis Aschaffenburg,9671.0,"(50.0692, 9.1637)",96458.3,249645.9,402622.6,39353.8,291388.8,530078.5,281191.7,299295.5,294129.3,272416.4,327269.9,306988.4,269744.2,237681.8,271603.4,183729.0
4321,63785,49.8358,9.131,Bayern,BY,Landkreis Miltenberg,9676.0,"(49.8358, 9.131)",121799.8,273230.1,444599.9,62938.0,316730.4,572055.8,280229.8,324637.1,298997.4,280100.0,332137.9,332330.0,268782.3,279659.0,305526.7,225706.3
4322,63791,50.0487,9.0287,Bayern,BY,Landkreis Aschaffenburg,9671.0,"(50.0487, 9.0287)",109947.2,245420.0,416789.8,35127.8,304877.8,544245.7,264370.9,312784.5,283138.4,264241.0,316278.9,320477.3,252923.4,251848.9,289667.7,197896.2
4323,63796,50.0698,9.0055,Bayern,BY,Landkreis Aschaffenburg,9671.0,"(50.0698, 9.0055)",112842.6,242301.6,413671.4,32009.5,307773.2,541127.4,261875.5,315679.8,280643.0,265072.2,313783.6,323372.7,250428.0,248730.6,264259.1,194777.9
4324,63801,50.0,9.0667,Bayern,BY,Landkreis Aschaffenburg,9671.0,"(50.0, 9.0667)",98924.5,249171.8,420541.6,38879.7,293855.1,547997.5,262150.6,301761.7,280918.2,262020.8,314058.7,309454.6,250703.1,255600.8,287447.5,201648.1
4325,63808,49.9644,9.2072,Bayern,BY,Landkreis Aschaffenburg,9671.0,"(49.9644, 9.2072)",90454.6,261947.4,432550.2,51655.3,285385.2,560006.1,275167.1,293291.9,293934.6,275037.3,327075.1,300984.7,263719.6,268376.4,300463.9,214423.6
4326,63811,49.97,9.0715,Bayern,BY,Landkreis Aschaffenburg,9671.0,"(49.97, 9.0715)",103051.4,254481.6,425851.4,44189.5,297982.0,553307.4,261481.4,305888.6,280248.9,261351.5,313389.4,313581.5,250033.9,260910.6,286778.2,206957.9
4327,63814,49.9817,9.09,Bayern,BY,Landkreis Aschaffenburg,9671.0,"(49.9817, 9.09)",99854.1,251973.7,423343.5,41681.6,294784.7,550799.4,261939.8,302691.4,280707.3,261810.0,313847.9,310384.2,250492.3,258402.7,287236.7,204449.9
4328,63820,49.8429,9.1636,Bayern,BY,Landkreis Miltenberg,9676.0,"(49.8429, 9.1636)",95482.2,273894.2,445264.0,63602.0,290412.8,572719.9,280893.9,298319.5,299661.4,280764.1,332802.0,306012.3,269446.4,280323.1,306190.8,226370.4
4329,63825,50.08045,9.246775,Bayern,BY,Landkreis Aschaffenburg,9671.0,"(50.08045, 9.246775)",99042.1,255305.6,398162.9,46779.9,293972.6,525618.8,283775.5,301879.3,302543.1,283645.7,335683.6,309572.2,272328.0,233222.0,309072.4,179269.3
4330,63826,50.1233,9.1966,Bayern,BY,Landkreis Aschaffenburg,9671.0,"(50.1233, 9.1966)",105718.0,250653.7,393510.9,48910.1,300648.6,520966.9,284524.4,308555.3,295137.1,273424.2,328277.7,316248.1,273076.9,228570.1,272611.2,174617.4
4331,63828,50.1167,9.2667,Bayern,BY,Landkreis Aschaffenburg,9671.0,"(50.1167, 9.2667)",105122.5,253809.5,396666.8,52066.0,300053.0,524122.7,289855.9,307959.7,298293.0,276580.1,331433.5,315652.6,278408.4,231725.9,275767.0,177773.2
4332,63829,50.0832,9.2061,Bayern,BY,Landkreis Aschaffenburg,9671.0,"(50.0832, 9.2061)",100056.5,254125.3,398443.6,43833.2,294987.0,525899.5,284789.9,302893.7,303557.5,284660.1,336698.0,310586.6,273342.4,233502.7,276082.8,179550.0
4333,63831,50.1167,9.3667,Bayern,BY,Landkreis Aschaffenburg,9671.0,"(50.1167, 9.3667)",100297.5,265680.2,395566.6,63936.6,295228.1,523022.5,290951.8,303134.8,310163.6,288450.7,343304.2,310827.7,279504.3,230625.7,287637.7,176673.0
4334,63834,49.9115,9.1532,Bayern,BY,Landkreis Miltenberg,9676.0,"(49.9115, 9.1532)",102854.2,268909.0,440278.8,58616.9,297784.8,567734.7,275908.7,305691.5,294676.2,275778.9,327816.8,313384.3,264461.2,275337.9,301205.6,221385.2
4335,63839,49.8746,9.1693,Bayern,BY,Landkreis Miltenberg,9676.0,"(49.8746, 9.1693)",97875.0,270023.6,441393.4,59731.4,292805.6,568849.3,277023.3,300712.2,295790.8,276893.5,328931.4,308405.1,265575.8,276452.5,302320.1,222499.8
4336,63840,49.8697,9.2103,Bayern,BY,Landkreis Miltenberg,9676.0,"(49.8697, 9.2103)",96790.4,278923.0,450292.9,68630.9,291721.0,577748.8,285922.8,299627.7,304690.3,285793.0,337830.8,307320.5,274475.3,285352.0,311219.6,231399.3
4337,63843,49.9122,9.1369,Bayern,BY,Landkreis Miltenberg,9676.0,"(49.9122, 9.1369)",112745.3,264175.5,435545.4,53883.4,307675.9,563001.3,271175.3,315582.6,289942.8,271045.5,323083.4,323275.4,259727.8,270604.5,296472.1,216651.8
4338,63846,50.0167,9.3,Bayern,BY,Landkreis Aschaffenburg,9671.0,"(50.0167, 9.3)",93193.7,272317.0,435289.2,62024.8,288124.2,562745.2,277912.1,296030.9,296679.7,277782.3,329820.2,303723.8,266464.6,278745.9,303209.0,224793.2
4339,63849,49.9014,9.2217,Bayern,BY,Landkreis Miltenberg,9676.0,"(49.9014, 9.2217)",92901.3,274075.3,434996.9,63783.2,287831.9,562452.8,281075.0,295738.6,299842.6,280945.2,332983.1,303431.4,269627.5,280504.2,306371.9,226551.5
4340,63853,49.8597,9.0833,Bayern,BY,Landkreis Miltenberg,9676.0,"(49.8597, 9.0833)",116783.4,268213.7,439583.5,57921.5,311714.0,567039.4,238463.0,319620.7,293980.9,275083.6,327121.5,327313.5,263765.9,274642.6,300510.2,220689.9
4341,63856,49.9694,9.2686,Bayern,BY,Landkreis Aschaffenburg,9671.0,"(49.9694, 9.2686)",86611.9,271796.8,428707.5,61504.7,281542.5,556163.4,277392.0,289449.2,296159.5,277262.1,329300.0,297142.0,265944.5,278225.7,302688.8,224273.0
4342,63857,49.9753,9.3019,Bayern,BY,Landkreis Aschaffenburg,9671.0,"(49.9753, 9.3019)",86475.0,273396.0,428570.5,63103.9,281405.5,556026.5,278991.1,289312.2,297758.7,278861.3,330899.2,297005.1,267543.7,279824.9,304288.0,225872.2
4343,63860,49.9653,9.3939,Bayern,BY,Landkreis Aschaffenburg,9671.0,"(49.9653, 9.3939)",79459.8,285830.2,370186.3,75538.0,274390.4,497642.2,291425.3,282297.0,310192.9,291295.5,343333.4,289989.9,279977.8,292259.1,316722.2,238306.4
4344,63863,49.8189,9.2592,Bayern,BY,Landkreis Miltenberg,9676.0,"(49.8189, 9.2592)",88548.1,281833.9,430643.7,71541.8,283478.7,558099.6,288833.7,291385.3,307601.2,288703.9,340741.7,299078.2,277386.2,288262.9,314130.5,234310.2
4345,63864,50.0,9.15,Bayern,BY,Landkreis Aschaffenburg,9671.0,"(50.0, 9.15)",95273.7,266130.5,437500.3,55838.4,290204.3,564956.2,271725.7,298110.9,290493.2,271595.8,323633.7,305803.8,260278.2,272559.4,297022.5,218606.7
