,zipcode,lat,long,state,state_code,community_name,community_code,coor,AKB Kitzingen,AKB Dortmund,AKB Zörbig,AKB Schöneck,AKB Buch,Mosolf Etzin,Mosolf Kippenheim,BLG Kelheim,BLG Duisburg,BLG Neuss,Carservice Erkens,ARS Altmann Wolnzach,CAT Zülpich,Autohaus Siebrecht,Neu: FleetParQ Essen ,Neu: FleetParQ Kassel
5658,78355,47.885,9.1082,Baden-Württemberg,BW,Konstanz,8335.0,"(47.885, 9.1082)",288549.9,568094.0,590027.5,379959.3,108301.1,717483.4,159503.4,297170.8,572249.4,553352.0,592239.1,260822.3,514821.5,552550.9,578778.7,498598.2
5659,78357,47.9167,9.0167,Baden-Württemberg,BW,Konstanz,8335.0,"(47.9167, 9.0167)",301516.7,545675.3,591855.2,357540.6,118406.7,719311.1,157373.4,298998.5,549830.7,530933.3,569820.4,262650.0,492402.7,548284.9,556360.0,494332.1
5660,78359,47.8427,8.9591,Baden-Württemberg,BW,Konstanz,8335.0,"(47.8427, 8.9591)",313726.9,557885.5,649384.2,369750.8,166891.5,776840.1,149294.8,347987.1,562040.9,543143.5,582030.6,301902.5,504612.9,560495.1,568570.2,506542.3
5661,78462,47.6613,9.1752,Baden-Württemberg,BW,Konstanz,8335.0,"(47.6613, 9.1752)",331027.2,575185.7,666684.4,387051.0,174281.5,794140.3,166595.1,355377.2,579341.1,560443.8,599330.8,309292.5,521913.2,577795.3,585870.4,523842.6
5662,78464,47.6723,9.1834,Baden-Württemberg,BW,Konstanz,8335.0,"(47.6723, 9.1834)",331015.1,575173.6,666672.3,387038.9,175702.0,794128.2,166583.0,356797.7,579329.0,560431.7,599318.7,310713.0,521901.1,577783.2,585858.4,523830.5
5663,78465,47.6667,9.1833,Baden-Württemberg,BW,Konstanz,8335.0,"(47.6667, 9.1833)",330721.3,574879.9,666378.6,386745.2,175201.3,793834.5,166289.2,356297.0,579035.3,560137.9,599025.0,310212.3,521607.3,577489.5,585564.6,523536.7
5664,78467,47.6744,9.1649,Baden-Württemberg,BW,Konstanz,8335.0,"(47.6744, 9.1649)",328986.1,573144.6,664643.3,385009.9,175590.1,792099.2,164554.0,356685.7,577300.0,558402.7,597289.7,310601.1,519872.1,575754.2,583829.3,521801.5
5665,78476,47.7154,9.0714,Baden-Württemberg,BW,Konstanz,8335.0,"(47.7154, 9.0714)",320602.7,564761.3,656260.0,376626.6,184222.7,783715.9,156170.6,365318.4,568916.7,550019.3,588906.4,319233.8,511488.8,567370.9,575446.0,513418.2
5666,78479,47.6889,9.0635,Baden-Württemberg,BW,Konstanz,8335.0,"(47.6889, 9.0635)",329549.0,573707.5,665206.2,385572.8,193169.0,792662.1,165116.9,374264.6,577862.9,558965.6,597852.6,328180.0,520435.0,576317.1,584392.2,522364.4
5667,78532,47.9846,8.8177,Baden-Württemberg,BW,Landkreis Tuttlingen,8327.0,"(47.9846, 8.8177)",281766.1,525924.7,617423.4,337790.0,128406.4,744879.3,112279.1,308998.2,530080.1,511182.7,550069.8,272649.7,472652.2,528534.3,536609.4,474581.6
5668,78549,48.0748,8.7351,Baden-Württemberg,BW,Landkreis Tuttlingen,8327.0,"(48.0748, 8.7351)",266017.2,510175.8,601674.4,322041.1,141553.9,729130.4,96151.0,366459.2,514331.2,495433.8,534320.9,330110.7,456903.2,512785.3,520860.5,458832.6
5669,78554,48.1,8.7,Baden-Württemberg,BW,Landkreis Tuttlingen,8327.0,"(48.1, 8.7)",263535.2,507693.8,599192.4,319559.1,223336.8,726648.4,93669.0,363977.2,511849.1,492951.8,531838.9,327628.7,454421.2,510303.3,518378.5,456350.6
5670,78559,48.1343,8.7543,Baden-Württemberg,BW,Landkreis Tuttlingen,8327.0,"(48.1343, 8.7543)",267726.6,511885.1,603383.8,323750.4,142212.9,730839.7,97860.4,339865.7,516040.5,497143.2,536030.3,303517.2,458612.6,514494.7,522569.9,460542.0
5671,78564,48.1393,8.82075,Baden-Württemberg,BW,Landkreis Tuttlingen,8327.0,"(48.1393, 8.82075)",272820.4,516979.0,608477.7,328844.3,135975.4,735933.6,102954.2,338888.5,521134.4,502237.0,541124.1,302540.1,463706.5,519588.6,527663.7,465635.9
5672,78567,48.0196,8.9232,Baden-Württemberg,BW,Landkreis Tuttlingen,8327.0,"(48.0196, 8.9232)",294057.2,538215.7,629714.4,350081.0,123968.2,757170.3,124570.1,304560.0,542371.1,523473.8,562360.8,268211.6,484943.2,540825.3,548900.4,486872.6
5673,78570,48.0312,8.8836,Baden-Württemberg,BW,Landkreis Tuttlingen,8327.0,"(48.0312, 8.8836)",289881.1,534039.6,625538.3,345904.9,127610.2,752994.2,120394.0,308202.0,538195.0,519297.7,558184.7,271853.5,480767.1,536649.2,544724.4,482696.5
5674,78573,48.0,8.7833,Baden-Württemberg,BW,Landkreis Tuttlingen,8327.0,"(48.0, 8.7833)",279129.4,523287.9,614786.6,335153.2,131365.2,742242.5,109642.3,311957.0,527443.3,508546.0,547433.0,275608.5,470015.4,525897.5,533972.7,471944.8
5675,78576,47.9333,8.8833,Baden-Württemberg,BW,Landkreis Tuttlingen,8327.0,"(47.9333, 8.8833)",298595.5,542754.0,634252.7,354619.3,123130.9,761708.6,135535.1,303722.7,546909.4,528012.1,566899.1,267374.2,489481.5,545363.6,553438.8,491410.9
5676,78579,47.9726,8.9276,Baden-Württemberg,BW,Landkreis Tuttlingen,8327.0,"(47.9726, 8.9276)",293928.7,538087.2,591058.8,349952.5,117610.3,718514.7,142275.6,298202.1,542242.6,523345.3,562232.3,261853.6,484814.7,540696.8,548771.9,486744.1
5677,78580,48.0667,8.9333,Baden-Württemberg,BW,Landkreis Tuttlingen,8327.0,"(48.0667, 8.9333)",272077.4,516236.0,607734.7,328101.3,125838.3,735190.6,120290.8,306430.1,520391.4,501494.0,540381.1,270081.7,462963.4,518845.6,526920.7,464892.8
5678,78582,48.0667,8.7667,Baden-Württemberg,BW,Landkreis Tuttlingen,8327.0,"(48.0667, 8.7667)",268520.3,512678.9,604177.5,324544.2,139346.4,731633.5,98654.1,368962.3,516834.3,497936.9,536824.0,332613.8,459406.3,515288.4,523363.6,461335.7
5679,78583,48.1,8.8,Baden-Württemberg,BW,Landkreis Tuttlingen,8327.0,"(48.1, 8.8)",273325.8,517484.4,608983.0,329349.7,137109.3,736439.0,103459.6,343274.0,521639.8,502742.4,541629.5,306925.5,464211.8,520093.9,528169.1,466141.2
5680,78585,48.1167,8.8333,Baden-Württemberg,BW,Landkreis Tuttlingen,8327.0,"(48.1167, 8.8333)",274163.1,518321.7,609820.4,330187.0,133983.3,737276.3,104296.9,314056.0,522477.1,503579.7,542466.8,277707.5,465049.1,520931.3,529006.4,466978.5
5681,78586,48.1741,8.7853,Baden-Württemberg,BW,Landkreis Tuttlingen,8327.0,"(48.1741, 8.7853)",267074.3,511232.8,602731.5,323098.1,135489.7,730187.4,97208.1,333142.4,515388.2,496490.9,535377.9,296793.9,457960.3,513842.4,521917.6,459889.7
5682,78588,48.1111,8.7382,Baden-Württemberg,BW,Landkreis Tuttlingen,8327.0,"(48.1111, 8.7382)",265222.1,509380.6,600879.3,321245.9,144254.3,728335.2,95355.8,365664.0,513536.0,494638.7,533525.7,329315.6,456108.1,511990.2,520065.3,458037.5
5683,78589,48.0562,8.7934,Baden-Württemberg,BW,Landkreis Tuttlingen,8327.0,"(48.0562, 8.7934)",270863.5,515022.1,606520.7,326887.4,138752.2,733976.7,100997.3,371305.5,519177.5,500280.1,539167.2,334957.0,461749.5,517631.6,525706.8,463678.9
5684,78591,48.0397,8.6749,Baden-Württemberg,BW,Landkreis Tuttlingen,8327.0,"(48.0397, 8.6749)",270117.0,514275.6,605774.3,326140.9,142609.5,733230.2,100630.0,370559.0,518431.0,499533.6,538420.7,334210.5,461003.0,516885.2,524960.3,462932.5
5685,78592,48.1172,8.8564,Baden-Württemberg,BW,Landkreis Tuttlingen,8327.0,"(48.1172, 8.8564)",276991.0,521149.6,612648.3,333014.9,130181.9,740104.2,107124.8,310254.5,525305.0,506407.6,545294.7,273906.0,467877.0,523759.2,531834.3,469806.4
5686,78594,48.05,8.7,Baden-Württemberg,BW,Landkreis Tuttlingen,8327.0,"(48.05, 8.7)",272744.1,516902.7,608401.4,328768.0,141458.0,735857.3,103257.1,373186.1,521058.1,502160.7,541047.8,336837.6,463630.2,519512.3,527587.4,465559.6
5687,78595,48.0537,8.7247,Baden-Württemberg,BW,Landkreis Tuttlingen,8327.0,"(48.0537, 8.7247)",274672.6,518831.1,610329.8,330696.4,142969.6,737785.7,105185.5,375114.6,522986.5,504089.2,542976.2,338766.1,465558.6,521440.7,529515.8,467488.0
5688,78597,48.0667,8.9667,Baden-Württemberg,BW,Landkreis Tuttlingen,8327.0,"(48.0667, 8.9667)",275633.2,519791.8,611290.5,331657.1,122153.0,738746.4,124904.2,300358.5,523947.2,505049.8,543936.9,264010.1,466519.3,522401.4,530476.5,468448.7
5689,78598,48.1,8.8667,Baden-Württemberg,BW,Landkreis Tuttlingen,8327.0,"(48.1, 8.8667)",280455.6,524614.1,616112.8,336479.4,133530.8,743568.7,110589.3,313603.4,528769.5,509872.2,548759.2,277255.0,471341.6,527223.7,535298.8,473271.0
5690,78600,48.0523,8.8896,Baden-Württemberg,BW,Landkreis Tuttlingen,8327.0,"(48.0523, 8.8896)",274453.3,518611.9,610110.6,330477.2,132018.6,737566.5,117341.5,312610.4,522767.3,503869.9,542757.0,276261.9,465339.3,521221.5,529296.6,467268.7
5691,78601,48.0748,8.8351,Baden-Württemberg,BW,Landkreis Tuttlingen,8327.0,"(48.0748, 8.8351)",278107.0,522265.6,613764.3,334130.9,135990.0,741220.2,108240.8,316581.8,526421.0,507523.6,546410.7,280233.3,468993.1,524875.2,532950.3,470922.5
5692,78603,48.0833,8.9,Baden-Württemberg,BW,Landkreis Tuttlingen,8327.0,"(48.0833, 8.9)",284026.9,528185.4,619684.1,340050.7,136068.1,747140.0,114160.6,317174.7,532340.8,513443.5,552330.5,280826.3,474912.9,530795.0,538870.1,476842.3
5693,78604,48.0167,8.7667,Baden-Württemberg,BW,Landkreis Tuttlingen,8327.0,"(48.0167, 8.7667)",281337.4,525495.9,616994.6,337361.2,134003.5,744450.5,111850.3,314595.3,529651.3,510754.0,549641.0,278246.8,472223.4,528105.5,536180.7,474152.8
5694,78606,48.0167,8.7167,Baden-Württemberg,BW,Landkreis Tuttlingen,8327.0,"(48.0167, 8.7167)",274479.9,518638.5,610137.1,330503.8,138392.1,737593.1,104992.9,374921.9,522793.9,503896.5,542783.6,338573.4,465365.9,521248.0,529323.2,467295.3
5695,78607,48.0167,8.6667,Baden-Württemberg,BW,Landkreis Tuttlingen,8327.0,"(48.0167, 8.6667)",269510.5,513669.1,605167.8,325534.4,141479.4,732623.7,100023.5,369952.5,517824.5,498927.1,537814.2,333604.0,460396.6,516278.7,524353.8,462326.0
5696,78609,48.0333,8.6,Baden-Württemberg,BW,Schwarzwald-Baar-Kreis,8326.0,"(48.0333, 8.6)",266260.3,510418.8,601917.5,322284.1,226061.8,729373.4,96773.2,366702.2,514574.2,495676.9,534563.9,330353.8,457146.3,513028.4,521103.5,459075.7
5697,78628,48.1678,8.6272,Baden-Württemberg,BW,Rottweil,8325.0,"(48.1678, 8.6272)",252534.1,496692.6,588191.3,308557.9,212335.7,715647.2,82667.9,352976.1,500848.0,481950.7,520837.8,316627.6,443420.1,499302.2,507377.4,445349.5
5698,78647,48.0767,8.6441,Baden-Württemberg,BW,Landkreis Tuttlingen,8327.0,"(48.0767, 8.6441)",262565.9,506724.5,598223.1,318589.8,222367.5,725679.1,93078.9,363007.9,510879.9,491982.5,530869.6,326659.4,453451.9,509334.0,517409.2,455381.3
5699,78652,48.1123,8.6074,Baden-Württemberg,BW,Rottweil,8325.0,"(48.1123, 8.6074)",260104.0,504262.5,595761.2,316127.8,219905.5,723217.1,90616.9,360545.9,508417.9,489520.6,528407.6,324197.5,450990.0,506872.1,514947.2,452919.4
5700,78655,48.2124,8.5062,Baden-Württemberg,BW,Rottweil,8325.0,"(48.2124, 8.5062)",254556.6,498715.2,590213.9,310580.5,214358.2,717669.8,69260.1,354998.6,502870.6,483973.2,522860.3,318650.1,445442.6,501324.8,509399.9,447372.0
5701,78658,48.1666,8.5944,Baden-Württemberg,BW,Rottweil,8325.0,"(48.1666, 8.5944)",249456.4,493614.9,585113.6,305480.3,209258.0,712569.6,79044.0,349898.4,497770.3,478873.0,517760.1,313549.9,440342.4,496224.5,504299.7,442271.8
5702,78661,48.2048,8.6486,Baden-Württemberg,BW,Rottweil,8325.0,"(48.2048, 8.6486)",244469.2,488627.7,580126.4,300493.0,204270.7,707582.3,86311.9,344911.1,492783.1,473885.8,512772.8,308562.7,435355.2,491237.3,499312.4,437284.6
5703,78662,48.2333,8.55,Baden-Württemberg,BW,Rottweil,8325.0,"(48.2333, 8.55)",244192.3,488350.9,579849.6,300216.2,203993.9,707305.5,74249.3,344634.3,492506.3,473608.9,512496.0,308285.9,435078.4,490960.5,499035.6,437007.8
5704,78664,48.25,8.4667,Baden-Württemberg,BW,Rottweil,8325.0,"(48.25, 8.4667)",252379.9,496538.4,588037.1,308403.7,212181.4,715493.0,66476.5,352821.8,500693.8,481796.5,520683.5,316473.4,443265.9,499148.0,507223.1,445195.3
5705,78665,48.1271,8.7077,Baden-Württemberg,BW,Landkreis Tuttlingen,8327.0,"(48.1271, 8.7077)",261664.9,505823.5,597322.1,317688.8,140722.8,724778.1,91798.7,362106.9,509978.9,491081.5,529968.6,325758.4,452550.9,508433.0,516508.2,454480.3
5706,78667,48.2,8.5833,Baden-Württemberg,BW,Rottweil,8325.0,"(48.2, 8.5833)",251601.9,495760.5,587259.2,307625.8,211403.5,714715.1,76891.2,352043.9,499915.9,481018.5,519905.6,315695.4,442488.0,498370.1,506445.2,444417.4
5707,78669,48.1474,8.7037,Baden-Württemberg,BW,Rottweil,8325.0,"(48.1474, 8.7037)",261024.4,505182.9,596681.6,317048.2,138116.6,724137.5,91158.1,335769.3,509338.3,490441.0,529328.0,299420.8,451910.4,507792.5,515867.6,453839.8
5708,78713,48.224,8.3858,Baden-Württemberg,BW,Rottweil,8325.0,"(48.224, 8.3858)",264712.1,487745.0,600369.3,299610.3,224513.7,727825.2,59543.2,365154.1,491900.4,473003.1,511890.1,328805.6,434472.5,507368.1,498429.7,453415.4
5709,78727,48.3005,8.5738,Baden-Württemberg,BW,Rottweil,8325.0,"(48.3005, 8.5738)",237052.3,481210.8,572709.5,293076.1,196853.9,700165.4,76278.6,337494.3,485366.2,466468.9,505356.0,301145.8,427938.3,483820.4,491895.6,429867.7
5710,78730,48.2333,8.35,Baden-Württemberg,BW,Rottweil,8325.0,"(48.2333, 8.35)",269601.8,481973.0,605259.0,293838.3,229403.4,732714.9,53771.1,370043.8,486128.4,467231.0,506118.1,333695.3,428700.5,501596.1,492657.7,447643.4
5711,78733,48.2672,8.4023,Baden-Württemberg,BW,Rottweil,8325.0,"(48.2672, 8.4023)",253900.1,486781.6,589557.3,298646.9,213701.6,717013.2,58579.7,354342.0,490937.0,472039.6,510926.7,317993.6,433509.0,500668.2,497466.3,446715.5
5712,78736,48.25,8.6,Baden-Württemberg,BW,Rottweil,8325.0,"(48.25, 8.6)",238668.4,482827.0,574325.7,294692.3,198470.0,701781.6,80449.3,339110.4,486982.4,468085.0,506972.1,302762.0,429554.5,485436.6,493511.7,431483.9
5713,78737,48.2917,8.4917,Baden-Württemberg,BW,Rottweil,8325.0,"(48.2917, 8.4917)",246848.5,491007.1,582505.7,302872.4,206650.1,709961.7,68663.2,347290.5,495162.5,476265.1,515152.2,310942.0,437734.5,493616.6,501691.8,439663.9
5714,78739,48.1833,8.4167,Baden-Württemberg,BW,Rottweil,8325.0,"(48.1833, 8.4167)",262000.5,506159.0,597657.7,318024.3,221802.0,725113.6,66009.6,362442.4,510314.4,491417.1,530304.1,326094.0,452886.5,508768.6,516843.7,454815.9
5715,79098,47.9942,7.847,Baden-Württemberg,BW,Freiburg im Breisgau,8311.0,"(47.9942, 7.847)",335157.1,489970.1,670587.2,301835.4,266164.0,798043.1,42814.6,483114.3,494125.5,475228.1,514115.2,425174.3,436697.5,509593.2,500654.8,455640.5
5716,79100,47.9809,7.8327,Baden-Württemberg,BW,Freiburg im Breisgau,8311.0,"(47.9809, 7.8327)",335668.2,490481.2,671098.3,302346.5,267538.9,798554.2,43325.8,483625.4,494636.6,475739.2,514626.3,425685.4,437208.7,510104.3,501165.9,456151.6
5717,79102,48.0,7.85,Baden-Württemberg,BW,Freiburg im Breisgau,8311.0,"(48.0, 7.85)",333097.5,487910.4,668527.5,299775.7,266754.2,795983.5,40755.0,481054.7,492065.8,473168.5,512055.5,423114.6,434637.9,507533.6,498595.2,453580.8
5718,79104,48.0098,7.8545,Baden-Württemberg,BW,Freiburg im Breisgau,8311.0,"(48.0098, 7.8545)",331650.6,486463.5,667080.7,298328.9,317375.8,794536.6,39308.1,479607.8,490618.9,471721.6,510608.7,421667.7,433191.0,506086.7,497148.3,452134.0
5719,79106,48.0,7.85,Baden-Württemberg,BW,Freiburg im Breisgau,8311.0,"(48.0, 7.85)",333097.5,487910.4,668527.5,299775.7,266754.2,795983.5,40755.0,481054.7,492065.8,473168.5,512055.5,423114.6,434637.9,507533.6,498595.2,453580.8
5720,79108,48.0339,7.8418,Baden-Württemberg,BW,Freiburg im Breisgau,8311.0,"(48.0339, 7.8418)",330216.8,485029.7,665646.8,296895.0,315942.0,793102.7,37874.3,478174.0,489185.1,470287.8,509174.8,420233.9,431757.2,504652.8,495714.4,450700.1
5721,79110,48.0207,7.8167,Baden-Württemberg,BW,Freiburg im Breisgau,8311.0,"(48.0207, 7.8167)",330148.8,484961.8,665578.9,296827.1,315874.0,793034.8,37806.3,478106.0,489117.2,470219.8,509106.9,420166.0,431689.2,504584.9,495646.5,450632.2
5722,79111,47.9809,7.7957,Baden-Württemberg,BW,Freiburg im Breisgau,8311.0,"(47.9809, 7.7957)",333900.9,488713.8,669330.9,300579.1,319626.1,796786.8,41558.4,481858.1,492869.2,473971.9,512858.9,423918.0,435441.3,508336.9,499398.5,454384.2
5723,79112,48.0,7.85,Baden-Württemberg,BW,Freiburg im Breisgau,8311.0,"(48.0, 7.85)",333097.5,487910.4,668527.5,299775.7,266754.2,795983.5,40755.0,481054.7,492065.8,473168.5,512055.5,423114.6,434637.9,507533.6,498595.2,453580.8
5724,79114,48.0018,7.818,Baden-Württemberg,BW,Freiburg im Breisgau,8311.0,"(48.0018, 7.818)",332491.2,487304.1,667921.2,299169.4,318216.4,795377.1,40148.7,480448.4,491459.5,472562.2,511449.2,422508.3,434031.6,506927.2,497988.8,452974.5
5725,79115,47.9793,7.822,Baden-Württemberg,BW,Freiburg im Breisgau,8311.0,"(47.9793, 7.822)",335633.9,490446.8,671063.9,302312.1,321359.1,798519.8,43291.4,483591.1,494602.2,475704.9,514591.9,425651.0,437174.3,510069.9,501131.5,456117.2
5726,79117,47.9874,7.8945,Baden-Württemberg,BW,Freiburg im Breisgau,8311.0,"(47.9874, 7.8945)",338734.8,493547.7,674164.8,305413.0,262602.8,801620.8,46392.3,486692.0,497703.1,478805.8,517692.8,401978.1,440275.2,513170.9,504232.5,459218.1
5727,79183,48.0959,7.9637,Baden-Württemberg,BW,Emmendingen,8316.0,"(48.0959, 7.9637)",338455.9,493268.8,673885.9,305134.1,324181.1,801341.8,46113.4,486413.1,497424.2,478526.9,517413.9,428473.0,439996.3,512891.9,503953.5,458939.2
5728,79189,47.9167,7.7,Baden-Württemberg,BW,Landkreis Breisgau-Hochschwarzwald,8315.0,"(47.9167, 7.7)",346169.1,500982.0,681599.1,312847.3,331894.3,809055.0,53826.6,494126.3,505137.4,486240.1,525127.1,436186.2,447709.5,520605.1,511666.7,466652.4
5729,79194,48.04625,7.88285,Baden-Württemberg,BW,Landkreis Breisgau-Hochschwarzwald,8315.0,"(48.04625, 7.88285)",330513.9,485326.8,665943.9,297192.1,316239.1,793399.9,38171.4,478471.1,489482.2,470584.9,509472.0,420531.0,432054.3,504950.0,496011.6,450997.3
5730,79199,47.9667,7.95,Baden-Württemberg,BW,Landkreis Breisgau-Hochschwarzwald,8315.0,"(47.9667, 7.95)",344370.0,499182.9,679800.0,311048.2,259227.3,807255.9,52027.5,434951.1,503338.3,484440.9,523328.0,398602.6,445910.4,518806.0,509867.6,464853.3
5731,79206,48.0328,7.5829,Baden-Württemberg,BW,Landkreis Breisgau-Hochschwarzwald,8315.0,"(48.0328, 7.5829)",337008.3,491821.3,672438.4,303686.6,322733.5,799894.3,44665.8,484965.5,495976.7,477079.3,515966.4,427025.5,438548.7,511444.4,502506.0,457491.7
5732,79211,48.0667,7.8833,Baden-Württemberg,BW,Emmendingen,8316.0,"(48.0667, 7.8833)",331714.4,486527.3,667144.4,298392.6,317439.6,794600.3,39371.9,479671.6,490682.7,471785.4,510672.4,421731.5,433254.8,506150.4,497212.0,452197.7
5733,79215,48.18625,8.0516,Baden-Württemberg,BW,Emmendingen,8316.0,"(48.18625, 8.0516)",316634.3,471447.2,652064.3,283312.5,261004.8,779520.3,32678.5,401645.2,475602.6,456705.3,495592.3,365296.8,418174.7,491070.4,482132.0,437117.6
5734,79219,47.8823,7.7282,Baden-Württemberg,BW,Landkreis Breisgau-Hochschwarzwald,8315.0,"(47.8823, 7.7282)",350959.7,505772.7,686389.8,317638.0,336684.9,813845.7,58617.2,498916.9,509928.1,491030.7,529917.8,440976.9,452500.1,525395.8,516457.4,471443.1
5735,79224,48.0333,7.7667,Baden-Württemberg,BW,Landkreis Breisgau-Hochschwarzwald,8315.0,"(48.0333, 7.7667)",330516.2,485329.1,665946.2,297194.4,316241.4,793402.2,38173.7,478473.4,489484.5,470587.2,509474.2,420533.3,432056.6,504952.3,496013.9,450999.5
5736,79227,47.9585,7.7575,Baden-Württemberg,BW,Landkreis Breisgau-Hochschwarzwald,8315.0,"(47.9585, 7.7575)",338422.6,493235.5,673852.6,305100.8,324147.8,801308.5,46080.1,486379.8,497390.9,478493.6,517380.6,428439.7,439963.0,512858.6,503920.2,458905.9
5737,79232,48.0681,7.7788,Baden-Württemberg,BW,Landkreis Breisgau-Hochschwarzwald,8315.0,"(48.0681, 7.7788)",326856.3,481669.2,662286.3,293534.5,312581.5,789742.3,34513.8,474813.5,485824.6,466927.3,505814.4,416873.4,428396.7,501292.4,492354.0,447339.7
5738,79235,48.0833,7.6333,Baden-Württemberg,BW,Landkreis Breisgau-Hochschwarzwald,8315.0,"(48.0833, 7.6333)",330278.7,485091.6,665708.8,296957.0,316003.9,793164.7,37936.2,478235.9,489247.0,470349.7,509236.8,420295.8,431819.1,504714.8,495776.4,450762.1
5739,79238,47.9156,7.7519,Baden-Württemberg,BW,Landkreis Breisgau-Hochschwarzwald,8315.0,"(47.9156, 7.7519)",343824.9,498637.8,679254.9,310503.1,329550.1,806710.8,51482.4,491782.1,502793.2,483895.9,522782.9,433842.0,445365.3,518260.9,509322.5,464308.2
