,zipcode,lat,long,state,state_code,community_name,community_code,coor,AKB Kitzingen,AKB Dortmund,AKB Zörbig,AKB Schöneck,AKB Buch,Mosolf Etzin,Mosolf Kippenheim,BLG Kelheim,BLG Duisburg,BLG Neuss,Carservice Erkens,ARS Altmann Wolnzach,CAT Zülpich,Autohaus Siebrecht,Neu: FleetParQ Essen ,Neu: FleetParQ Kassel
1476,23966,53.892,11.4636,Mecklenburg-Vorpommern,MV,Nordwestmecklenburg,13074.0,"(53.892, 11.4636)",634539.1,462830.3,360182.1,612422.7,845654.5,238080.6,838305.6,712096.4,503628.3,527737.0,530602.4,744863.1,579941.8,395077.9,482764.3,428460.8
1477,23968,53.903020000000005,11.36998,Mecklenburg-Vorpommern,MV,Nordwestmecklenburg,13074.0,"(53.903020000000005, 11.36998)",633362.8,461654.0,368772.7,611246.4,854245.1,246671.2,837129.3,720687.0,502452.0,526560.7,529426.1,753453.7,578765.5,393901.6,481588.0,427284.5
1478,23970,53.89265,11.51705,Mecklenburg-Vorpommern,MV,Nordwestmecklenburg,13074.0,"(53.89265, 11.51705)",641153.6,469444.8,355236.4,619037.2,840708.8,233134.9,844920.1,707150.7,510242.8,534351.4,537216.9,739917.4,586556.3,401692.4,489378.7,435075.2
1479,23972,53.83876,11.48898,Mecklenburg-Vorpommern,MV,Nordwestmecklenburg,13074.0,"(53.83876, 11.48898)",635778.3,464069.5,353006.2,613661.9,838478.6,230904.7,839544.8,704920.5,504867.5,528976.2,531841.6,737687.2,581181.0,396317.1,484003.5,429700.0
1480,23974,53.96130000000001,11.54982,Mecklenburg-Vorpommern,MV,Nordwestmecklenburg,13074.0,"(53.96130000000001, 11.54982)",652643.7,480934.9,366726.5,630527.3,852198.9,244625.0,856410.2,718640.8,521732.9,545841.5,548707.0,751407.5,598046.4,413182.5,500868.8,446565.4
1481,23992,53.896166666666666,11.702,Mecklenburg-Vorpommern,MV,Nordwestmecklenburg,13074.0,"(53.896166666666666, 11.702)",649345.5,477636.7,363800.8,627229.1,849273.1,241699.2,853112.0,715715.0,518434.7,542543.3,545408.8,748481.7,594748.2,409884.3,497570.6,443267.1
1482,23996,53.80074,11.41312,Mecklenburg-Vorpommern,MV,Nordwestmecklenburg,13074.0,"(53.80074, 11.41312)",628149.3,456440.5,350331.3,606032.9,835803.6,228229.7,831915.8,702245.5,497238.5,521347.2,524212.6,735012.2,573552.0,388688.1,476374.4,422071.0
1483,23999,54.0,11.4333,Mecklenburg-Vorpommern,MV,Nordwestmecklenburg,13074.0,"(54.0, 11.4333)",655978.3,484269.5,370061.1,633861.9,855533.5,247959.6,859744.8,721975.3,525067.5,549176.1,552041.6,754742.0,601381.0,416517.0,504203.4,449899.9
1484,24103,54.3205,10.1327,Schleswig-Holstein,SH,Kreisfreie Stadt Kiel,1002.0,"(54.3205, 10.1327)",611754.0,429059.6,451583.1,589637.6,806684.6,349543.5,815520.6,805944.6,469857.7,493966.3,496831.7,838711.3,546171.1,372292.8,448993.6,405675.7
1485,24105,54.3347,10.1348,Schleswig-Holstein,SH,Kreisfreie Stadt Kiel,1002.0,"(54.3347, 10.1348)",613992.4,431298.0,453821.6,591876.0,808923.0,351729.9,817759.0,808183.1,472096.1,496204.7,499070.2,840949.8,548409.5,374531.2,451232.0,407914.1
1486,24106,54.3506,10.1205,Schleswig-Holstein,SH,Kreisfreie Stadt Kiel,1002.0,"(54.3506, 10.1205)",614426.8,431732.4,454255.9,592310.4,809357.4,354416.9,818193.3,808617.4,472530.5,496639.1,499504.5,841384.1,548843.9,374965.6,451666.4,408348.5
1487,24107,54.33583333333333,10.0553,Schleswig-Holstein,SH,Kreisfreie Stadt Kiel,1002.0,"(54.33583333333333, 10.0553)",614436.4,431742.0,454265.5,592320.0,809367.0,354792.1,818203.0,808627.0,472540.1,496648.7,499514.1,841393.7,548853.5,374975.2,451676.0,408358.1
1488,24109,54.3186,10.04215,Schleswig-Holstein,SH,Kreis Rendsburg-Eckernförde,1058.0,"(54.3186, 10.04215)",608499.4,425805.0,448328.5,586383.0,803430.0,359976.8,812266.0,802690.1,466603.1,490711.7,493577.1,835456.8,542916.5,369038.2,445739.0,402421.1
1489,24111,54.3333,10.1333,Schleswig-Holstein,SH,Kreisfreie Stadt Kiel,1002.0,"(54.3333, 10.1333)",613736.2,431041.8,453565.3,591619.8,808666.8,351473.7,817502.8,807926.9,471839.9,495948.5,498813.9,840693.6,548153.3,374275.0,450975.8,407657.9
1490,24113,54.28385,10.09135,Schleswig-Holstein,SH,Kreisfreie Stadt Kiel,1002.0,"(54.28385, 10.09135)",606068.4,423374.0,445897.5,583952.0,800999.0,353006.1,809835.0,800259.0,464172.1,488280.7,491146.1,833025.7,540485.5,366607.2,443308.0,399990.1
1491,24114,54.3157,10.1302,Schleswig-Holstein,SH,Kreisfreie Stadt Kiel,1002.0,"(54.3157, 10.1302)",611993.1,429298.7,451822.2,589876.7,806923.7,348913.4,815759.6,806183.7,470096.7,494205.4,497070.8,838950.4,546410.2,372531.9,449232.7,405914.8
1492,24116,54.3253,10.1212,Schleswig-Holstein,SH,Kreisfreie Stadt Kiel,1002.0,"(54.3253, 10.1212)",611645.0,428950.6,451474.1,589528.6,806575.6,350123.7,815411.5,805835.6,469748.7,493857.3,496722.7,838602.3,546062.1,372183.8,448884.6,405566.7
1493,24118,54.3334,10.1176,Schleswig-Holstein,SH,Kreisfreie Stadt Kiel,1002.0,"(54.3334, 10.1176)",612712.3,430017.9,452541.4,590595.9,807642.9,352702.4,816478.8,806902.9,470815.9,494924.6,497790.0,839669.6,547129.4,373251.1,449951.9,406634.0
1494,24119,54.3333,10.0833,Schleswig-Holstein,SH,Kreis Rendsburg-Eckernförde,1058.0,"(54.3333, 10.0833)",612489.0,429794.6,452318.1,590372.6,807419.6,352479.1,816255.5,806679.6,470592.7,494701.3,497566.7,839446.3,546906.1,373027.8,449728.6,406410.7
1495,24143,54.3061,10.1448,Schleswig-Holstein,SH,Kreisfreie Stadt Kiel,1002.0,"(54.3061, 10.1448)",613426.7,430732.3,453255.8,591310.3,808357.3,348957.9,817193.3,807617.4,471530.4,495639.0,498504.5,840384.1,547843.8,373965.5,450666.3,407348.4
1496,24145,54.3333,10.1333,Schleswig-Holstein,SH,Kreisfreie Stadt Kiel,1002.0,"(54.3333, 10.1333)",613736.2,431041.8,453565.3,591619.8,808666.8,351473.7,817502.8,807926.9,471839.9,495948.5,498813.9,840693.6,548153.3,374275.0,450975.8,407657.9
1497,24146,54.3333,10.1333,Schleswig-Holstein,SH,Kreisfreie Stadt Kiel,1002.0,"(54.3333, 10.1333)",613736.2,431041.8,453565.3,591619.8,808666.8,351473.7,817502.8,807926.9,471839.9,495948.5,498813.9,840693.6,548153.3,374275.0,450975.8,407657.9
1498,24147,54.32115,10.1735,Schleswig-Holstein,SH,Kreisfreie Stadt Kiel,1002.0,"(54.32115, 10.1735)",616230.8,433536.4,456059.9,594114.4,811161.4,352171.9,819997.3,810421.4,474334.4,498443.1,501308.5,843188.1,550647.9,376769.6,453470.4,410152.5
1499,24148,54.3187,10.1703,Schleswig-Holstein,SH,Kreisfreie Stadt Kiel,1002.0,"(54.3187, 10.1703)",615623.6,432929.2,455452.7,593507.2,810554.2,351564.7,819390.1,809814.2,473727.2,497835.9,500701.3,842580.9,550040.7,376162.4,452863.2,409545.3
1500,24149,54.3333,10.1333,Schleswig-Holstein,SH,Kreisfreie Stadt Kiel,1002.0,"(54.3333, 10.1333)",613736.2,431041.8,453565.3,591619.8,808666.8,351473.7,817502.8,807926.9,471839.9,495948.5,498813.9,840693.6,548153.3,374275.0,450975.8,407657.9
1501,24159,54.3973,10.1505,Schleswig-Holstein,SH,Kreisfreie Stadt Kiel,1002.0,"(54.3973, 10.1505)",619948.3,437253.9,459777.4,597831.9,814878.9,359938.4,823714.9,814139.0,478052.0,502160.6,505026.1,846905.7,554365.4,380487.1,457187.9,413870.0
1502,24161,54.4,10.1333,Schleswig-Holstein,SH,Kreis Rendsburg-Eckernförde,1058.0,"(54.4, 10.1333)",623016.1,440321.7,462845.2,600899.7,817946.7,363006.2,826782.6,817206.7,481119.8,505228.4,508093.8,849973.4,557433.2,383554.9,460255.7,416937.8
1503,24211,54.22744444444445,10.27148888888889,Schleswig-Holstein,SH,Kreis Plön,1057.0,"(54.22744444444445, 10.27148888888889)",606168.2,434459.4,461442.6,584051.8,801098.8,339341.0,809934.7,800358.8,475257.4,499366.1,502231.5,833125.5,551570.9,366707.0,454393.4,400089.9
1504,24214,54.40238571428572,9.971428571428572,Schleswig-Holstein,SH,Kreis Rendsburg-Eckernförde,1058.0,"(54.40238571428572, 9.971428571428572)",626638.4,443944.0,466467.5,604522.0,821569.0,366628.5,830405.0,820829.0,484742.1,508850.7,511716.1,853595.7,561055.5,387177.2,463878.0,420560.1
1505,24217,54.38777777777778,10.371533333333334,Schleswig-Holstein,SH,Kreis Plön,1057.0,"(54.38777777777778, 10.371533333333334)",627415.0,453726.0,482689.4,605298.6,822345.6,360587.9,831181.6,821605.6,494524.0,518632.7,521498.1,854372.3,570837.5,387953.8,473660.0,421336.7
1506,24220,54.22862,10.08454,Schleswig-Holstein,SH,Kreis Rendsburg-Eckernförde,1058.0,"(54.22862, 10.08454)",606057.6,423363.2,445886.7,583941.2,800988.2,349105.4,809824.2,800248.3,464161.3,488269.9,491135.4,833015.0,540474.7,366596.4,443297.2,399979.3
1507,24222,54.2944,10.2167,Schleswig-Holstein,SH,Kreis Plön,1057.0,"(54.2944, 10.2167)",618760.8,436066.4,458589.9,596644.4,813691.4,349613.0,822527.4,812951.5,476864.5,500973.1,503838.5,845718.2,553177.9,379299.6,456000.4,412682.5
1508,24223,54.2813,10.2491,Schleswig-Holstein,SH,Kreis Plön,1057.0,"(54.2813, 10.2491)",621463.1,438768.7,469895.3,599346.7,816393.7,347793.8,825229.7,815653.7,479566.8,503675.4,506540.8,848420.4,555880.2,382001.9,458702.7,415384.8
1509,24226,54.3667,10.2,Schleswig-Holstein,SH,Kreis Plön,1057.0,"(54.3667, 10.2)",622872.6,440178.2,462701.7,600756.2,817803.2,358403.8,826639.1,817063.2,480976.2,505084.9,507950.3,849829.9,557289.7,383411.4,460112.2,416794.3
1510,24229,54.4426,10.125333333333332,Schleswig-Holstein,SH,Kreis Rendsburg-Eckernförde,1058.0,"(54.4426, 10.125333333333332)",625618.8,442924.4,465447.9,603502.4,820549.4,365608.9,829385.4,819809.4,483722.5,507831.1,510696.5,852576.1,560035.9,386157.6,462858.4,419540.5
1511,24232,54.3261,10.2567,Schleswig-Holstein,SH,Kreis Plön,1057.0,"(54.3261, 10.2567)",622685.6,439991.2,475170.4,600569.2,817616.1,353068.9,826452.1,816876.2,480789.2,504897.8,507763.3,849642.9,557102.7,383224.3,459925.1,416607.2
1512,24235,54.40241999999999,10.26124,Schleswig-Holstein,SH,Kreis Plön,1057.0,"(54.40241999999999, 10.26124)",629550.1,446855.7,469379.2,607433.7,824480.7,365081.3,833316.7,823740.8,487653.8,511762.4,514627.9,856507.5,563967.2,390088.9,466789.7,423471.8
1513,24238,54.276375,10.427575,Schleswig-Holstein,SH,Kreis Plön,1057.0,"(54.276375, 10.427575)",624120.4,453099.1,470109.2,602004.0,819050.9,348007.7,827886.9,818311.0,493897.1,518005.7,520871.2,851077.7,570210.5,384659.1,473033.0,418042.0
1514,24239,54.3132,9.9661,Schleswig-Holstein,SH,Kreis Rendsburg-Eckernförde,1058.0,"(54.3132, 9.9661)",613675.6,430981.2,453504.7,591559.2,808606.2,365153.0,817442.1,807866.2,471779.3,495887.9,498753.3,840632.9,548092.7,374214.4,450915.2,407597.3
1515,24241,54.213883333333335,10.016666666666667,Schleswig-Holstein,SH,Kreis Rendsburg-Eckernförde,1058.0,"(54.213883333333335, 10.016666666666667)",598860.1,416165.7,438689.2,576743.7,793790.7,347185.0,802626.6,793050.7,456963.8,481072.4,483937.8,825817.4,533277.2,359398.9,436099.7,392781.8
1516,24242,54.3,9.9333,Schleswig-Holstein,SH,Kreis Rendsburg-Eckernförde,1058.0,"(54.3, 9.9333)",609167.9,426473.5,448997.1,587051.5,804098.5,365636.9,812934.5,803358.6,467271.6,491380.2,494245.7,836125.3,543585.0,369706.7,446407.5,403089.6
1517,24244,54.4167,10.05,Schleswig-Holstein,SH,Kreis Rendsburg-Eckernförde,1058.0,"(54.4167, 10.05)",624333.5,441639.1,464162.6,602217.1,819264.1,364323.6,828100.1,818524.2,482437.2,506545.8,509411.2,851290.9,558750.6,384872.3,461573.1,418255.2
1518,24245,54.219375,10.156875,Schleswig-Holstein,SH,Kreis Plön,1057.0,"(54.219375, 10.156875)",605439.4,426175.3,460713.8,583323.0,800370.0,338612.3,809206.0,799630.1,466973.4,491082.0,493947.4,832396.8,543286.8,365978.2,446109.3,399361.1
1519,24247,54.2833,10.03335,Schleswig-Holstein,SH,Kreis Rendsburg-Eckernförde,1058.0,"(54.2833, 10.03335)",605500.1,422805.7,445329.2,583383.7,800430.6,356046.3,809266.6,799690.7,463603.7,487712.3,490577.8,832457.4,539917.2,366038.8,442739.6,399421.7
1520,24248,54.35,10.1833,Schleswig-Holstein,SH,Kreis Plön,1057.0,"(54.35, 10.1833)",620096.4,437402.0,459925.5,597980.0,815027.0,355627.6,823863.0,814287.1,478200.1,502308.7,505174.2,847053.8,554513.5,380635.2,457336.0,414018.1
1521,24250,54.18575,10.177325,Schleswig-Holstein,SH,Kreis Plön,1057.0,"(54.18575, 10.177325)",599767.9,428059.0,455042.2,577651.5,794698.4,332940.7,803534.4,793958.5,468857.1,492965.7,495831.2,826725.2,545170.5,360306.6,447993.0,393689.5
1522,24251,54.4333,10.0167,Schleswig-Holstein,SH,Kreis Rendsburg-Eckernförde,1058.0,"(54.4333, 10.0167)",628701.5,446007.1,468530.6,606585.1,823632.1,368691.6,832468.1,822892.2,486805.2,510913.8,513779.2,855658.9,563118.6,389240.3,465941.1,422623.2
1523,24253,54.365375,10.309425,Schleswig-Holstein,SH,Kreis Plön,1057.0,"(54.365375, 10.309425)",626676.3,443981.9,479960.5,604559.9,821606.9,357859.0,830442.9,820867.0,484780.0,508888.6,511754.1,853633.7,561093.4,387215.1,463915.9,420598.0
1524,24254,54.2556,10.0245,Schleswig-Holstein,SH,Kreis Rendsburg-Eckernförde,1058.0,"(54.2556, 10.0245)",601115.2,418420.8,440944.3,578998.8,796045.8,351661.5,804881.7,795305.8,459218.9,483327.5,486192.9,828072.5,535532.3,361654.0,438354.8,395036.9
1525,24256,54.33493333333333,10.366966666666666,Schleswig-Holstein,SH,Kreis Plön,1057.0,"(54.33493333333333, 10.366966666666666)",622642.6,451897.8,477917.0,600526.2,817573.2,355815.4,826409.1,816833.2,492695.8,516804.5,519669.9,849599.9,569009.3,383181.4,471831.7,416564.3
1526,24257,54.3581,10.476233333333331,Schleswig-Holstein,SH,Kreis Plön,1057.0,"(54.3581, 10.476233333333331)",634313.0,463179.3,473680.6,612196.6,829243.6,351579.1,838079.5,828503.6,503977.3,528085.9,530951.4,861270.3,580290.8,394851.8,483113.2,428234.6
1527,24259,54.2745,9.8958,Schleswig-Holstein,SH,Kreis Rendsburg-Eckernförde,1058.0,"(54.2745, 9.8958)",605204.0,422509.6,445033.1,583087.6,800134.6,361672.9,808970.5,799394.6,463307.6,487416.3,490281.7,832161.3,539621.1,365742.8,442443.5,399125.7
1528,24306,54.17582,10.42466,Schleswig-Holstein,SH,Kreis Plön,1057.0,"(54.17582, 10.42466)",608052.3,436343.5,452243.4,585935.9,802982.9,330141.9,811818.8,802242.9,477141.5,501250.2,504115.6,835009.6,553455.0,368591.1,456277.5,401974.0
1529,24321,54.3162125,10.5747375,Schleswig-Holstein,SH,Kreis Plön,1057.0,"(54.3162125, 10.5747375)",634670.5,462961.7,465950.0,612554.1,829601.1,343848.4,838437.1,828861.2,503759.8,527868.4,530733.8,861627.9,580073.2,395209.3,482895.7,428592.2
1530,24326,54.1236,10.34515,Schleswig-Holstein,SH,Kreis Plön,1057.0,"(54.1236, 10.34515)",598429.4,426720.6,453703.8,576313.0,793360.0,331602.3,802196.0,792620.1,467518.7,491627.3,494492.8,825386.8,543832.1,358968.2,446654.6,392351.1
1531,24327,54.26070000000001,10.636066666666666,Schleswig-Holstein,SH,Kreis Plön,1057.0,"(54.26070000000001, 10.636066666666666)",627129.7,455420.9,458409.1,605013.3,822060.3,336307.6,830896.2,821320.3,496218.9,520327.5,523193.0,854087.0,572532.4,387668.5,475354.8,421051.4
1532,24329,54.23023333333333,10.519666666666666,Schleswig-Holstein,SH,Kreis Plön,1057.0,"(54.23023333333333, 10.519666666666666)",617239.6,445530.8,461430.7,595123.2,812170.2,339329.2,821006.2,811430.3,486328.9,510437.5,513302.9,844197.0,562642.3,377778.4,465464.8,411161.3
1533,24340,54.46036,9.82766,Schleswig-Holstein,SH,Kreis Rendsburg-Eckernförde,1058.0,"(54.46036, 9.82766)",633404.4,450710.0,473233.5,611288.0,828335.0,377639.9,837170.9,827595.0,491508.0,515616.7,518482.1,860361.7,567821.5,393943.2,470644.0,427326.1
1534,24351,54.58285,9.9263,Schleswig-Holstein,SH,Kreis Rendsburg-Eckernförde,1058.0,"(54.58285, 9.9263)",654084.0,471389.6,493913.1,631967.6,849014.6,397725.2,857850.6,848274.7,512187.7,536296.3,539161.8,881041.4,588501.1,414622.8,491323.6,448005.7
1535,24354,54.5236,9.7867,Schleswig-Holstein,SH,Kreis Rendsburg-Eckernförde,1058.0,"(54.5236, 9.7867)",648324.5,465630.1,488153.6,626208.1,843255.1,404793.4,852091.1,842515.1,506428.2,530536.8,533402.2,875281.8,582741.6,408863.3,485564.1,442246.2
1536,24357,54.47776666666667,9.694466666666663,Schleswig-Holstein,SH,Kreis Rendsburg-Eckernförde,1058.0,"(54.47776666666667, 9.694466666666663)",634785.4,452091.0,474614.5,612669.0,829715.9,391254.3,838551.9,828976.0,492889.0,516997.6,519863.1,861742.7,569202.5,395324.1,472024.9,428707.0
1537,24358,54.4222,9.705733333333333,Schleswig-Holstein,SH,Kreis Rendsburg-Eckernförde,1058.0,"(54.4222, 9.705733333333333)",629195.1,446500.7,469024.2,607078.7,824125.7,385664.0,832961.7,823385.8,487298.8,511407.4,514272.8,856152.5,563612.2,389733.9,466434.7,423116.8
1538,24360,54.5,9.8333,Schleswig-Holstein,SH,Kreis Rendsburg-Eckernförde,1058.0,"(54.5, 9.8333)",639444.8,456750.4,479273.9,617328.4,834375.4,383085.9,843211.3,833635.4,497548.4,521657.1,524522.5,866402.1,573861.9,399983.6,476684.3,433366.5
1539,24361,54.39666,9.75,Schleswig-Holstein,SH,Kreis Rendsburg-Eckernförde,1058.0,"(54.39666, 9.75)",623291.4,440597.0,463120.5,601175.0,818222.0,379760.4,827058.0,817482.1,481395.1,505503.7,508369.2,850248.8,557708.5,383830.2,460531.0,417213.1
1540,24363,54.4,9.85,Schleswig-Holstein,SH,Kreis Rendsburg-Eckernförde,1058.0,"(54.4, 9.85)",633276.5,450582.1,473105.6,611160.1,828207.1,389745.4,837043.0,827467.1,491380.1,515488.8,518354.2,860233.8,567693.6,393815.3,470516.0,427198.1
1541,24364,54.55,9.8833,Schleswig-Holstein,SH,Kreis Rendsburg-Eckernförde,1058.0,"(54.55, 9.8833)",647931.7,465237.3,487760.8,625815.3,842862.3,391572.8,851698.2,842122.3,506035.3,530144.0,533009.4,874889.0,582348.8,408470.5,485171.3,441853.4
1542,24366,54.5167,9.8833,Schleswig-Holstein,SH,Kreis Rendsburg-Eckernförde,1058.0,"(54.5167, 9.8833)",643402.5,460708.1,483231.6,621286.1,838333.1,387043.7,847169.1,837593.2,501506.2,525614.8,528480.2,870359.9,577819.6,403941.3,480642.1,437324.2
1543,24367,54.45,9.75,Schleswig-Holstein,SH,Kreis Rendsburg-Eckernförde,1058.0,"(54.45, 9.75)",634256.3,451561.9,474085.4,612139.9,829186.9,390725.2,838022.8,828446.9,492359.9,516468.6,519334.0,861213.6,568673.4,394795.1,471495.8,428178.0
1544,24369,54.5333,9.9833,Schleswig-Holstein,SH,Kreis Rendsburg-Eckernförde,1058.0,"(54.5333, 9.9833)",651318.1,468623.7,491147.2,629201.7,846248.6,394959.2,855084.6,845508.7,509421.7,533530.3,536395.8,878275.4,585735.2,411856.8,488557.6,445239.7
1545,24376,54.6689,9.9396,Schleswig-Holstein,SH,Kreis Schleswig-Flensburg,1059.0,"(54.6689, 9.9396)",664125.8,481431.4,503954.9,642009.4,859056.3,407766.9,867892.3,858316.4,522229.4,546338.0,549203.5,891083.1,598542.9,424664.5,501365.3,458047.4
1546,24392,54.63937272727273,9.796754545454544,Schleswig-Holstein,SH,Kreis Schleswig-Flensburg,1059.0,"(54.63937272727273, 9.796754545454544)",667106.4,484412.0,506935.5,644990.0,862037.0,423575.3,870872.9,861297.0,525210.1,549318.7,552184.1,894063.7,601523.5,427645.2,504346.0,461028.1
1547,24395,54.74287142857143,9.907142857142857,Schleswig-Holstein,SH,Kreis Schleswig-Flensburg,1059.0,"(54.74287142857143, 9.907142857142857)",673635.1,490940.7,513464.2,651518.7,868565.7,417276.2,877401.6,867825.7,531738.7,555847.4,558712.8,900592.4,608052.2,434173.9,510874.7,467556.8
1548,24398,54.6226,9.959975,Schleswig-Holstein,SH,Kreis Rendsburg-Eckernförde,1058.0,"(54.6226, 9.959975)",658942.0,476247.6,498771.1,636825.6,853872.6,402583.1,862708.5,853132.6,517045.7,541154.3,544019.7,885899.3,593359.1,419480.8,496181.6,452863.7
1549,24399,54.6304,9.9316,Schleswig-Holstein,SH,Kreis Schleswig-Flensburg,1059.0,"(54.6304, 9.9316)",660804.0,478109.6,500633.1,638687.6,855734.6,404445.1,864570.5,854994.6,518907.7,543016.3,545881.7,887761.3,595221.1,421342.8,498043.6,454725.7
1550,24401,54.65,9.7167,Schleswig-Holstein,SH,Kreis Schleswig-Flensburg,1059.0,"(54.65, 9.7167)",665455.8,482761.4,505284.9,643339.4,860386.4,421924.7,869222.3,859646.4,523559.4,547668.1,550533.5,892413.1,599872.9,425994.6,502695.3,459377.4
1551,24402,54.7167,9.7833,Schleswig-Holstein,SH,Kreis Schleswig-Flensburg,1059.0,"(54.7167, 9.7833)",674921.5,492227.1,514750.6,652805.1,869852.1,431390.4,878688.1,869112.2,533025.2,557133.8,559999.3,901878.9,609338.6,435460.3,512161.1,468843.2
1552,24404,54.6833,9.9833,Schleswig-Holstein,SH,Kreis Schleswig-Flensburg,1059.0,"(54.6833, 9.9833)",673703.8,491009.4,513532.9,651587.4,868634.3,417344.9,877470.3,867894.4,531807.4,555916.0,558781.5,900661.1,608120.9,434242.5,510943.3,467625.4
1553,24405,54.675,9.7417,Schleswig-Holstein,SH,Kreis Schleswig-Flensburg,1059.0,"(54.675, 9.7417)",669251.6,486557.2,509080.7,647135.2,864182.2,425720.5,873018.1,863442.2,527355.2,551463.9,554329.3,896208.9,603668.7,429790.4,506491.2,463173.3
1554,24407,54.65,9.85,Schleswig-Holstein,SH,Kreis Schleswig-Flensburg,1059.0,"(54.65, 9.85)",671603.4,488909.0,511432.5,649487.0,866534.0,428072.3,875369.9,865794.0,529707.0,553815.7,556681.1,898560.7,606020.5,432142.2,508843.0,465525.1
1555,24409,54.7,9.8833,Schleswig-Holstein,SH,Kreis Schleswig-Flensburg,1059.0,"(54.7, 9.8833)",677356.3,494661.9,517185.4,655239.9,872286.8,433825.2,881122.8,871546.9,535459.9,559568.5,562434.0,904313.6,611773.4,437895.0,514595.8,471277.9
1556,24534,54.0725,9.9828,Schleswig-Holstein,SH,Kreisfreie Stadt Neumünster,1004.0,"(54.0725, 9.9828)",581372.2,398677.8,421201.3,559255.8,776302.8,330495.4,785138.7,775562.8,439475.9,463584.5,466449.9,808329.5,515789.3,341911.0,418611.8,375293.9
1557,24536,54.10385,10.01395,Schleswig-Holstein,SH,Kreisfreie Stadt Neumünster,1004.0,"(54.10385, 10.01395)",590149.0,407454.6,429978.1,568032.6,785079.5,336035.1,793915.5,784339.6,448252.6,472361.2,475226.7,817106.3,524566.1,350687.7,427388.5,384070.6
