,zipcode,lat,long,state,state_code,community_name,community_code,coor,AKB Kitzingen,AKB Dortmund,AKB Zörbig,AKB Schöneck,AKB Buch,Mosolf Etzin,Mosolf Kippenheim,BLG Kelheim,BLG Duisburg,BLG Neuss,Carservice Erkens,ARS Altmann Wolnzach,CAT Zülpich,Autohaus Siebrecht,Neu: FleetParQ Essen ,Neu: FleetParQ Kassel
410,07429,50.616166666666665,11.2074,Thüringen,TH,Saalfeld-Rudolstadt,16073.0,"(50.616166666666665, 11.2074)",200982.6,353382.6,183961.4,296093.1,395913.2,311417.3,489535.6,281731.2,432463.7,421335.7,459437.8,289424.1,452455.4,228673.6,390034.4,186812.1
411,07545,50.8782,12.0824,Thüringen,TH,"Gera, Stadt",16052.0,"(50.8782, 12.0824)",271037.7,388835.7,122072.6,331546.2,408479.6,249528.6,541092.3,274921.5,467916.8,456788.7,494890.8,307688.2,487908.4,287296.2,425487.4,222265.2
412,07546,50.8901,12.1019,Thüringen,TH,"Gera, Stadt",16052.0,"(50.8901, 12.1019)",286495.7,392114.6,104519.4,334825.1,423937.7,231975.3,556550.4,290379.6,471195.7,460067.6,498169.7,323146.3,491187.3,266504.8,428766.3,225544.0
413,07548,50.8667,12.0833,Thüringen,TH,"Gera, Stadt",16052.0,"(50.8667, 12.0833)",270943.8,390483.0,123720.0,333193.5,408385.8,251175.9,540998.5,274827.7,469564.1,458436.0,496538.2,307594.4,489555.7,288943.5,427134.8,223912.5
414,07549,50.8408,12.0756,Thüringen,TH,"Gera, Stadt",16052.0,"(50.8408, 12.0756)",267663.7,393364.9,126601.8,336075.4,405105.7,254057.7,537718.4,271547.6,472446.0,461317.9,499420.0,304314.3,492437.6,291825.4,430016.6,226794.3
415,07551,50.8412,12.1072,Thüringen,TH,"Gera, Stadt",16052.0,"(50.8412, 12.1072)",272756.5,397412.0,109816.8,340122.5,410198.5,237272.7,542811.2,276640.4,476493.1,465365.0,503467.1,309407.1,496484.7,271802.2,434063.7,230841.4
416,07552,50.8667,12.0833,Thüringen,TH,"Gera, Stadt",16052.0,"(50.8667, 12.0833)",270943.8,390483.0,123720.0,333193.5,408385.8,251175.9,540998.5,274827.7,469564.1,458436.0,496538.2,307594.4,489555.7,288943.5,427134.8,223912.5
417,07554,50.89434285714286,12.162185714285714,Thüringen,TH,Landkreis Greiz,16076.0,"(50.89434285714286, 12.162185714285714)",289875.2,395494.0,108241.9,338204.5,427317.1,235697.8,559929.8,293759.0,474575.1,463447.0,501549.1,326525.7,494566.7,270227.3,432145.7,228923.5
418,07557,50.802414285714285,12.013757142857145,Thüringen,TH,Landkreis Greiz,16076.0,"(50.802414285714285, 12.013757142857145)",262670.6,390860.3,123836.3,333570.8,400112.6,251292.2,532725.3,266554.4,469941.4,458813.4,496915.5,299321.1,489933.0,289059.9,427512.1,224289.8
419,07570,50.76302105263158,12.01257894736842,Thüringen,TH,Landkreis Greiz,16076.0,"(50.76302105263158, 12.01257894736842)",263193.6,394247.3,127223.3,336957.8,400635.6,254679.2,533248.3,267077.5,473328.4,462200.3,500302.5,299844.2,493320.0,292446.8,430899.1,227676.8
420,07580,50.83295,12.20682,Thüringen,TH,Landkreis Greiz,16076.0,"(50.83295, 12.20682)",280639.9,402720.6,115468.5,345431.1,418081.9,242924.4,550694.6,274673.2,481801.7,470673.6,508775.7,317290.5,501793.3,277453.9,439372.3,236150.0
421,07586,50.914,11.98485,Thüringen,TH,Landkreis Greiz,16076.0,"(50.914, 11.98485)",279358.7,384977.6,100640.1,327688.1,416800.7,228096.0,549413.4,283242.6,464058.7,452930.6,491032.7,316009.3,484050.3,265863.6,421629.3,218407.0
422,07589,50.80374444444445,11.935655555555556,Thüringen,TH,Landkreis Greiz,16076.0,"(50.80374444444445, 11.935655555555556)",257473.5,381556.4,114532.3,324266.9,394915.4,241988.3,527528.1,261357.3,460637.5,449509.4,487611.5,294124.0,480629.1,279755.9,418208.1,214985.9
423,07607,50.982425,11.884425,Thüringen,TH,Saale-Holzland-Kreis,16074.0,"(50.982425, 11.884425)",277273.4,383208.1,88965.9,325918.6,414715.4,216421.8,547328.1,281157.2,462289.2,451161.1,489263.2,313923.9,482280.8,254189.5,419859.8,216637.5
424,07613,50.966616666666674,11.966783333333334,Thüringen,TH,Saale-Holzland-Kreis,16074.0,"(50.966616666666674, 11.966783333333334)",283636.3,419748.5,92687.5,332281.5,421078.3,220143.4,553691.0,287520.1,498829.6,487701.6,525803.7,320286.9,488643.7,257911.1,456400.3,253681.7
425,07616,50.95841428571429,11.772342857142858,Thüringen,TH,Saale-Holzland-Kreis,16074.0,"(50.95841428571429, 11.772342857142858)",276953.3,370501.6,99072.2,313212.1,414395.2,226528.1,539095.1,280837.1,449582.7,438454.7,476556.8,313603.8,469574.4,264295.7,407153.4,203931.1
426,07619,51.02085,11.80235,Thüringen,TH,Saale-Holzland-Kreis,16074.0,"(51.02085, 11.80235)",283420.8,389355.5,88986.1,332066.0,420862.8,216442.0,553475.5,287304.7,468436.6,457308.6,495410.7,320071.4,488428.3,254209.7,426007.3,222785.0
427,07629,50.878325,11.87955,Thüringen,TH,Saale-Holzland-Kreis,16074.0,"(50.878325, 11.87955)",263465.0,373270.5,106507.5,315981.0,400907.0,233963.4,533519.7,267348.9,452351.6,441223.6,479325.7,300115.6,472343.3,271731.1,409922.3,206700.0
428,07639,50.92176666666666,11.888533333333331,Thüringen,TH,Saale-Holzland-Kreis,16074.0,"(50.92176666666666, 11.888533333333331)",270900.3,376661.7,102481.4,319372.2,408342.3,229937.3,540955.0,274784.2,455742.8,444614.8,482716.9,307550.9,475734.5,267705.0,413313.5,210091.2
429,07646,50.846334285714285,11.755774285714285,Thüringen,TH,Saale-Holzland-Kreis,16074.0,"(50.846334285714285, 11.755774285714285)",250653.7,367147.9,110562.2,309858.4,408433.8,238018.1,535741.4,274875.7,446229.0,435101.0,473203.1,307642.4,466220.7,275785.8,403799.7,200577.4
430,07743,50.9326,11.5868,Thüringen,TH,"Jena, Stadt",16053.0,"(50.9326, 11.5868)",237457.4,353951.6,124251.1,296662.1,424197.4,251707.0,522545.0,290639.3,433032.7,421904.6,460006.7,323406.0,453024.3,229242.6,390603.3,187381.1
431,07745,50.8933,11.5847,Thüringen,TH,"Jena, Stadt",16053.0,"(50.8933, 11.5847)",235863.0,352357.2,121904.0,295067.7,421850.4,249360.0,520950.7,288292.3,431438.3,420310.3,458412.4,321059.0,451430.0,227648.2,389009.0,185786.7
432,07747,50.8899,11.6086,Thüringen,TH,"Jena, Stadt",16053.0,"(50.8899, 11.6086)",237634.7,354128.9,119505.9,296839.4,419452.2,246961.8,522722.3,285894.1,433210.0,422081.9,460184.1,318660.8,453201.6,229419.9,390780.7,187558.4
433,07749,50.943,11.6034,Thüringen,TH,"Jena, Stadt",16053.0,"(50.943, 11.6034)",238955.5,355449.7,112088.8,298160.2,425689.4,239544.7,524043.2,292131.3,434530.8,423402.8,461504.9,324898.0,454522.5,230740.7,392101.5,188879.2
434,07751,50.89573,11.61851,Thüringen,TH,Saale-Holzland-Kreis,16074.0,"(50.89573, 11.61851)",238176.1,354670.3,120047.3,297380.8,419993.6,247503.2,523263.7,286435.5,433751.4,422623.3,460725.5,319202.2,453743.0,229961.3,391322.1,188099.8
435,07768,50.79672142857142,11.56187857142857,Thüringen,TH,Saale-Holzland-Kreis,16074.0,"(50.79672142857142, 11.56187857142857)",215188.2,359485.9,130604.8,302196.4,403458.9,258060.7,528079.3,269900.8,438567.0,427438.9,465541.0,302667.5,458558.6,234776.9,396137.6,192915.4
436,07774,51.034625,11.72325,Thüringen,TH,Saale-Holzland-Kreis,16074.0,"(51.034625, 11.72325)",283810.7,367698.9,104692.7,310409.4,421252.7,232148.6,536292.3,287694.6,446780.0,435651.9,473754.1,320461.3,466771.6,269916.3,404350.7,201128.4
437,07778,50.99747142857143,11.64832857142857,Thüringen,TH,Saale-Holzland-Kreis,16074.0,"(50.99747142857143, 11.64832857142857)",242735.7,359229.9,110508.3,301940.4,427068.3,237964.2,527823.3,293510.2,438311.0,427182.9,465285.1,326276.9,458302.6,239794.2,395881.7,192659.4
438,07806,50.707975000000005,11.7369,Thüringen,TH,Saale-Orla-Kreis,16075.0,"(50.707975000000005, 11.7369)",249801.6,378468.6,130503.2,321179.1,387243.6,257959.1,519856.3,253685.5,457549.7,446421.6,484523.7,286452.2,477541.3,295726.8,415120.3,211898.1
439,07819,50.73677272727273,11.834618181818184,Thüringen,TH,Saale-Orla-Kreis,16075.0,"(50.73677272727273, 11.834618181818184)",249521.7,386763.5,119739.5,329474.0,386963.6,247195.4,519576.3,253405.5,465844.6,454716.6,492818.7,286172.2,485836.3,284963.1,423415.3,220193.0
440,07907,50.62029,11.82292,Thüringen,TH,Saale-Orla-Kreis,16075.0,"(50.62029, 11.82292)",231457.6,400531.8,133507.7,343242.3,368899.5,260963.7,501512.2,235341.4,479612.9,468484.8,506587.0,268108.1,499604.5,298731.3,437183.6,233961.3
441,07919,50.57205,11.9077,Sachsen,SN,Vogtlandkreis,14523.0,"(50.57205, 11.9077)",235174.8,414285.7,147261.7,360367.9,372616.7,274717.6,505229.4,230278.6,493366.8,482238.8,520340.9,271825.3,513358.5,312485.3,450937.5,247715.2
442,07922,50.4946,11.8572,Thüringen,TH,Saale-Orla-Kreis,16075.0,"(50.4946, 11.8572)",219171.3,418844.2,151820.2,344364.5,356613.3,279276.1,489226.0,217452.2,497925.3,486797.3,524899.4,255821.9,517917.0,317043.8,455496.0,252273.7
443,07924,50.60178333333334,11.71,Thüringen,TH,Saale-Orla-Kreis,16075.0,"(50.60178333333334, 11.71)",235047.9,413063.4,146039.4,360241.0,372489.8,273495.3,505102.5,238931.7,492144.5,481016.5,519118.6,271698.4,512136.1,311263.0,449715.2,246492.9
444,07926,50.4405,11.8593,Thüringen,TH,Saale-Orla-Kreis,16075.0,"(50.4405, 11.8593)",214268.2,425481.9,158457.8,339461.3,351710.2,285913.7,484322.9,209524.4,504562.9,493434.9,531537.0,250918.7,524554.6,323681.4,462133.6,258911.3
445,07927,50.4054,11.8183,Thüringen,TH,Saale-Orla-Kreis,16075.0,"(50.4054, 11.8183)",206537.9,426815.1,159791.1,331731.0,343979.9,287247.0,476592.6,209339.9,505896.2,494768.2,532870.3,243188.4,525887.9,325014.7,463466.9,260244.6
446,07929,50.4917,11.7,Thüringen,TH,Saale-Orla-Kreis,16075.0,"(50.4917, 11.7)",230685.8,420287.2,153263.1,355879.0,368127.8,280719.1,500740.5,229073.2,499368.3,488240.2,526342.3,267336.4,519359.9,318486.7,456938.9,253716.7
447,07937,50.64424,11.98624,Thüringen,TH,Landkreis Greiz,16076.0,"(50.64424, 11.98624)",243287.8,405582.0,138557.9,348292.5,380729.8,266013.8,513342.5,237572.8,484663.1,473535.0,511637.1,279938.4,504654.7,303781.5,442233.7,239011.4
448,07950,50.70138333333333,11.991833333333334,Thüringen,TH,Landkreis Greiz,16076.0,"(50.70138333333333, 11.991833333333334)",255304.8,399198.3,132174.2,341908.8,392746.8,259630.2,525359.5,259188.6,478279.4,467151.3,505253.5,291955.3,498271.0,297397.8,435850.1,232627.8
449,07952,50.5867,12.0445,Sachsen,SN,Vogtlandkreis,14523.0,"(50.5867, 12.0445)",246725.5,414845.4,147821.4,371918.7,384167.5,275277.3,516780.2,231140.3,493926.5,482798.5,520900.6,283376.0,513918.2,313045.0,451497.2,248274.9
450,07955,50.718050000000005,11.9066,Thüringen,TH,Landkreis Greiz,16076.0,"(50.718050000000005, 11.9066)",253920.9,392410.8,125386.7,335121.3,391362.9,252842.7,523975.6,257804.7,471491.9,460363.8,498465.9,290571.4,491483.5,290610.3,429062.5,225840.3
451,07957,50.69315,12.0887,Thüringen,TH,Landkreis Greiz,16076.0,"(50.69315, 12.0887)",254027.4,404354.1,137330.0,347064.6,391469.4,264786.0,524082.1,243317.3,483435.2,472307.1,510409.3,290678.0,503426.8,302553.6,441005.9,237783.6
452,07958,50.7113,12.0543,Thüringen,TH,Landkreis Greiz,16076.0,"(50.7113, 12.0543)",253014.7,401584.0,134560.0,344294.5,390456.6,262015.9,523069.3,247998.7,480665.1,469537.1,507639.2,289665.2,500656.8,299783.6,438235.8,235013.5
453,07973,50.6578,12.1992,Thüringen,TH,Landkreis Greiz,16076.0,"(50.6578, 12.1992)",256838.6,412222.3,145198.2,354932.8,394280.5,272654.1,526893.2,242891.6,491303.4,480175.3,518277.4,288889.6,511295.0,310421.8,448874.0,245651.7
454,07980,50.7177,12.131916666666667,Thüringen,TH,Landkreis Greiz,16076.0,"(50.7177, 12.131916666666667)",273855.8,402045.5,135021.4,344756.0,411297.7,262477.4,543910.4,254915.6,481126.6,469998.5,508100.7,310506.3,501118.2,300245.0,438697.3,235475.0
455,07985,50.60005,12.1298,Sachsen,SN,Vogtlandkreis,14523.0,"(50.60005, 12.1298)",244965.6,418450.3,151426.2,370158.8,382407.6,278882.1,515020.3,231018.6,497531.3,486403.3,524505.4,277016.7,517523.0,316649.8,455102.0,251879.7
456,07987,50.6697,12.2652,Thüringen,TH,Landkreis Greiz,16076.0,"(50.6697, 12.2652)",258013.6,432599.0,145346.9,375309.5,395455.6,272802.8,528068.3,244066.7,511680.1,500552.0,538654.2,290064.7,531671.7,307332.3,469250.8,266028.5
457,08056,50.7114,12.4928,Sachsen,SN,Zwickau,14524.0,"(50.7114, 12.4928)",267896.8,429034.4,141782.3,371744.9,405338.8,269238.2,537951.5,253949.8,508115.5,496987.4,535089.5,299947.9,528107.1,303767.7,465686.1,262463.8
458,08058,50.7439,12.4781,Sachsen,SN,Zwickau,14524.0,"(50.7439, 12.4781)",271807.3,427778.1,140526.0,370488.6,409249.3,267981.9,541862.0,257860.4,506859.2,495731.2,533833.3,303858.4,526850.9,302511.4,464429.9,261207.6
459,08060,50.7188,12.4601,Sachsen,SN,Zwickau,14524.0,"(50.7188, 12.4601)",267762.4,430296.6,143044.5,373007.1,405204.4,270500.4,537817.1,253815.4,509377.7,498249.6,536351.8,299813.5,529369.3,305029.9,466948.4,263726.1
460,08062,50.6915,12.4734,Sachsen,SN,Zwickau,14524.0,"(50.6915, 12.4734)",265161.3,431973.2,144721.1,390354.5,402603.3,272177.0,535216.0,251214.3,511054.3,499926.3,538028.4,297212.4,531046.0,306706.5,468625.0,265402.7
461,08064,50.6752,12.4709,Sachsen,SN,Zwickau,14524.0,"(50.6752, 12.4709)",262988.4,433403.8,146151.7,388181.6,400430.4,273607.6,533043.1,249041.4,512484.9,501356.8,539458.9,295039.5,532476.5,308137.1,470055.5,266833.3
462,08066,50.7319,12.5251,Sachsen,SN,Zwickau,14524.0,"(50.7319, 12.5251)",272586.8,428355.5,141103.4,371066.0,410028.8,268559.3,542641.5,258639.8,507436.6,496308.5,534410.7,304637.9,527428.2,303088.8,465007.3,261785.0
463,08107,50.61283333333333,12.513733333333334,Sachsen,SN,Zwickau,14524.0,"(50.61283333333333, 12.513733333333334)",264285.0,441973.7,154721.6,389478.2,401727.0,282177.5,534339.7,250338.0,521054.8,509926.8,548028.9,296336.1,541046.5,316707.0,478625.5,275403.2
464,08112,50.675,12.5148,Sachsen,SN,Zwickau,14524.0,"(50.675, 12.5148)",267173.8,433872.7,146620.6,392367.0,404615.8,274076.6,537228.5,253226.8,512953.8,501825.8,539927.9,299224.9,532945.5,308606.0,470524.5,267302.2
465,08115,50.6925,12.4259,Sachsen,SN,Zwickau,14524.0,"(50.6925, 12.4259)",265149.8,428150.9,140898.8,390343.0,402591.8,268354.7,535204.5,251202.8,507232.0,496103.9,534206.0,297200.9,527223.6,302884.2,464802.6,261580.3
466,08118,50.666775,12.67095,Sachsen,SN,Zwickau,14524.0,"(50.666775, 12.67095)",275477.5,443759.5,167974.8,400670.7,412919.5,295430.8,545532.2,261530.5,522840.6,511712.6,549814.7,307528.6,542832.3,339980.3,480411.3,277189.0
467,08132,50.74487142857144,12.573485714285711,Sachsen,SN,Zwickau,14524.0,"(50.74487142857144, 12.573485714285711)",278741.3,429219.5,141967.4,371930.0,416183.2,269423.3,548795.9,264794.3,508300.6,497172.5,535274.7,310792.3,528292.2,303952.8,465871.3,262649.0
468,08134,50.65287,12.59538,Sachsen,SN,Zwickau,14524.0,"(50.65287, 12.59538)",273522.9,441804.9,175065.5,398716.1,410964.9,302521.4,543577.6,259575.9,520886.0,509758.0,547860.1,305574.0,540877.7,347070.9,478456.7,275234.4
469,08141,50.6978,12.5555,Sachsen,SN,Zwickau,14524.0,"(50.6978, 12.5555)",271790.4,435580.6,172735.0,396983.5,409232.4,300190.9,541845.1,257843.4,514661.7,503533.7,541635.8,303841.5,534653.4,310313.9,472232.4,269010.1
470,08144,50.6333,12.4667,Sachsen,SN,Zwickau,14524.0,"(50.6333, 12.4667)",259307.3,436996.0,149743.9,384500.5,396749.3,277199.9,529362.0,245360.3,516077.1,504949.1,543051.2,291358.4,536068.8,311729.3,473647.8,270425.5
471,08147,50.5667,12.5083,Sachsen,SN,Zwickau,14524.0,"(50.5667, 12.5083)",262813.4,448576.1,161324.0,388006.6,400255.4,288779.9,532868.1,248866.4,527657.2,516529.1,554631.3,294864.5,547648.8,323309.4,485227.9,282005.6
472,08209,50.4924,12.4171,Sachsen,SN,Vogtlandkreis,14523.0,"(50.4924, 12.4171)",254602.3,454716.3,167464.2,379795.4,392044.3,294920.1,524657.0,240655.3,533797.4,522669.4,560771.5,286653.4,591756.2,329449.6,491368.1,288145.8
473,08223,50.45775,12.34255,Sachsen,SN,Vogtlandkreis,14523.0,"(50.45775, 12.34255)",246881.3,464594.4,197570.3,372074.4,384323.3,325026.2,516936.0,232934.3,543675.4,532547.4,570649.5,278932.4,584035.2,362793.9,501246.1,298023.8
474,08228,50.5308,12.4133,Sachsen,SN,Vogtlandkreis,14523.0,"(50.5308, 12.4133)",252695.7,449736.7,162484.6,377888.9,390137.7,289940.5,522750.4,238748.7,528817.8,517689.7,555791.9,284746.8,589849.6,324470.0,486388.5,283166.2
475,08233,50.5425,12.3034,Sachsen,SN,Vogtlandkreis,14523.0,"(50.5425, 12.3034)",242646.8,453465.1,200269.6,367839.9,380088.7,327725.5,512701.4,228699.8,532546.2,521418.2,559520.3,274697.8,579800.6,328198.4,490116.9,286894.6
476,08236,50.4837,12.3888,Sachsen,SN,Vogtlandkreis,14523.0,"(50.4837, 12.3888)",254678.4,454792.5,167540.4,379871.6,392120.4,294996.3,524733.1,240731.5,533873.6,522745.5,560847.7,286729.5,591832.3,329525.8,491444.3,288222.0
477,08237,50.5389,12.4778,Sachsen,SN,Vogtlandkreis,14523.0,"(50.5389, 12.4778)",259190.5,450713.4,163461.2,384383.7,396632.5,290917.2,529245.2,245243.5,529794.5,518666.4,556768.5,291241.6,549786.1,325446.7,487365.1,284142.8
478,08239,50.471,12.2745,Sachsen,SN,Vogtlandkreis,14523.0,"(50.471, 12.2745)",240093.7,457806.8,190782.8,365286.9,377535.7,318238.7,510148.4,226146.8,536887.9,525759.8,563862.0,272144.8,577247.6,356006.3,494458.6,291236.3
479,08248,50.3667,12.4667,Sachsen,SN,Vogtlandkreis,14523.0,"(50.3667, 12.4667)",255018.7,471837.0,204813.0,380211.8,392460.7,332268.9,525073.4,199942.8,550918.1,539790.1,577892.2,245940.9,592172.6,370036.6,508488.8,305266.5
480,08258,50.3114,12.3295,Sachsen,SN,Vogtlandkreis,14523.0,"(50.3114, 12.3295)",246780.6,462740.0,195716.0,371973.7,384222.5,323171.9,516835.2,212087.2,541821.1,530693.1,568795.2,258085.3,583934.4,360939.6,499391.8,296169.5
481,08261,50.3833,12.3167,Sachsen,SN,Vogtlandkreis,14523.0,"(50.3833, 12.3167)",242789.1,459607.4,192583.4,367982.2,380231.1,320039.3,512843.8,212183.0,538688.5,527560.5,565662.6,258181.1,579943.0,357807.0,496259.2,293036.9
482,08262,50.439800000000005,12.4899,Sachsen,SN,Vogtlandkreis,14523.0,"(50.439800000000005, 12.4899)",267715.4,467699.1,207975.0,392908.6,405157.4,335431.0,537770.1,253768.4,546780.2,535652.2,573754.3,299766.5,604869.3,342432.4,504350.9,301128.6
483,08267,50.351,12.4224,Sachsen,SN,Vogtlandkreis,14523.0,"(50.351, 12.4224)",251637.5,468455.8,201431.8,376830.6,389079.4,328887.7,521692.1,221887.2,547536.9,536408.8,574511.0,267885.3,588791.3,366655.3,505107.6,301885.3
484,08280,50.5903,12.7066,Sachsen,SN,Erzgebirgskreis,14521.0,"(50.5903, 12.7066)",290318.6,459941.9,173634.3,415511.8,427760.6,301090.2,560373.3,276371.6,539023.0,527895.0,565997.1,322369.7,559014.7,345639.7,496593.7,293371.4
485,08289,50.5947,12.6414,Sachsen,SN,Erzgebirgskreis,14521.0,"(50.5947, 12.6414)",274217.8,451906.5,175670.3,399410.9,411659.7,303126.3,544272.4,260270.8,530987.6,519859.5,557961.7,306268.8,550979.2,347675.8,488558.3,285336.0
486,08294,50.6218,12.7315,Sachsen,SN,Erzgebirgskreis,14521.0,"(50.6218, 12.7315)",287369.2,456992.5,170684.8,412562.3,424811.2,298140.8,557423.9,273422.2,536073.6,524945.5,563047.7,319420.3,556065.2,342690.3,493644.3,290422.0
487,08297,50.6303,12.81,Sachsen,SN,Erzgebirgskreis,14521.0,"(50.6303, 12.81)",291837.4,458454.9,169219.7,417030.5,429279.3,296675.6,561892.0,277890.4,537536.0,526407.9,564510.0,323888.4,557527.6,341225.1,495106.6,291884.3
488,08301,50.5981,12.6588,Sachsen,SN,Erzgebirgskreis,14521.0,"(50.5981, 12.6588)",276110.8,453519.1,176732.0,401304.0,413552.8,304188.0,546165.5,262163.8,532600.2,521472.1,559574.2,308161.9,552591.8,348737.5,490170.8,286948.5
489,08304,50.5046,12.5216,Sachsen,SN,Erzgebirgskreis,14521.0,"(50.5046, 12.5216)",262174.8,456260.0,196459.5,387367.9,399616.7,323915.4,532229.4,248227.8,535341.1,524213.0,562315.1,294225.8,599328.6,330993.3,492911.7,289689.5
490,08309,50.4943,12.5998,Sachsen,SN,Erzgebirgskreis,14521.0,"(50.4943, 12.5998)",269873.4,462495.2,191190.4,395066.6,407315.4,318646.3,539928.1,255926.4,541576.3,530448.2,568550.3,301924.5,561567.9,363195.9,499146.9,295924.6
491,08315,50.5762,12.7675,Sachsen,SN,Erzgebirgskreis,14521.0,"(50.5762, 12.7675)",295931.7,465555.0,179247.4,421124.9,433373.7,306703.3,565986.4,281984.8,544636.1,533508.1,571610.2,327982.8,564627.8,351252.9,502206.8,298984.5
