,zipcode,lat,long,state,state_code,community_name,community_code,coor,AKB Kitzingen,AKB Dortmund,AKB Zörbig,AKB Schöneck,AKB Buch,Mosolf Etzin,Mosolf Kippenheim,BLG Kelheim,BLG Duisburg,BLG Neuss,Carservice Erkens,ARS Altmann Wolnzach,CAT Zülpich,Autohaus Siebrecht,Neu: FleetParQ Essen ,Neu: FleetParQ Kassel
1558,24537,54.0893,9.9779,Schleswig-Holstein,SH,Kreisfreie Stadt Neumünster,1004.0,"(54.0893, 9.9779)",588216.5,405522.1,428045.6,566100.1,783147.1,333043.8,791983.0,782407.1,446320.1,470428.8,473294.2,815173.8,522633.6,348755.3,425456.0,382138.2
1559,24539,54.0614,9.9982,Schleswig-Holstein,SH,Kreisfreie Stadt Neumünster,1004.0,"(54.0614, 9.9982)",580979.9,398285.5,420809.0,558863.5,775910.5,328687.7,784746.4,775170.5,439083.5,463192.2,466057.6,807937.2,515397.0,341518.7,418219.4,374901.6
1560,24558,53.79415,10.0289,Schleswig-Holstein,SH,Kreis Segeberg,1060.0,"(53.79415, 10.0289)",551394.1,368699.7,391223.2,529277.7,746324.7,311575.5,755160.6,745584.7,409497.7,433606.4,436471.8,778351.4,485811.2,311932.9,388633.7,345315.8
1561,24568,53.84304,9.9811,Schleswig-Holstein,SH,Kreis Segeberg,1060.0,"(53.84304, 9.9811)",554736.9,372042.5,394566.1,532620.5,749667.5,316391.2,758503.5,748927.6,412840.6,436949.2,439814.7,781694.3,489154.0,315275.7,391976.5,348658.6
1562,24576,53.91871666666666,9.855733333333331,Schleswig-Holstein,SH,Kreis Segeberg,1060.0,"(53.91871666666666, 9.855733333333331)",566905.7,384211.3,406734.8,544789.3,761836.3,328559.9,770672.2,761096.3,425009.3,449118.0,451983.4,793863.0,501322.8,327444.5,404145.3,360827.4
1563,24582,54.1740125,10.0412125,Schleswig-Holstein,SH,Kreis Rendsburg-Eckernförde,1058.0,"(54.1740125, 10.0412125)",599203.6,416509.2,439032.7,577087.2,794134.2,342287.5,802970.1,793394.2,457307.2,481415.8,484281.3,826160.9,533620.7,359742.4,436443.1,393125.2
1564,24589,54.17965,9.876716666666669,Schleswig-Holstein,SH,Kreis Rendsburg-Eckernförde,1058.0,"(54.17965, 9.876716666666669)",596320.4,413626.0,436149.5,574204.0,791251.0,352789.3,800086.9,790511.0,454424.0,478532.7,481398.1,823277.7,530737.5,356859.2,433559.9,390242.0
1565,24594,54.09634545454546,9.681572727272728,Schleswig-Holstein,SH,Kreis Rendsburg-Eckernförde,1058.0,"(54.09634545454546, 9.681572727272728)",598217.5,415523.1,438046.6,576101.1,793148.1,354686.5,801984.1,792408.2,456321.2,480429.8,483295.3,825174.9,532634.6,358756.3,435457.1,392139.2
1566,24598,53.99446666666668,10.0611,Schleswig-Holstein,SH,Kreis Segeberg,1060.0,"(53.99446666666668, 10.0611)",587707.6,405013.2,446676.9,565591.2,782638.2,324575.4,791474.2,781898.3,445811.3,469919.9,472785.4,814665.0,522124.7,348246.4,424947.2,381629.3
1567,24601,54.110875,10.22435,Schleswig-Holstein,SH,Kreis Plön,1057.0,"(54.110875, 10.22435)",594368.2,422659.4,449642.6,572251.8,789298.8,327541.0,798134.7,788558.8,463457.4,487566.1,490431.5,821325.5,539770.9,354907.0,442593.3,388289.9
1568,24610,54.04445,10.20595,Schleswig-Holstein,SH,Kreis Segeberg,1060.0,"(54.04445, 10.20595)",585204.5,413495.7,440478.9,563088.1,780135.1,318377.4,788971.1,779395.2,454293.8,478402.4,481267.8,812161.9,530607.2,345743.3,433429.7,379126.2
1569,24613,54.06345,9.77205,Schleswig-Holstein,SH,Kreis Steinburg,1061.0,"(54.06345, 9.77205)",588685.2,405990.9,428514.4,566568.9,783615.8,345154.2,792451.8,782875.9,446788.9,470897.5,473763.0,815642.6,523102.4,349224.0,425924.8,382606.9
1570,24616,53.99048571428572,9.824914285714286,Schleswig-Holstein,SH,Kreis Steinburg,1061.0,"(53.99048571428572, 9.824914285714286)",573169.9,390475.5,412999.0,551053.5,768100.4,334824.1,776936.4,767360.5,431273.5,455382.1,458247.6,800127.2,507587.0,333708.6,410409.4,367091.5
1571,24619,54.06666666666666,10.227766666666666,Schleswig-Holstein,SH,Kreis Segeberg,1060.0,"(54.06666666666666, 10.227766666666666)",585263.8,413555.0,440538.2,563147.4,780194.4,318436.7,789030.4,779454.5,454353.1,478461.7,481327.1,812221.2,530666.5,345802.6,433489.0,379185.5
1572,24620,54.0833,10.0667,Schleswig-Holstein,SH,Kreis Plön,1057.0,"(54.0833, 10.0667)",590575.2,407880.9,453760.2,568458.8,785505.8,331658.7,794341.8,784765.9,448678.9,472787.5,475653.0,817532.6,524992.3,351114.0,427814.8,384496.9
1573,24622,54.1333,9.8167,Schleswig-Holstein,SH,Kreis Rendsburg-Eckernförde,1058.0,"(54.1333, 9.8167)",596064.2,413369.9,435893.4,573947.8,790994.8,352533.2,799830.8,790254.9,454167.9,478276.5,481142.0,823021.6,530481.3,356603.0,433303.8,389985.9
1574,24623,53.9833,9.9667,Schleswig-Holstein,SH,Kreis Segeberg,1060.0,"(53.9833, 9.9667)",571764.6,389070.2,411593.7,549648.2,766695.2,331958.9,775531.1,765955.2,429868.2,453976.9,456842.3,798721.9,506181.7,332303.4,409004.2,365686.3
1575,24625,54.1298,10.0622,Schleswig-Holstein,SH,Kreis Rendsburg-Eckernförde,1058.0,"(54.1298, 10.0622)",595524.1,412829.7,435353.2,573407.7,790454.7,342484.2,799290.6,789714.7,453627.7,477736.4,480601.8,822481.4,529941.2,356062.9,432763.6,389445.7
1576,24626,54.05,10.0833,Schleswig-Holstein,SH,Kreis Segeberg,1060.0,"(54.05, 10.0833)",586946.5,404252.1,446247.8,564830.1,781877.1,324146.3,790713.1,781137.2,445050.2,469158.8,472024.3,813903.9,521363.6,347485.3,424186.1,380868.2
1577,24628,53.8986,10.0595,Schleswig-Holstein,SH,Kreis Segeberg,1060.0,"(53.8986, 10.0595)",568319.8,385625.4,408148.9,546203.4,763250.4,311748.5,772086.3,762510.4,426423.4,450532.1,453397.5,795277.1,502736.9,328858.6,405559.4,362241.5
1578,24629,53.8167,10.0167,Schleswig-Holstein,SH,Kreis Segeberg,1060.0,"(53.8167, 10.0167)",554832.0,372137.6,394661.2,532715.6,749762.6,316486.3,758598.6,749022.7,412935.7,437044.3,439909.8,781789.4,489249.1,315370.8,392071.6,348753.7
1579,24631,54.2103,9.9276,Schleswig-Holstein,SH,Kreis Rendsburg-Eckernförde,1058.0,"(54.2103, 9.9276)",596644.6,413950.2,436473.7,574528.2,791575.2,353113.5,800411.2,790835.2,454748.3,478856.9,481722.3,823601.9,531061.7,357183.4,433884.2,390566.3
1580,24632,53.85,9.86665,Schleswig-Holstein,SH,Kreis Segeberg,1060.0,"(53.85, 9.86665)",558482.1,375787.7,398311.2,536365.7,753412.7,320136.3,762248.6,752672.7,416585.7,440694.4,443559.8,785439.4,492899.2,319020.9,395721.7,352403.8
1581,24634,54.04165,9.8917,Schleswig-Holstein,SH,Kreis Rendsburg-Eckernförde,1058.0,"(54.04165, 9.8917)",585570.4,402876.0,425399.5,563454.0,780501.0,336000.6,789336.9,779761.0,443674.1,467782.7,470648.1,812527.7,519987.5,346109.2,422810.0,379492.1
1582,24635,54.0167,10.20835,Schleswig-Holstein,SH,Kreis Segeberg,1060.0,"(54.0167, 10.20835)",582826.9,411118.1,438101.3,560710.5,777757.5,315999.7,786593.4,777017.5,451916.1,476024.7,478890.2,809784.2,528229.6,343365.7,431052.0,376748.5
1583,24637,54.1167,10.1333,Schleswig-Holstein,SH,Kreis Plön,1057.0,"(54.1167, 10.1333)",596857.2,414781.2,452131.6,574740.8,791787.8,330030.0,800623.7,791047.8,455579.2,479687.9,482553.3,823814.5,531892.7,357396.0,434715.1,390778.9
1584,24638,54.083,10.2705,Schleswig-Holstein,SH,Kreis Segeberg,1060.0,"(54.083, 10.2705)",589972.8,418264.0,445247.2,567856.4,784903.4,323145.6,793739.3,784163.4,459062.0,483170.7,486036.1,816930.1,535375.5,350511.6,438198.0,383894.5
1585,24640,53.89165,9.975,Schleswig-Holstein,SH,Kreis Segeberg,1060.0,"(53.89165, 9.975)",562702.2,380007.8,402531.3,540585.8,757632.8,324356.4,766468.8,756892.9,420805.9,444914.5,447779.9,789659.6,497119.3,323241.0,399941.8,356623.9
1586,24641,53.8419,10.104066666666666,Schleswig-Holstein,SH,Kreis Segeberg,1060.0,"(53.8419, 10.104066666666666)",562998.1,380303.7,402827.2,540881.7,757928.7,305538.1,766764.6,757188.7,421101.8,445210.4,448075.8,789955.4,497415.2,323536.9,400237.7,356919.8
1587,24643,53.8667,10.05,Schleswig-Holstein,SH,Kreis Segeberg,1060.0,"(53.8667, 10.05)",560372.7,377678.4,400201.9,538256.3,755303.3,311159.2,764139.3,754563.4,418476.4,442585.0,445450.5,787330.1,494789.8,320911.5,397612.3,354294.4
1588,24644,54.141,9.925866666666666,Schleswig-Holstein,SH,Kreis Rendsburg-Eckernförde,1058.0,"(54.141, 9.925866666666666)",588801.3,406106.9,428630.4,566684.9,783731.9,345270.2,792567.8,782991.9,446904.9,471013.6,473879.0,815758.6,523218.4,349340.1,426040.9,382723.0
1589,24646,54.2167,9.8833,Schleswig-Holstein,SH,Kreis Rendsburg-Eckernförde,1058.0,"(54.2167, 9.8833)",600692.7,417998.3,440521.8,578576.3,795623.2,357161.6,804459.2,794883.3,458796.3,482904.9,485770.4,827650.0,535109.8,361231.4,437932.2,394614.3
1590,24647,54.06215,9.8987,Schleswig-Holstein,SH,Kreis Rendsburg-Eckernförde,1058.0,"(54.06215, 9.8987)",580413.0,397718.6,420242.1,558296.6,775343.6,336882.0,784179.6,774603.7,438516.7,462625.3,465490.8,807370.4,514830.1,340951.8,417652.6,374334.7
1591,24649,53.95095,9.8949,Schleswig-Holstein,SH,Kreis Segeberg,1060.0,"(53.95095, 9.8949)",567988.5,385294.1,407817.6,545872.1,762919.1,329642.7,771755.0,762179.1,426092.2,450200.8,453066.2,794945.8,502405.6,328527.3,405228.1,361910.2
1592,24768,54.3066,9.6631,Schleswig-Holstein,SH,Kreis Rendsburg-Eckernförde,1058.0,"(54.3066, 9.6631)",622417.2,439722.8,462246.3,600300.8,817347.8,378886.1,826183.7,816607.8,480520.8,504629.5,507494.9,849374.5,556834.3,382956.0,459656.8,416338.9
1593,24782,54.32585,9.6698,Schleswig-Holstein,SH,Kreis Rendsburg-Eckernförde,1058.0,"(54.32585, 9.6698)",622100.7,439406.3,461929.8,599984.3,817031.3,378569.6,825867.2,816291.3,480204.3,504313.0,507178.4,849058.0,556517.8,382639.5,459340.2,416022.3
1594,24783,54.2901,9.699,Schleswig-Holstein,SH,Kreis Rendsburg-Eckernförde,1058.0,"(54.2901, 9.699)",615262.1,432567.7,455091.2,593145.7,810192.7,371731.0,819028.6,809452.7,473365.7,497474.4,500339.8,842219.4,549679.2,375800.9,452501.7,409183.8
1595,24784,54.2833,9.65,Schleswig-Holstein,SH,Kreis Rendsburg-Eckernförde,1058.0,"(54.2833, 9.65)",618710.8,436016.4,458539.9,596594.4,813641.3,375179.7,822477.3,812901.4,476814.4,500923.0,503788.5,845668.1,553127.9,379249.5,455950.3,412632.4
1596,24787,54.3,9.6,Schleswig-Holstein,SH,Kreis Rendsburg-Eckernförde,1058.0,"(54.3, 9.6)",624386.4,441692.0,464215.5,602270.0,819317.0,380855.3,828152.9,818577.0,482490.0,506598.7,509464.1,851343.7,558803.5,384925.2,461625.9,418308.0
1597,24790,54.31244,9.75938,Schleswig-Holstein,SH,Kreis Rendsburg-Eckernförde,1058.0,"(54.31244, 9.75938)",619080.9,436386.5,458910.0,596964.5,814011.5,375549.8,822847.5,813271.6,477184.6,501293.2,504158.6,846038.3,553498.0,379619.7,456320.5,413002.6
1598,24791,54.3667,9.65,Schleswig-Holstein,SH,Kreis Rendsburg-Eckernförde,1058.0,"(54.3667, 9.65)",622404.9,439710.5,462234.0,600288.5,817335.5,378873.8,826171.5,816595.6,480508.6,504617.2,507482.6,849362.3,556822.0,382943.7,459644.5,416326.6
1599,24793,54.17223333333334,9.755566666666668,Schleswig-Holstein,SH,Kreis Rendsburg-Eckernförde,1058.0,"(54.17223333333334, 9.755566666666668)",599980.0,417285.6,439809.1,577863.6,794910.6,356448.9,803746.6,794170.6,458083.7,482192.3,485057.7,826937.3,534397.1,360518.8,437219.6,393901.7
1600,24794,54.35536666666667,9.708733333333331,Schleswig-Holstein,SH,Kreis Rendsburg-Eckernförde,1058.0,"(54.35536666666667, 9.708733333333331)",617747.0,435052.6,457576.1,595630.6,812677.6,374215.9,821513.6,811937.6,475850.7,499959.3,502824.7,844704.3,552164.1,378285.8,454986.6,411668.7
1601,24796,54.3297,9.868733333333331,Schleswig-Holstein,SH,Kreis Rendsburg-Eckernförde,1058.0,"(54.3297, 9.868733333333331)",618869.9,436175.5,458699.0,596753.5,813800.5,371338.8,822636.4,813060.5,476973.5,501082.1,503947.6,845827.2,553287.0,379408.7,456109.4,412791.5
1602,24797,54.2194,9.5535,Schleswig-Holstein,SH,Kreis Rendsburg-Eckernförde,1058.0,"(54.2194, 9.5535)",620468.0,437773.6,460297.1,598351.6,815398.6,376936.9,824234.5,814658.6,478571.6,502680.3,505545.7,847425.3,554885.1,381006.8,457707.6,414389.7
1603,24799,54.31368,9.42548,Schleswig-Holstein,SH,Kreis Rendsburg-Eckernförde,1058.0,"(54.31368, 9.42548)",639263.0,456568.6,479092.1,617146.6,834193.6,395731.9,843029.6,833453.6,497366.7,521475.3,524340.7,866220.4,573680.1,399801.8,476502.6,433184.7
1604,24800,54.2667,9.5167,Schleswig-Holstein,SH,Kreis Rendsburg-Eckernförde,1058.0,"(54.2667, 9.5167)",632541.0,449846.6,472370.1,610424.6,827471.6,389009.9,836307.5,826731.6,490644.6,514753.3,517618.7,859498.3,566958.1,393079.8,469780.6,426462.7
1605,24802,54.238,9.837333333333332,Schleswig-Holstein,SH,Kreis Rendsburg-Eckernförde,1058.0,"(54.238, 9.837333333333332)",602331.3,419636.9,442160.4,580214.9,797261.9,358800.2,806097.8,796521.9,460434.9,484543.6,487409.0,829288.6,536748.4,362870.1,439570.9,396253.0
1606,24803,54.29165,9.325,Schleswig-Holstein,SH,Kreis Schleswig-Flensburg,1059.0,"(54.29165, 9.325)",628967.3,446272.9,468796.4,606850.9,823897.9,390929.2,832733.9,823158.0,487071.0,511179.6,514045.1,855924.7,563384.4,389506.1,466206.9,422889.0
1607,24805,54.22095,9.48435,Schleswig-Holstein,SH,Kreis Rendsburg-Eckernförde,1058.0,"(54.22095, 9.48435)",624893.1,442198.7,464722.2,602776.7,819823.7,386855.0,828659.6,819083.7,482996.7,507105.4,509970.8,851850.4,559310.2,385431.9,462132.7,418814.8
1608,24806,54.295825,9.491675,Schleswig-Holstein,SH,Kreis Rendsburg-Eckernförde,1058.0,"(54.295825, 9.491675)",632356.2,449661.8,472185.3,610239.8,827286.7,388825.1,836122.7,826546.8,490459.8,514568.4,517433.9,859313.5,566773.3,392894.9,469595.7,426277.8
1609,24808,54.2333,9.6667,Schleswig-Holstein,SH,Kreis Rendsburg-Eckernförde,1058.0,"(54.2333, 9.6667)",607780.7,425086.3,447609.8,585664.3,802711.3,364249.6,811547.2,801971.3,465884.3,489992.9,492858.4,834738.0,542197.8,368319.5,445020.2,401702.3
1610,24809,54.2667,9.6167,Schleswig-Holstein,SH,Kreis Rendsburg-Eckernförde,1058.0,"(54.2667, 9.6167)",628610.4,445916.0,468439.5,606494.0,823541.0,385079.3,832376.9,822801.0,486714.1,510822.7,513688.1,855567.7,563027.5,389149.2,465850.0,422532.1
1611,24811,54.4061,9.634933333333334,Schleswig-Holstein,SH,Kreis Rendsburg-Eckernförde,1058.0,"(54.4061, 9.634933333333334)",623888.6,441194.2,463717.7,601772.2,818819.2,380357.5,827655.1,818079.2,481992.2,506100.9,508966.3,850845.9,558305.7,384427.4,461128.1,417810.2
1612,24813,54.2667,9.6333,Schleswig-Holstein,SH,Kreis Rendsburg-Eckernförde,1058.0,"(54.2667, 9.6333)",620314.4,437620.0,460143.5,598198.0,815245.0,376783.3,824081.0,814505.0,478418.1,502526.7,505392.1,847271.7,554731.5,380853.2,457554.0,414236.1
1613,24814,54.3667,9.8167,Schleswig-Holstein,SH,Kreis Rendsburg-Eckernförde,1058.0,"(54.3667, 9.8167)",628699.5,446005.1,468528.6,606583.1,823630.1,385168.4,832466.1,822890.1,486803.2,510911.8,513777.2,855656.8,563116.6,389238.3,465939.1,422621.2
1614,24816,54.17085,9.654175,Schleswig-Holstein,SH,Kreis Rendsburg-Eckernförde,1058.0,"(54.17085, 9.654175)",607248.5,424554.1,447077.6,585132.1,802179.0,363717.4,811015.0,801439.1,465352.1,489460.7,492326.2,834205.8,541665.6,367787.2,444488.0,401170.1
1615,24817,54.35,9.5,Schleswig-Holstein,SH,Kreis Schleswig-Flensburg,1059.0,"(54.35, 9.5)",632935.5,450241.1,472764.6,610819.1,827866.1,389404.4,836702.0,827126.1,491039.2,515147.8,518013.2,859892.8,567352.6,393474.3,470175.1,426857.2
1616,24819,54.15415,9.575,Schleswig-Holstein,SH,Kreis Rendsburg-Eckernförde,1058.0,"(54.15415, 9.575)",605432.6,422738.2,445261.7,583316.2,800363.2,367394.5,809199.2,799623.2,463536.3,487644.9,490510.3,832389.9,539849.7,365971.4,442672.2,399354.3
1617,24837,54.5216,9.5586,Schleswig-Holstein,SH,Kreis Schleswig-Flensburg,1059.0,"(54.5216, 9.5586)",641786.7,459092.3,481615.8,619670.3,836717.3,398255.6,845553.2,835977.3,499890.3,523999.0,526864.4,868744.0,576203.8,402325.5,479026.3,435708.4
1618,24848,54.4125,9.470825,Schleswig-Holstein,SH,Kreis Schleswig-Flensburg,1059.0,"(54.4125, 9.470825)",636656.2,453961.8,476485.3,614539.8,831586.7,393125.1,840422.7,830846.8,494759.8,518868.4,521733.9,863613.5,571073.3,397194.9,473895.7,430577.8
1619,24850,54.52223333333333,9.488866666666668,Schleswig-Holstein,SH,Kreis Schleswig-Flensburg,1059.0,"(54.52223333333333, 9.488866666666668)",674173.5,491479.1,514002.6,652057.1,869104.0,430642.4,877940.0,868364.1,532277.1,556385.7,559251.2,901130.8,608590.6,434712.2,511413.0,468095.1
1620,24852,54.604175,9.3375,Schleswig-Holstein,SH,Kreis Schleswig-Flensburg,1059.0,"(54.604175, 9.3375)",663068.2,480373.8,502897.3,640951.8,857998.8,419537.1,866834.7,857258.8,521171.8,545280.5,548145.9,890025.5,597485.3,423607.0,500307.8,456989.9
1621,24855,54.5747,9.40755,Schleswig-Holstein,SH,Kreis Schleswig-Flensburg,1059.0,"(54.5747, 9.40755)",651682.6,468988.2,491511.7,629566.2,846613.2,408151.6,855449.2,845873.3,509786.3,533894.9,536760.4,878640.0,586099.7,412221.4,488922.2,445604.3
1622,24857,54.5,9.63335,Schleswig-Holstein,SH,Kreis Schleswig-Flensburg,1059.0,"(54.5, 9.63335)",644576.5,461882.1,484405.6,622460.1,839507.1,401045.4,848343.0,838767.1,502680.1,526788.8,529654.2,871533.8,578993.6,405115.3,481816.0,438498.1
1623,24860,54.61666666666667,9.577766666666667,Schleswig-Holstein,SH,Kreis Schleswig-Flensburg,1059.0,"(54.61666666666667, 9.577766666666667)",657607.7,474913.3,497436.8,635491.3,852538.3,414076.6,861374.2,851798.3,515711.4,539820.0,542685.4,884565.0,592024.8,418146.5,494847.3,451529.4
1624,24861,54.3833,9.3167,Schleswig-Holstein,SH,Kreis Schleswig-Flensburg,1059.0,"(54.3833, 9.3167)",643447.5,460753.1,483276.6,621331.1,838378.1,411314.7,847214.1,837638.1,501551.2,525659.8,528525.2,870404.8,577864.6,403986.3,480687.1,437369.2
1625,24863,54.4,9.3833,Schleswig-Holstein,SH,Kreis Schleswig-Flensburg,1059.0,"(54.4, 9.3833)",642440.1,459745.7,482269.2,620323.7,837370.7,398909.0,846206.6,836630.7,500543.7,524652.4,527517.8,869397.4,576857.2,402978.9,479679.6,436361.7
1626,24864,54.54165,9.7167,Schleswig-Holstein,SH,Kreis Schleswig-Flensburg,1059.0,"(54.54165, 9.7167)",658096.6,475402.2,497925.7,635980.2,853027.2,414565.5,861863.1,852287.2,516200.2,540308.9,543174.3,885053.9,592513.7,418635.4,495336.1,452018.2
1627,24866,54.4911,9.55,Schleswig-Holstein,SH,Kreis Schleswig-Flensburg,1059.0,"(54.4911, 9.55)",637361.1,454666.7,477190.2,615244.7,832291.6,393830.0,841127.6,831551.7,495464.7,519573.3,522438.8,864318.4,571778.2,397899.8,474600.6,431282.7
1628,24867,54.4833,9.5,Schleswig-Holstein,SH,Kreis Schleswig-Flensburg,1059.0,"(54.4833, 9.5)",638090.3,455395.9,477919.4,615973.9,833020.9,394559.2,841856.8,832280.9,496193.9,520302.6,523168.0,865047.6,572507.4,398629.1,475329.8,432011.9
1629,24869,54.4333,9.3667,Schleswig-Holstein,SH,Kreis Schleswig-Flensburg,1059.0,"(54.4333, 9.3667)",648178.9,465484.5,488008.0,626062.5,843109.5,404647.8,851945.4,842369.5,506282.5,530391.2,533256.6,875136.2,582596.0,408717.7,485418.4,442100.5
1630,24870,54.4749,9.4114,Schleswig-Holstein,SH,Kreis Schleswig-Flensburg,1059.0,"(54.4749, 9.4114)",643990.6,461296.2,483819.7,621874.2,838921.1,400459.5,847757.1,838181.2,502094.2,526202.8,529068.3,870947.9,578407.7,404529.3,481230.1,437912.2
1631,24872,54.4415,9.4351,Schleswig-Holstein,SH,Kreis Schleswig-Flensburg,1059.0,"(54.4415, 9.4351)",642086.2,459391.8,481915.3,619969.8,837016.7,398555.1,845852.7,836276.8,500189.8,524298.4,527163.9,869043.5,576503.3,402624.9,479325.7,436007.8
1632,24873,54.65,9.5167,Schleswig-Holstein,SH,Kreis Schleswig-Flensburg,1059.0,"(54.65, 9.5167)",659752.6,477058.2,499581.7,637636.2,854683.2,416221.5,863519.1,853943.2,517856.2,541964.8,544830.3,886709.9,594169.7,420291.4,496992.1,453674.2
1633,24876,54.4593,9.337,Schleswig-Holstein,SH,Kreis Schleswig-Flensburg,1059.0,"(54.4593, 9.337)",656551.4,473857.0,496380.5,634435.0,851482.0,413020.3,860317.9,850742.0,514655.0,538763.7,541629.1,883508.7,590968.5,417090.2,493791.0,450473.1
1634,24878,54.45325,9.55215,Schleswig-Holstein,SH,Kreis Schleswig-Flensburg,1059.0,"(54.45325, 9.55215)",639280.0,456585.6,479109.1,617163.6,834210.6,395749.0,843046.6,833470.7,497383.7,521492.3,524357.8,866237.4,573697.1,399818.8,476519.6,433201.7
1635,24879,54.56665,9.525,Schleswig-Holstein,SH,Kreis Schleswig-Flensburg,1059.0,"(54.56665, 9.525)",648257.7,465563.3,488086.8,626141.3,843188.3,404726.6,852024.3,842448.4,506361.4,530470.0,533335.5,875215.1,582674.8,408796.5,485497.3,442179.4
1636,24881,54.5667,9.5833,Schleswig-Holstein,SH,Kreis Schleswig-Flensburg,1059.0,"(54.5667, 9.5833)",650294.7,467600.3,490123.8,628178.3,845225.3,406763.7,854061.3,844485.4,508398.4,532507.0,535372.5,877252.1,584711.8,410833.5,487534.3,444216.4
1637,24882,54.55,9.6333,Schleswig-Holstein,SH,Kreis Schleswig-Flensburg,1059.0,"(54.55, 9.6333)",651480.6,468786.2,491309.7,629364.2,846411.2,407949.5,855247.2,845671.2,509584.3,533692.9,536558.3,878437.9,585897.7,412019.4,488720.2,445402.3
1638,24884,54.4667,9.5917,Schleswig-Holstein,SH,Kreis Schleswig-Flensburg,1059.0,"(54.4667, 9.5917)",634578.9,451884.5,474408.0,612462.5,829509.5,391047.9,838345.5,828769.6,492682.6,516791.2,519656.7,861536.3,568996.0,395117.7,471818.5,428500.6
1639,24885,54.6415,9.4695,Schleswig-Holstein,SH,Kreis Schleswig-Flensburg,1059.0,"(54.6415, 9.4695)",655853.4,473159.0,495682.5,633737.0,850783.9,412322.3,859619.9,850044.0,513957.0,538065.6,540931.1,882810.7,590270.5,416392.1,493092.9,449775.0
