,zipcode,lat,long,state,state_code,community_name,community_code,coor,AKB Kitzingen,AKB Dortmund,AKB Zörbig,AKB Schöneck,AKB Buch,Mosolf Etzin,Mosolf Kippenheim,BLG Kelheim,BLG Duisburg,BLG Neuss,Carservice Erkens,ARS Altmann Wolnzach,CAT Zülpich,Autohaus Siebrecht,Neu: FleetParQ Essen ,Neu: FleetParQ Kassel
2132,29699,52.9,9.65,Niedersachsen,NI,Landkreis Heidekreis,3358.0,"(52.9, 9.65)",431840.6,266732.7,271669.7,409724.2,626771.2,308201.3,635607.2,626031.3,330318.9,337589.2,357293.0,658798.0,384177.7,192379.4,297373.1,225762.3
2133,30159,52.3736,9.7371,Niedersachsen,NI,Region Hannover,3241.0,"(52.3736, 9.7371)",372090.4,211484.1,223249.8,349974.0,567021.0,259781.3,575857.0,577611.3,275070.3,282340.5,302044.3,610378.0,328929.0,103017.4,242124.4,166012.1
2134,30161,52.3874,9.7465,Niedersachsen,NI,Region Hannover,3241.0,"(52.3874, 9.7465)",372683.6,213228.1,221233.3,350567.2,567614.2,257764.8,576450.2,575594.8,276814.4,284084.6,303788.4,608361.5,330673.1,105147.7,243868.5,166605.3
2135,30163,52.3943,9.7475,Niedersachsen,NI,Region Hannover,3241.0,"(52.3943, 9.7475)",372983.8,212427.4,221087.1,350867.4,567914.4,257618.6,576750.4,575448.6,276013.7,283283.9,302987.7,608215.3,329872.4,107406.5,243067.8,166905.5
2136,30165,52.4008,9.7217,Niedersachsen,NI,Region Hannover,3241.0,"(52.4008, 9.7217)",375296.6,212786.1,226122.7,353180.2,570227.2,262654.2,579063.1,580484.2,276372.3,283642.5,303346.4,613250.9,330231.1,107045.9,243426.4,169218.2
2137,30167,52.3914,9.7083,Niedersachsen,NI,Region Hannover,3241.0,"(52.3914, 9.7083)",375434.0,208897.3,227369.2,353317.6,570364.6,263900.7,579200.5,581730.7,272483.5,279753.7,299457.6,614497.4,326342.3,105588.0,239537.7,169355.7
2138,30169,52.3633,9.748,Niedersachsen,NI,Region Hannover,3241.0,"(52.3633, 9.748)",372151.0,212286.6,223310.4,350034.6,567081.6,259841.9,575917.6,577671.9,275872.8,283143.0,302846.9,610438.6,329731.6,104175.8,242926.9,166072.7
2139,30171,52.3697,9.7521,Niedersachsen,NI,Region Hannover,3241.0,"(52.3697, 9.7521)",370801.5,212326.1,221960.9,348685.1,565732.1,258492.4,574568.1,576322.4,275912.3,283182.5,302886.4,609089.1,329771.1,103726.8,242966.4,164723.2
2140,30173,52.3586,9.7558,Niedersachsen,NI,Region Hannover,3241.0,"(52.3586, 9.7558)",371259.5,213235.9,223658.0,349143.1,566190.1,260189.6,575026.0,578019.6,276822.1,284092.3,303796.2,610786.3,330680.9,103734.2,243876.2,165181.2
2141,30175,52.3667,9.7167,Niedersachsen,NI,Region Hannover,3241.0,"(52.3667, 9.7167)",373535.8,210807.5,224695.1,351419.4,568466.4,261226.6,577302.3,579056.6,274393.7,281663.9,301367.8,611823.3,328252.5,102314.7,241447.8,167457.5
2142,30177,52.3973,9.7707,Niedersachsen,NI,Region Hannover,3241.0,"(52.3973, 9.7707)",373397.2,215415.9,219366.5,351280.8,568327.8,255898.0,577163.8,573728.0,279002.2,286272.4,305976.2,606494.7,332860.9,107819.9,246056.3,167318.9
2143,30179,52.4137,9.7544,Niedersachsen,NI,Region Hannover,3241.0,"(52.4137, 9.7544)",376469.1,211600.1,222724.4,354352.7,571399.6,259255.9,580235.6,577085.9,275186.3,282456.5,302160.3,609852.6,329045.0,108943.9,242240.4,170390.7
2144,30419,52.414,9.6603,Niedersachsen,NI,Region Hannover,3241.0,"(52.414, 9.6603)",380793.1,203959.7,231526.3,358676.7,575723.7,268057.8,584559.6,585887.8,267545.9,274816.1,294520.0,618654.5,321404.7,109273.1,234600.0,174714.7
2145,30449,52.3685,9.7082,Niedersachsen,NI,Region Hannover,3241.0,"(52.3685, 9.7082)",374224.2,209719.1,225383.6,352107.8,569154.8,261915.1,577990.8,579745.1,273305.3,280575.5,300279.4,612511.8,327164.1,102672.5,240359.4,168145.9
2146,30451,52.3751,9.7094,Niedersachsen,NI,Region Hannover,3241.0,"(52.3751, 9.7094)",374465.8,209572.0,225625.1,352349.4,569396.4,262156.7,578232.4,579986.7,273158.2,280428.4,300132.3,612753.4,327017.0,103244.7,240212.4,168387.5
2147,30453,52.3665,9.6815,Niedersachsen,NI,Region Hannover,3241.0,"(52.3665, 9.6815)",378690.6,210772.4,227326.7,356574.2,573621.2,263858.3,582457.1,581688.3,274358.6,281628.9,301332.7,614455.0,328217.4,104918.6,241412.8,172612.2
2148,30455,52.3574,9.671,Niedersachsen,NI,Region Hannover,3241.0,"(52.3574, 9.671)",377863.0,202084.3,230849.8,355746.6,572793.6,267381.3,581629.5,585211.3,265670.5,272940.7,292644.6,617978.0,319529.3,101943.5,232724.6,171784.6
2149,30457,52.3288,9.7001,Niedersachsen,NI,Region Hannover,3241.0,"(52.3288, 9.7001)",374641.6,206265.9,227628.4,352525.2,569572.2,264160.0,578408.2,581990.0,269852.1,277122.3,296826.2,614756.7,323710.9,99704.2,236906.2,168563.3
2150,30459,52.3425,9.7153,Niedersachsen,NI,Region Hannover,3241.0,"(52.3425, 9.7153)",373942.5,205627.4,226929.3,351826.1,568873.1,263460.8,577709.1,581290.8,269213.7,276483.9,296187.7,614057.5,323072.4,99298.0,236267.8,167864.2
2151,30519,52.3398,9.7743,Niedersachsen,NI,Region Hannover,3241.0,"(52.3398, 9.7743)",367879.6,215883.0,223244.8,345763.2,562810.2,259776.3,571646.1,577606.3,279469.2,286739.4,306443.2,610373.0,333327.9,102632.1,246523.3,161801.3
2152,30521,52.3667,9.7167,Niedersachsen,NI,Region Hannover,3241.0,"(52.3667, 9.7167)",373535.8,210807.5,224695.1,351419.4,568466.4,261226.6,577302.3,579056.6,274393.7,281663.9,301367.8,611823.3,328252.5,102314.7,241447.8,167457.5
2153,30539,52.339,9.8288,Niedersachsen,NI,Region Hannover,3241.0,"(52.339, 9.8288)",366147.8,224863.2,219609.7,344031.4,561078.4,256141.3,569914.3,573971.3,288449.5,295719.7,315423.5,606738.0,342308.2,100570.4,255503.6,160069.4
2154,30559,52.3613,9.8344,Niedersachsen,NI,Region Hannover,3241.0,"(52.3613, 9.8344)",368222.7,228733.3,217019.4,346106.3,563153.3,253550.9,571989.3,571380.9,292319.6,299589.8,319293.6,604147.6,346178.3,104373.6,259373.7,162144.4
2155,30625,52.3795,9.8075,Niedersachsen,NI,Region Hannover,3241.0,"(52.3795, 9.8075)",372013.9,218034.8,219821.8,349897.5,566944.5,256353.3,575780.4,574183.3,281621.0,288891.2,308595.1,606950.0,335479.8,106436.6,248675.1,165935.6
2156,30627,52.3667,9.7167,Niedersachsen,NI,Region Hannover,3241.0,"(52.3667, 9.7167)",373535.8,210807.5,224695.1,351419.4,568466.4,261226.6,577302.3,579056.6,274393.7,281663.9,301367.8,611823.3,328252.5,102314.7,241447.8,167457.5
2157,30629,52.3895,9.8502,Niedersachsen,NI,Region Hannover,3241.0,"(52.3895, 9.8502)",370082.5,222091.7,218337.9,347966.1,565013.1,254869.4,573849.1,572699.4,285677.9,292948.2,312652.0,605466.1,339536.7,130621.3,252732.1,164004.2
2158,30655,52.4026,9.7939,Niedersachsen,NI,Region Hannover,3241.0,"(52.4026, 9.7939)",373095.0,214816.9,218387.8,350978.6,568025.5,254919.3,576861.5,572749.3,278403.1,285673.3,305377.2,605516.0,332261.9,107517.6,245457.3,167016.6
2159,30657,52.4265,9.7921,Niedersachsen,NI,Region Hannover,3241.0,"(52.4265, 9.7921)",380728.8,213045.5,220230.6,358612.4,575659.4,256762.1,584495.3,574592.1,276631.7,283902.0,303605.8,607358.8,330490.5,110054.5,243685.9,174650.4
2160,30659,52.4097,9.808,Niedersachsen,NI,Region Hannover,3241.0,"(52.4097, 9.808)",377203.5,214780.6,216705.3,355087.1,572134.1,253236.8,580970.1,571066.8,278366.8,285637.1,305340.9,603833.5,332225.6,109129.0,245421.0,171125.2
2161,30669,52.3667,9.7167,Niedersachsen,NI,Region Hannover,3241.0,"(52.3667, 9.7167)",373535.8,210807.5,224695.1,351419.4,568466.4,261226.6,577302.3,579056.6,274393.7,281663.9,301367.8,611823.3,328252.5,102314.7,241447.8,167457.5
2162,30823,52.4182,9.6021,Niedersachsen,NI,Region Hannover,3241.0,"(52.4182, 9.6021)",425171.5,199751.4,231776.4,403055.1,620102.1,268308.0,628938.0,586138.0,263337.6,270607.8,290311.7,618904.7,317196.4,118026.8,230391.7,222745.9
2163,30826,52.4759,9.5359,Niedersachsen,NI,Region Hannover,3241.0,"(52.4759, 9.5359)",432116.1,206696.0,240824.3,409999.7,627046.7,277355.8,635882.6,595185.8,270282.2,277552.4,297256.3,627952.5,324141.0,124971.4,237336.3,229690.5
2164,30827,52.4353,9.611,Niedersachsen,NI,Region Hannover,3241.0,"(52.4353, 9.611)",391012.5,204248.9,230514.3,368896.1,585943.1,267045.8,594779.0,584875.8,267835.1,275105.3,294809.2,617642.5,321693.9,122524.4,234889.2,184934.2
2165,30851,52.4378,9.7432,Niedersachsen,NI,Region Hannover,3241.0,"(52.4378, 9.7432)",381513.5,212206.8,221015.3,359397.1,576444.1,257546.8,585280.1,575376.8,275793.1,283063.3,302767.1,608143.5,329651.8,142052.3,242847.2,175435.2
2166,30853,52.4506,9.7492,Niedersachsen,NI,Region Hannover,3241.0,"(52.4506, 9.7492)",382611.9,212573.6,222113.7,360495.5,577542.5,258645.2,586378.5,576475.2,276159.8,283430.1,303133.9,609241.9,330018.6,143150.7,243214.0,176533.6
2167,30855,52.4402,9.6655,Niedersachsen,NI,Region Hannover,3241.0,"(52.4402, 9.6655)",387212.7,206369.0,226714.5,365096.3,582143.3,263246.0,590979.3,581076.0,269955.2,277225.4,296929.3,613842.7,323814.0,124644.4,237009.3,181134.4
2168,30880,52.3151,9.7974,Niedersachsen,NI,Region Hannover,3241.0,"(52.3151, 9.7974)",364198.5,226458.0,226354.5,342082.1,559129.1,262886.0,567965.1,580716.0,290044.2,297314.4,317018.3,577651.4,343903.0,96193.9,257098.3,158120.2
2169,30890,52.3,9.45,Niedersachsen,NI,Region Hannover,3241.0,"(52.3, 9.45)",412877.0,187456.9,253989.6,390760.6,607807.6,290521.1,616643.6,608351.1,251043.1,258313.4,278017.2,626329.9,304901.9,105732.4,218097.3,210451.4
2170,30900,52.541,9.7429,Niedersachsen,NI,Region Hannover,3241.0,"(52.541, 9.7429)",389864.5,221233.9,229693.6,367748.1,584795.1,266225.1,593631.0,584055.1,284820.2,292090.4,311794.2,616821.8,338678.9,150403.3,251874.3,183786.2
2171,30916,52.4333,9.85,Niedersachsen,NI,Region Hannover,3241.0,"(52.4333, 9.85)",375317.9,218619.1,216254.5,353201.5,570248.5,252786.1,579084.4,570616.1,282205.3,289475.5,309179.4,603382.8,336064.1,135856.7,249259.4,169239.6
2172,30926,52.3964,9.5973,Niedersachsen,NI,Region Hannover,3241.0,"(52.3964, 9.5973)",427105.0,201684.9,236909.8,404988.6,622035.6,273441.3,630871.5,591271.3,265271.1,272541.3,292245.2,624038.0,319129.9,119960.3,232325.2,224679.4
2173,30938,52.5027,9.86,Niedersachsen,NI,Region Hannover,3241.0,"(52.5027, 9.86)",383379.4,226963.5,223208.5,361263.0,578310.0,259740.0,587146.0,577570.0,290549.7,297819.9,317523.8,610336.7,344408.5,143918.2,257603.9,177301.1
2174,30952,52.3194,9.6554,Niedersachsen,NI,Region Hannover,3241.0,"(52.3194, 9.6554)",380048.5,199992.8,233035.3,357932.1,574979.0,269566.8,583815.0,587396.8,263579.0,270849.2,290553.1,620163.5,317437.8,97690.0,230633.1,173970.1
2175,30966,52.3143,9.7236,Niedersachsen,NI,Region Hannover,3241.0,"(52.3143, 9.7236)",370711.8,205587.8,228953.6,348595.4,565642.4,265485.1,574478.3,583315.1,269174.0,276444.2,296148.1,616081.8,323032.8,96769.7,236228.2,164633.4
2176,30974,52.274,9.5729,Niedersachsen,NI,Region Hannover,3241.0,"(52.274, 9.5729)",360777.5,199770.2,241761.8,338661.1,555708.0,278293.3,564544.0,596123.3,263356.4,270626.6,290330.5,628890.0,317215.2,94346.7,230410.5,154699.1
2177,30982,52.2645,9.7644,Niedersachsen,NI,Region Hannover,3241.0,"(52.2645, 9.7644)",368182.4,212027.7,229103.2,346066.0,563113.0,265634.7,571948.9,583464.7,275613.9,282884.1,302588.0,616231.4,329472.7,87000.6,242668.0,162104.1
2178,30989,52.3136,9.6003,Niedersachsen,NI,Region Hannover,3241.0,"(52.3136, 9.6003)",384159.1,197908.7,237145.9,362042.7,579089.6,273677.4,587925.6,591507.4,261494.9,268765.1,288469.0,624274.1,315353.7,98109.2,228549.0,178080.7
2179,31008,52.1226,9.7359,Niedersachsen,NI,Landkreis Hildesheim,3254.0,"(52.1226, 9.7359)",333253.4,212586.8,213321.2,311137.0,528183.9,272000.4,537019.9,539013.3,276173.0,283443.2,303147.1,546706.2,330031.8,69668.8,243227.1,127175.0
2180,31020,52.0887,9.6312,Niedersachsen,NI,Hameln-Pyrmont,3252.0,"(52.0887, 9.6312)",337066.6,208362.6,222131.9,314950.2,531997.2,280811.1,540833.1,542826.6,271948.8,279219.0,298922.9,550519.5,325807.6,63859.9,239003.0,130988.3
2181,31028,52.0833,9.7833,Niedersachsen,NI,Landkreis Hildesheim,3254.0,"(52.0833, 9.7833)",329814.6,221006.4,215123.4,307698.2,524745.2,273802.6,533581.1,535574.6,284592.7,291862.9,311566.7,543267.5,338451.4,66230.0,251646.8,123736.3
2182,31036,52.0745,9.7212,Niedersachsen,NI,Landkreis Hildesheim,3254.0,"(52.0745, 9.7212)",329049.4,216391.2,219472.1,306933.0,523980.0,278151.3,532815.9,534809.4,279977.4,287247.6,306951.5,542502.2,333836.2,61190.1,247031.5,122971.0
2183,31061,51.9881,9.817,Niedersachsen,NI,Landkreis Hildesheim,3254.0,"(51.9881, 9.817)",317561.8,231815.6,196438.1,295445.4,512492.4,273773.8,521328.3,523321.8,295401.8,273907.6,322375.9,531014.6,320496.1,53977.2,262455.9,111483.4
2184,31073,51.9412,9.8027,Niedersachsen,NI,Landkreis Holzminden,3255.0,"(51.9412, 9.8027)",312253.3,201581.7,196087.8,290136.9,507183.9,285087.2,516019.8,518013.3,294484.2,269534.7,321458.3,525706.1,316123.3,48668.7,238233.5,106175.0
2185,31079,52.03618,9.91268,Niedersachsen,NI,Landkreis Hildesheim,3254.0,"(52.03618, 9.91268)",326860.1,231636.9,189427.1,304743.7,521790.7,262924.2,530626.6,532620.1,295223.1,302493.4,322197.2,540313.0,349081.9,63275.5,262277.3,120781.8
2186,31084,51.9333,9.9,Niedersachsen,NI,Landkreis Hildesheim,3254.0,"(51.9333, 9.9)",307798.0,239708.0,187997.6,285681.6,502728.5,276997.0,511564.5,513558.0,303294.2,281513.7,330268.3,521250.8,328102.2,49423.7,270348.4,101719.6
2187,31089,52.0045,9.6958,Niedersachsen,NI,Landkreis Hildesheim,3254.0,"(52.0045, 9.6958)",323234.3,220660.6,207395.0,301117.9,518164.8,288279.2,527000.8,528994.2,284246.8,291517.1,311220.9,536687.1,338105.6,53413.8,251301.0,117155.9
2188,31134,52.1531,9.9555,Niedersachsen,NI,Landkreis Hildesheim,3254.0,"(52.1531, 9.9555)",342673.8,225528.6,196639.9,320557.4,537604.4,255319.1,546440.3,551429.6,289114.8,296385.0,316088.9,556126.7,342973.6,103212.6,256168.9,136595.5
2189,31135,52.1647,9.9768,Niedersachsen,NI,Landkreis Hildesheim,3254.0,"(52.1647, 9.9768)",340821.9,250421.4,194788.0,318705.5,535752.4,253467.2,544588.4,549577.7,314007.6,321277.8,340981.7,554274.7,367866.4,101360.7,281061.7,134743.5
2190,31137,52.1603,9.9331,Niedersachsen,NI,Landkreis Hildesheim,3254.0,"(52.1603, 9.9331)",345740.6,224637.4,199706.7,323624.2,540671.2,258385.9,549507.1,554496.4,288223.7,295493.9,315197.7,559193.5,342082.4,106279.4,255277.8,139662.3
2191,31139,52.141,9.9407,Niedersachsen,NI,Landkreis Hildesheim,3254.0,"(52.141, 9.9407)",337817.0,224564.1,199072.9,315700.6,532747.6,257752.1,541583.5,553862.5,288150.3,295420.5,315124.4,551269.8,342009.1,79451.3,255204.5,131738.6
2192,31141,52.1353,9.9713,Niedersachsen,NI,Landkreis Hildesheim,3254.0,"(52.1353, 9.9713)",344150.8,254663.4,198117.0,322034.4,539081.4,256796.2,547917.4,552906.6,318249.6,325519.8,345223.6,557603.7,372108.3,79898.4,285303.7,138072.5
2193,31157,52.235,9.8541,Niedersachsen,NI,Landkreis Hildesheim,3254.0,"(52.235, 9.8541)",354143.6,242555.1,208109.7,332027.2,549074.2,267372.7,557910.1,562899.4,306141.3,313411.5,333115.4,567596.4,360000.1,88599.9,273195.4,148065.2
2194,31162,52.0578,10.0058,Niedersachsen,NI,Landkreis Hildesheim,3254.0,"(52.0578, 10.0058)",328990.3,238385.1,188709.6,306873.9,523920.9,253145.1,532756.8,534750.3,301971.3,309241.5,328945.4,542443.1,355830.1,70364.9,269025.4,122912.0
2195,31167,52.0099,10.132,Niedersachsen,NI,Landkreis Hildesheim,3254.0,"(52.0099, 10.132)",314680.2,279957.8,174399.5,292563.8,509610.7,251013.8,518446.7,520440.1,343544.0,342621.7,370518.1,528133.0,389210.2,75218.9,310598.1,108601.8
2196,31171,52.162,9.7835,Niedersachsen,NI,Landkreis Hildesheim,3254.0,"(52.162, 9.7835)",341077.6,212232.5,209016.7,318961.2,536008.1,267695.9,544844.1,546837.5,275818.8,283089.0,302792.8,554530.4,329677.5,77493.0,242872.9,134999.2
2197,31174,52.1853,10.1023,Niedersachsen,NI,Landkreis Hildesheim,3254.0,"(52.1853, 10.1023)",341316.8,259281.3,187137.6,319200.4,536247.4,242353.0,545083.3,541927.3,322867.5,330137.7,349841.6,554769.7,376726.3,101855.6,289921.6,135238.5
2198,31177,52.2104,9.9649,Niedersachsen,NI,Landkreis Hildesheim,3254.0,"(52.2104, 9.9649)",345505.4,250740.7,199471.5,323389.0,540436.0,246405.5,549272.0,554261.2,314326.9,321597.2,341301.0,558958.3,368185.7,106044.2,281381.1,139427.1
2199,31180,52.1972,9.8989,Niedersachsen,NI,Landkreis Hildesheim,3254.0,"(52.1972, 9.8989)",349044.5,219428.0,203010.6,326928.1,543975.0,261689.8,552811.0,557800.3,283014.3,290284.5,309988.3,562497.3,336873.0,85151.3,250068.4,142966.1
2200,31185,52.189,10.2324,Niedersachsen,NI,Landkreis Hildesheim,3254.0,"(52.189, 10.2324)",340042.6,263544.8,177738.6,317926.2,534973.2,229983.0,543809.1,532528.2,327131.0,334401.3,354105.1,565294.9,380989.8,100581.4,294185.2,133964.3
2201,31188,52.0872,10.1601,Niedersachsen,NI,Landkreis Hildesheim,3254.0,"(52.0872, 10.1601)",329367.9,268682.4,181020.4,307251.5,524298.5,239699.7,533134.5,535810.1,332268.6,339538.8,359242.7,542820.8,386127.4,89906.7,299322.8,123289.6
2202,31191,52.2533,9.9691,Niedersachsen,NI,Landkreis Hildesheim,3254.0,"(52.2533, 9.9691)",352394.8,243482.4,206361.0,330278.5,547325.4,244759.2,556161.4,561150.6,307068.6,314338.8,334042.7,565847.7,360927.4,112933.6,274122.7,146316.5
2203,31195,51.972,10.0305,Niedersachsen,NI,Landkreis Hildesheim,3254.0,"(51.972, 10.0305)",318414.8,245886.3,177695.5,296298.4,513345.4,266694.9,522181.4,524174.8,309472.5,346356.3,336446.6,531867.7,392944.9,60426.7,276526.7,112336.5
2204,31199,52.0962,9.9195,Niedersachsen,NI,Landkreis Hildesheim,3254.0,"(52.0962, 9.9195)",337429.1,227583.5,197231.0,315312.7,532359.7,255910.2,541195.7,543189.1,291169.7,298439.9,318143.8,550882.0,345028.5,71918.6,258223.8,131350.8
2205,31224,52.3233,10.2307,Niedersachsen,NI,Peine,3157.0,"(52.3233, 10.2307)",355668.3,246883.4,186324.3,333551.9,550598.9,222855.8,559434.9,540685.8,310469.6,317739.8,337443.6,573452.5,364328.3,116207.1,277523.7,149590.0
2206,31226,52.3143,10.2336,Niedersachsen,NI,Peine,3157.0,"(52.3143, 10.2336)",354518.7,247937.6,187378.5,332402.3,549449.3,223910.1,558285.2,541740.1,311523.8,318794.1,338497.9,574506.8,365382.6,115057.5,278578.0,148440.4
2207,31228,52.3395,10.2492,Niedersachsen,NI,Peine,3157.0,"(52.3395, 10.2492)",359258.9,246799.7,184205.4,337142.5,554189.5,220736.9,563025.4,538566.9,310385.9,317656.1,337359.9,571333.6,364244.6,119797.7,277440.0,153180.5
2208,31234,52.387,10.2614,Niedersachsen,NI,Peine,3157.0,"(52.387, 10.2614)",364741.8,251589.9,188726.8,342625.4,559672.4,225258.3,568508.3,543088.3,315176.1,322446.3,342150.2,575855.0,369034.9,125280.6,282230.2,158663.4
2209,31241,52.2634,10.1992,Niedersachsen,NI,Peine,3157.0,"(52.2634, 10.1992)",347545.5,252369.4,194168.5,325429.1,542476.1,230700.0,551312.0,548530.0,315955.6,323225.9,342929.7,581296.8,369814.4,108084.3,283009.8,141467.2
2210,31246,52.25,10.2167,Niedersachsen,NI,Peine,3157.0,"(52.25, 10.2167)",347546.3,255571.1,182741.8,325429.9,542476.9,231070.2,551312.8,537531.5,319157.3,326427.5,346131.4,570298.2,373016.1,108085.1,286211.4,141468.0
2211,31249,52.2575,10.0642,Niedersachsen,NI,Peine,3157.0,"(52.2575, 10.0642)",353751.9,251019.5,200883.5,331635.5,548682.5,237415.0,557518.5,555245.0,314605.7,321875.9,341579.8,588011.7,368464.5,114290.7,281659.8,147673.6
2212,31275,52.3719,9.9792,Niedersachsen,NI,Region Hannover,3241.0,"(52.3719, 9.9792)",371546.5,228063.6,204029.0,349430.1,566477.1,240560.5,575313.0,558390.5,291649.8,298920.0,318623.9,591157.2,345508.6,132085.3,258704.0,165468.1
2213,31303,52.4463,10.0064,Niedersachsen,NI,Region Hannover,3241.0,"(52.4463, 10.0064)",380751.4,229521.9,212182.3,358635.0,575682.0,248713.8,584517.9,566543.8,293108.1,300378.3,320082.2,599310.5,346966.9,141290.2,260162.2,174673.1
