,zipcode,lat,long,state,state_code,community_name,community_code,coor,AKB Kitzingen,AKB Dortmund,AKB Zörbig,AKB Schöneck,AKB Buch,Mosolf Etzin,Mosolf Kippenheim,BLG Kelheim,BLG Duisburg,BLG Neuss,Carservice Erkens,ARS Altmann Wolnzach,CAT Zülpich,Autohaus Siebrecht,Neu: FleetParQ Essen ,Neu: FleetParQ Kassel
5412,75053,49.0592,8.6583,Baden-Württemberg,BW,Karlsruhe,8215.0,"(49.0592, 8.6583)",178312.6,349878.8,513742.6,161744.1,183842.5,641198.6,122206.6,326269.8,354034.2,335136.8,374023.9,288134.4,296606.3,369501.9,360563.5,315549.2
5413,75056,49.1047,8.8558,Baden-Württemberg,BW,Karlsruhe,8215.0,"(49.1047, 8.8558)",158589.1,361845.2,494019.1,173710.5,188424.6,621475.0,139366.5,306546.3,366000.6,347103.3,385739.2,297185.3,308321.6,381468.4,372530.0,327515.6
5414,75057,49.0775,8.8456,Baden-Württemberg,BW,Karlsruhe,8215.0,"(49.0775, 8.8456)",162190.5,356636.6,497620.5,168501.9,184955.4,625076.4,136445.4,310147.7,360792.0,341894.6,380781.7,300786.7,303364.0,376259.7,367321.3,322307.0
5415,75059,49.1067,8.8128,Baden-Württemberg,BW,Karlsruhe,8215.0,"(49.1067, 8.8128)",160316.0,351648.6,495746.1,163513.9,192571.9,623202.0,140895.4,308273.2,355804.0,336906.6,375793.7,298912.3,298376.0,371271.7,362333.3,317319.0
5416,75172,48.8919,8.6985,Baden-Württemberg,BW,Pforzheim,8231.0,"(48.8919, 8.6985)",189432.3,380338.1,525089.5,192203.4,164632.1,652545.4,119563.3,305272.5,384493.5,365596.2,404483.2,268924.0,327065.6,399961.2,391022.8,346008.5
5417,75173,48.8833,8.7,Baden-Württemberg,BW,Pforzheim,8231.0,"(48.8833, 8.7)",189069.7,380684.3,524726.9,192549.6,164269.5,652182.9,119909.5,304909.9,384839.7,365942.4,404829.4,268561.4,327411.8,400307.5,391369.1,346354.8
5418,75175,48.8915,8.7156,Baden-Württemberg,BW,Pforzheim,8231.0,"(48.8915, 8.7156)",188409.8,384536.7,524067.0,196402.1,163609.6,651523.0,123762.0,304250.0,388692.1,369794.8,408681.9,267901.5,331264.2,404159.9,395221.5,350207.2
5419,75177,48.8833,8.7,Baden-Württemberg,BW,Pforzheim,8231.0,"(48.8833, 8.7)",189069.7,380684.3,524726.9,192549.6,164269.5,652182.9,119909.5,304909.9,384839.7,365942.4,404829.4,268561.4,327411.8,400307.5,391369.1,346354.8
5420,75179,48.9006,8.6697,Baden-Württemberg,BW,Pforzheim,8231.0,"(48.9006, 8.6697)",196997.2,377358.8,532654.4,189224.1,172196.9,660110.3,116584.0,312837.3,381514.2,362616.9,401503.9,276488.9,324086.3,396981.9,388043.5,343029.2
5421,75180,48.8696,8.6704,Baden-Württemberg,BW,Pforzheim,8231.0,"(48.8696, 8.6704)",193391.6,381510.8,529048.8,193376.1,168591.4,656504.8,120736.0,309231.8,385666.2,366768.8,405655.9,272883.3,328238.2,401133.9,392195.5,347181.2
5422,75181,48.8851,8.7307,Baden-Württemberg,BW,Pforzheim,8231.0,"(48.8851, 8.7307)",185727.4,386468.9,521384.6,198334.2,160927.1,648840.5,125694.1,301567.5,390624.3,371726.9,410614.0,265219.1,333196.3,406092.0,397153.6,352139.3
5423,75196,48.9513,8.5732,Baden-Württemberg,BW,Enzkreis,8236.0,"(48.9513, 8.5732)",204261.9,364309.6,539919.1,176174.9,179461.7,667375.0,112232.5,320102.1,368465.0,349567.6,388454.7,283753.6,311037.0,383932.7,374994.3,329980.0
5424,75203,48.9659,8.6057,Baden-Württemberg,BW,Enzkreis,8236.0,"(48.9659, 8.6057)",187570.4,364842.4,523000.4,176707.7,180090.7,650456.3,112615.1,335527.6,368997.8,350100.5,388987.5,284382.7,311569.9,384465.6,375527.2,330512.8
5425,75210,48.9,8.5833,Baden-Württemberg,BW,Enzkreis,8236.0,"(48.9, 8.5833)",202369.4,373730.1,538026.6,185595.4,177569.2,665482.6,112955.3,318209.6,377885.5,358988.2,397875.2,281861.1,320457.6,393353.2,384414.8,339400.5
5426,75217,48.8667,8.6333,Baden-Württemberg,BW,Enzkreis,8236.0,"(48.8667, 8.6333)",200801.5,381163.2,536458.7,193028.5,176001.3,663914.7,120388.4,316641.7,385318.6,366421.2,405308.3,280293.2,327890.6,400786.3,391847.9,346833.6
5427,75223,48.9167,8.7833,Baden-Württemberg,BW,Enzkreis,8236.0,"(48.9167, 8.7833)",186801.0,385788.1,522458.2,197653.4,162000.8,649914.1,125013.3,302641.2,389943.5,371046.1,409933.2,266292.7,332515.5,405411.2,396472.8,351458.5
5428,75228,48.9167,8.6667,Baden-Württemberg,BW,Enzkreis,8236.0,"(48.9167, 8.6667)",192882.3,381742.0,528539.5,193607.3,168082.1,655995.5,120967.2,308722.5,385897.4,367000.0,405887.1,272374.0,328469.4,401365.1,392426.7,347412.4
5429,75233,48.824,8.8013,Baden-Württemberg,BW,Enzkreis,8236.0,"(48.824, 8.8013)",179744.0,393975.2,515401.2,205840.5,154943.8,642857.1,133200.4,295584.2,398130.6,379233.3,418120.3,259235.7,340702.7,413598.3,404659.9,359645.6
5430,75236,48.93,8.6448,Baden-Württemberg,BW,Enzkreis,8236.0,"(48.93, 8.6448)",195153.4,381623.5,530810.7,193488.8,170353.2,658266.6,120848.7,310993.6,385778.9,366881.5,405768.6,274645.1,328351.0,401246.6,392308.2,347293.9
5431,75239,48.95,8.6667,Baden-Württemberg,BW,Enzkreis,8236.0,"(48.95, 8.6667)",197078.1,369663.5,532735.4,181528.8,172277.9,660191.3,127667.2,312918.3,373818.9,354921.6,393808.6,276569.9,316391.0,389286.7,380348.3,335334.0
5432,75242,48.7926,8.7765,Baden-Württemberg,BW,Enzkreis,8236.0,"(48.7926, 8.7765)",180529.8,397999.1,516187.0,209864.4,155729.5,643642.9,137224.3,296369.9,402154.5,383257.1,422144.2,260021.5,344726.5,417622.2,408683.8,363669.5
5433,75245,48.9667,8.7,Baden-Württemberg,BW,Enzkreis,8236.0,"(48.9667, 8.7)",197186.3,365128.0,532843.5,176993.3,172386.1,660299.5,127775.4,313026.5,369283.3,350386.0,389273.1,276678.0,311855.4,384751.1,375812.7,330798.4
5434,75248,48.9667,8.75,Baden-Württemberg,BW,Enzkreis,8236.0,"(48.9667, 8.75)",183159.5,369143.0,518816.7,181008.3,173856.3,646272.7,129245.6,331343.9,373298.4,354401.0,393288.1,278148.2,315870.4,388766.1,379827.7,334813.4
5435,75249,48.9333,8.75,Baden-Württemberg,BW,Enzkreis,8236.0,"(48.9333, 8.75)",190445.3,385632.2,526102.5,197497.6,165645.1,653558.4,124857.5,306285.5,389787.6,370890.3,409777.4,269937.0,332359.7,405255.4,396317.0,351302.7
5436,75305,48.8452,8.5957,Baden-Württemberg,BW,Enzkreis,8236.0,"(48.8452, 8.5957)",206036.3,386397.9,541693.5,198263.2,181236.1,669149.4,125623.2,321876.5,390553.3,371656.0,410543.1,285528.0,333125.4,406021.1,397082.7,352068.4
5437,75323,48.75,8.55,Baden-Württemberg,BW,Calw,8235.0,"(48.75, 8.55)",205396.7,400318.0,541053.9,212183.3,180596.5,668509.9,122456.1,321236.9,404473.4,385576.1,424463.1,284888.4,347045.5,419941.2,411002.8,365988.4
5438,75328,48.7871,8.645,Baden-Württemberg,BW,Calw,8235.0,"(48.7871, 8.645)",199565.0,392677.6,535222.2,204542.9,174764.8,662678.1,131902.8,315405.2,396832.9,377935.6,416822.7,279056.7,339405.0,412300.7,403362.3,358348.0
5439,75331,48.8333,8.65,Baden-Württemberg,BW,Enzkreis,8236.0,"(48.8333, 8.65)",197213.0,387099.5,532870.2,198964.9,172412.7,660326.1,126324.8,313053.1,391254.9,372357.6,411244.7,276704.7,333827.0,406722.7,397784.3,352770.0
5440,75334,48.8466,8.5431,Baden-Württemberg,BW,Enzkreis,8236.0,"(48.8466, 8.5431)",207416.3,378151.0,543073.5,190016.3,182616.1,670529.4,113845.7,323256.5,382306.4,363409.0,402296.1,286908.0,324878.4,397774.1,388835.7,343821.4
5441,75335,48.8,8.5,Baden-Württemberg,BW,Calw,8235.0,"(48.8, 8.5)",215806.8,383669.2,551464.0,195534.5,191006.5,678919.9,107560.2,331646.9,387824.6,368927.3,407814.3,295298.5,330396.7,403292.4,394354.0,349339.6
5442,75337,48.6664,8.4708,Baden-Württemberg,BW,Calw,8235.0,"(48.6664, 8.4708)",217993.6,411855.9,553650.8,223721.2,189139.2,681106.8,118574.6,329779.6,416011.3,397113.9,436001.0,293431.1,358583.3,431479.0,422540.6,377526.3
5443,75339,48.8,8.5833,Baden-Württemberg,BW,Calw,8235.0,"(48.8, 8.5833)",203000.7,392237.8,538658.0,204103.1,178200.5,666113.9,121446.8,318840.9,396393.2,377495.8,416382.9,282492.4,338965.2,411860.9,402922.5,357908.2
5444,75365,48.7142,8.7403,Baden-Württemberg,BW,Calw,8235.0,"(48.7142, 8.7403)",185751.5,403985.0,521408.7,215850.3,160951.3,648864.7,143210.2,301591.7,408140.4,389243.0,428130.1,265243.2,350712.4,423608.1,414669.7,369655.4
5445,75378,48.7743,8.7297,Baden-Württemberg,BW,Calw,8235.0,"(48.7743, 8.7297)",187022.0,397067.9,522679.2,208933.2,162221.8,650135.1,136293.1,302862.2,401223.3,382326.0,421213.0,266513.7,343795.4,416691.0,407752.6,362738.3
5446,75382,48.7232,8.7943,Baden-Württemberg,BW,Calw,8235.0,"(48.7232, 8.7943)",181072.2,415549.4,516729.5,227414.7,156272.0,644185.4,154774.6,296912.4,419704.8,400807.4,439694.5,260564.0,362276.8,427840.4,426234.1,373887.7
5447,75385,48.6905,8.6928,Baden-Württemberg,BW,Calw,8235.0,"(48.6905, 8.6928)",194932.0,409674.2,530589.2,221539.5,168583.2,658045.2,138883.2,309223.6,413829.6,394932.2,433819.3,272875.1,356401.6,429297.3,420358.9,375344.6
5448,75387,48.6609,8.6961,Baden-Württemberg,BW,Calw,8235.0,"(48.6609, 8.6961)",197531.4,417882.3,533188.7,229747.7,165375.4,660644.6,114078.2,306015.8,422037.7,403140.4,442027.5,269667.4,364609.8,437505.5,428567.1,383552.8
5449,75389,48.6667,8.6,Baden-Württemberg,BW,Calw,8235.0,"(48.6667, 8.6)",206058.9,415101.9,541716.1,226967.2,177394.8,669172.0,114236.1,318035.2,419257.3,400359.9,439247.0,281686.8,361829.3,434725.0,425786.6,380772.3
5450,75391,48.6953,8.8291,Baden-Württemberg,BW,Calw,8235.0,"(48.6953, 8.8291)",181201.7,420086.9,516858.9,231952.2,150028.6,644314.8,159312.2,290669.0,424242.3,405345.0,444232.1,254320.5,366814.4,427969.8,430771.7,374017.1
5451,75392,48.6513,8.8242,Baden-Württemberg,BW,Böblingen,8115.0,"(48.6513, 8.8242)",191984.3,436142.9,527641.6,248008.2,151785.9,655097.5,126841.7,292426.3,440298.3,421400.9,460288.0,256077.8,382870.3,438752.5,446827.6,384799.8
5452,75394,48.7333,8.6667,Baden-Württemberg,BW,Calw,8235.0,"(48.7333, 8.6667)",192636.6,403803.7,528293.8,215669.0,167836.4,655749.7,133012.7,308476.8,407959.1,389061.7,427948.8,272128.3,350531.2,423426.8,414488.4,369474.1
5453,75395,48.7263,8.8482,Baden-Württemberg,BW,Calw,8235.0,"(48.7263, 8.8482)",176672.0,415557.2,512329.2,227422.5,150044.9,639785.1,154782.4,290685.3,419712.6,400815.3,439702.3,254336.9,362284.7,423440.1,426242.0,369487.4
5454,75397,48.7513,8.8114,Baden-Württemberg,BW,Calw,8235.0,"(48.7513, 8.8114)",177572.7,411363.6,513229.9,223228.9,152772.5,640685.9,150588.8,293412.9,415519.0,396621.7,435508.7,257064.4,358091.1,424340.8,422048.3,370388.1
5455,75399,48.825,8.7088,Baden-Württemberg,BW,Calw,8235.0,"(48.825, 8.7088)",191918.1,390091.5,527575.3,201956.8,167117.8,655031.2,129316.7,307758.2,394246.9,375349.5,414236.6,271409.8,336818.9,409714.6,400776.2,355761.9
5456,75417,48.9475,8.8367,Baden-Württemberg,BW,Enzkreis,8236.0,"(48.9475, 8.8367)",173167.4,372049.5,508824.6,183914.8,167661.9,636280.6,130674.5,321351.8,376204.9,357307.6,396194.6,271953.9,318777.0,391672.6,382734.2,337719.9
5457,75428,48.9562,8.9246,Baden-Württemberg,BW,Enzkreis,8236.0,"(48.9562, 8.9246)",167030.9,376993.8,502688.1,188859.1,168353.0,630144.1,137573.8,315215.3,381149.2,362251.9,401138.9,272644.9,323721.3,396616.9,387678.5,342664.2
5458,75433,48.9996,8.8034,Baden-Württemberg,BW,Enzkreis,8236.0,"(48.9996, 8.8034)",167089.5,366273.0,502746.7,178138.3,177140.3,630202.6,133696.1,315273.8,370428.4,351531.1,390418.1,281432.2,313000.5,385896.2,376957.8,331943.4
5459,75438,49.0249,8.7561,Baden-Württemberg,BW,Enzkreis,8236.0,"(49.0249, 8.7561)",172610.6,360677.7,508040.6,172543.0,178976.9,635496.5,134366.2,320567.8,364833.1,345935.7,384822.8,283268.8,307405.1,380300.8,371362.4,326348.1
5460,75443,48.9667,8.8,Baden-Württemberg,BW,Enzkreis,8236.0,"(48.9667, 8.8)",176998.0,369371.0,512655.3,181236.3,171673.3,640111.2,129961.8,325182.4,373526.4,354629.1,393516.1,275965.2,316098.5,388994.1,380055.7,335041.4
5461,75446,48.8833,8.85,Baden-Württemberg,BW,Enzkreis,8236.0,"(48.8833, 8.85)",179168.8,396311.9,514826.1,208177.2,154368.6,642282.0,135537.1,295009.0,400467.3,381569.9,420457.0,258660.5,343039.3,415935.0,406996.6,361982.3
5462,75447,49.0514,8.8508,Baden-Württemberg,BW,Enzkreis,8236.0,"(49.0514, 8.8508)",165410.0,359747.6,500840.0,171612.9,181635.4,628296.0,143089.7,313367.2,363903.0,345005.6,383892.7,285927.3,306475.0,379370.7,370432.3,325418.0
5463,75449,48.8667,8.8167,Baden-Württemberg,BW,Enzkreis,8236.0,"(48.8667, 8.8167)",183687.5,391568.6,519344.7,203433.9,158887.2,646800.6,130793.8,299527.6,395724.0,376826.7,415713.7,263179.2,338296.1,411191.7,402253.3,357239.0
5464,76131,49.0078,8.4199,Baden-Württemberg,BW,Karlsruhe,8212.0,"(49.0078, 8.4199)",201110.8,355923.7,536540.8,167789.0,192795.5,663996.7,101286.4,349068.0,360079.1,341181.8,380068.8,297087.4,302651.2,375546.8,366608.4,321594.1
5465,76133,49.0083,8.3979,Baden-Württemberg,BW,Karlsruhe,8212.0,"(49.0083, 8.3979)",202797.0,357609.9,538227.0,169475.2,194313.1,665682.9,98812.6,350754.1,361765.3,342867.9,377263.8,298605.1,299846.2,377233.0,368294.6,323280.3
5466,76135,48.9907,8.3719,Baden-Württemberg,BW,Karlsruhe,8212.0,"(48.9907, 8.3719)",205421.7,360234.6,540851.7,172099.9,196355.8,668307.6,96291.2,353378.9,364390.0,338797.8,376907.0,300647.7,299489.4,379857.7,370919.3,325905.0
5467,76137,49.0019,8.4287,Baden-Württemberg,BW,Karlsruhe,8212.0,"(49.0019, 8.4287)",199989.4,354802.4,535419.5,166667.7,192459.7,662875.4,100950.6,347946.6,358957.8,340060.4,378947.5,296751.6,301529.8,374425.5,365487.1,320472.8
5468,76139,49.0047,8.3858,Baden-Württemberg,BW,Karlsruhe,8212.0,"(49.0047, 8.3858)",203341.2,358154.2,538771.3,170019.5,197864.3,666227.2,97799.7,351298.4,362309.6,337959.9,376069.1,302156.2,298651.4,377777.3,368838.9,323824.6
5469,76149,49.0401,8.3936,Baden-Württemberg,BW,Karlsruhe,8212.0,"(49.0401, 8.3936)",202984.9,357797.9,538415.0,169663.2,197546.5,665870.9,102008.1,350942.1,361953.3,334157.5,372266.7,301838.4,294849.1,377421.0,368482.6,323468.3
5470,76185,49.0111,8.3601,Baden-Württemberg,BW,Karlsruhe,8212.0,"(49.0111, 8.3601)",206961.4,361774.3,542391.4,173639.6,199420.2,669847.4,99355.6,354918.6,363539.7,335783.7,373892.9,303712.1,296475.2,381397.5,372459.1,327444.8
5471,76187,49.0224,8.3742,Baden-Württemberg,BW,Karlsruhe,8212.0,"(49.0224, 8.3742)",205663.3,360476.2,541093.3,172341.5,197179.5,668549.3,100751.6,353620.5,365424.9,337668.9,375778.1,301471.4,298360.5,380099.4,371161.0,326146.7
5472,76189,49.0148,8.3521,Baden-Württemberg,BW,Karlsruhe,8212.0,"(49.0148, 8.3521)",207656.8,362469.8,543086.9,174335.1,200115.6,670542.8,100051.1,355614.0,363046.1,335290.1,373399.3,304407.6,295981.7,382092.9,373154.5,328140.2
5473,76199,48.9661,8.4043,Baden-Württemberg,BW,Karlsruhe,8212.0,"(48.9661, 8.4043)",205242.3,360055.2,540672.3,171920.5,190967.5,668128.2,94563.3,353199.4,364210.6,345313.3,384200.3,295259.4,306782.7,379678.3,370739.9,325725.6
5474,76227,49.0003,8.4776,Baden-Württemberg,BW,Karlsruhe,8212.0,"(49.0003, 8.4776)",199827.9,354640.8,535257.9,166506.1,193496.1,662713.8,101987.0,347785.1,358796.2,339898.9,378785.9,297788.1,301368.3,374263.9,365325.5,320311.2
5475,76228,49.0047,8.3858,Baden-Württemberg,BW,Karlsruhe,8212.0,"(49.0047, 8.3858)",203341.2,358154.2,538771.3,170019.5,197864.3,666227.2,97799.7,351298.4,362309.6,337959.9,376069.1,302156.2,298651.4,377777.3,368838.9,323824.6
5476,76229,49.0047,8.3858,Baden-Württemberg,BW,Karlsruhe,8212.0,"(49.0047, 8.3858)",203341.2,358154.2,538771.3,170019.5,197864.3,666227.2,97799.7,351298.4,362309.6,337959.9,376069.1,302156.2,298651.4,377777.3,368838.9,323824.6
5477,76275,48.9409,8.4076,Baden-Württemberg,BW,Karlsruhe,8215.0,"(48.9409, 8.4076)",207106.4,361919.3,542536.4,173784.6,192831.6,669992.4,95494.3,355063.6,366074.7,347177.4,386064.5,297123.5,308646.8,381542.5,372604.1,327589.8
5478,76287,48.9685,8.307,Baden-Württemberg,BW,Karlsruhe,8215.0,"(48.9685, 8.307)",214552.2,369365.1,549982.2,181230.4,200277.4,677438.2,90863.5,362509.4,373520.5,341913.1,380022.3,304569.3,302604.6,388988.3,380049.9,335035.6
5479,76297,49.0967,8.4896,Baden-Württemberg,BW,Karlsruhe,8215.0,"(49.0967, 8.4896)",191977.9,346790.9,527408.0,158656.2,205295.3,654863.9,113786.2,339935.1,350946.3,332048.9,370936.0,330574.2,293518.3,366414.0,357475.6,312461.3
5480,76307,48.9167,8.5,Baden-Württemberg,BW,Karlsruhe,8215.0,"(48.9167, 8.5)",211643.4,366456.4,547073.5,178321.7,186720.3,674529.4,105681.6,359600.6,370611.8,351714.4,390601.5,291012.3,313183.8,386079.5,377141.1,332126.8
5481,76316,48.8833,8.3333,Baden-Württemberg,BW,Karlsruhe,8215.0,"(48.8833, 8.3333)",219355.6,374168.6,554785.7,186033.9,205080.8,682241.6,85018.3,367312.8,378324.0,359426.6,398313.7,309372.8,320896.0,393791.7,384853.3,339839.0
5482,76327,49.0044,8.5209,Baden-Württemberg,BW,Karlsruhe,8215.0,"(49.0044, 8.5209)",201317.3,356130.3,536747.4,167995.6,197447.0,664203.3,105937.9,349274.5,360285.7,341388.3,380275.4,301739.0,302857.7,375753.4,366815.0,321800.7
5483,76332,48.7979,8.4362,Baden-Württemberg,BW,Calw,8235.0,"(48.7979, 8.4362)",225908.2,380721.1,561338.2,192586.4,197229.3,688794.1,99704.9,373865.4,384876.5,365979.2,404866.2,301521.2,327448.6,400344.2,391405.8,346391.5
5484,76337,48.9183,8.4923,Baden-Württemberg,BW,Karlsruhe,8215.0,"(48.9183, 8.4923)",211992.5,366805.4,547422.5,178670.7,187069.4,674878.4,106030.6,359949.7,370960.8,352063.5,390950.5,291361.3,313532.9,386428.5,377490.1,332475.8
5485,76344,49.0901,8.3988,Baden-Württemberg,BW,Karlsruhe,8215.0,"(49.0901, 8.3988)",198510.4,353323.4,533940.5,165188.7,206223.7,661396.4,112973.9,346467.6,357478.8,329683.0,367792.2,337106.7,290374.6,372946.5,364008.1,318993.8
5486,76351,49.132,8.4124,Baden-Württemberg,BW,Karlsruhe,8215.0,"(49.132, 8.4124)",193273.0,348086.0,528703.1,159951.3,209781.4,656159.0,116531.5,341230.2,352241.4,322544.5,360653.7,331869.3,283236.1,367709.1,358770.7,313756.4
5487,76356,49.0546,8.5268,Baden-Württemberg,BW,Karlsruhe,8215.0,"(49.0546, 8.5268)",193992.8,348805.7,529422.8,160671.0,202165.5,656878.8,110656.4,341950.0,352961.1,334063.8,372950.9,306457.4,295533.2,368428.9,359490.5,314476.2
5488,76359,48.8667,8.45,Baden-Württemberg,BW,Karlsruhe,8215.0,"(48.8667, 8.45)",217440.3,372253.2,552870.4,184118.6,194076.1,680326.3,105828.2,365397.5,376408.6,357511.3,396398.4,298368.0,318980.7,391876.4,382938.0,337923.7
5489,76437,48.8585,8.2096,Baden-Württemberg,BW,Rastatt,8216.0,"(48.8585, 8.2096)",225465.8,380278.8,560895.9,192144.1,211191.0,688351.8,76248.4,373423.0,384434.2,365536.8,404423.9,315483.0,327006.2,399901.9,390963.5,345949.2
5490,76448,48.9333,8.2667,Baden-Württemberg,BW,Rastatt,8216.0,"(48.9333, 8.2667)",217882.5,372695.4,553312.5,184560.7,203607.7,680768.4,86709.5,365839.7,376850.8,346787.7,384896.9,307899.6,307479.3,392318.5,383380.1,338365.8
5491,76456,48.8279,8.2542,Baden-Württemberg,BW,Rastatt,8216.0,"(48.8279, 8.2542)",227088.4,381901.3,562518.4,193766.6,212813.6,689974.4,77475.5,375045.6,386056.7,367159.4,406046.4,317105.5,328628.8,401524.5,392586.1,347571.8
5492,76461,48.8667,8.2833,Baden-Württemberg,BW,Rastatt,8216.0,"(48.8667, 8.2833)",226540.5,381353.5,561970.6,193218.8,212265.7,689426.5,81097.8,374497.7,385508.9,366611.5,405498.6,316557.7,328080.9,400976.6,392038.2,347023.9
5493,76467,48.9092,8.252,Baden-Württemberg,BW,Rastatt,8216.0,"(48.9092, 8.252)",222679.4,377492.4,558109.5,189357.7,208404.7,685565.4,83471.9,370636.6,381647.8,362750.4,388905.8,312696.6,311488.2,397115.5,388177.1,343162.8
