,zipcode,lat,long,state,state_code,community_name,community_code,coor,AKB Kitzingen,AKB Dortmund,AKB Zörbig,AKB Schöneck,AKB Buch,Mosolf Etzin,Mosolf Kippenheim,BLG Kelheim,BLG Duisburg,BLG Neuss,Carservice Erkens,ARS Altmann Wolnzach,CAT Zülpich,Autohaus Siebrecht,Neu: FleetParQ Essen ,Neu: FleetParQ Kassel
738,12623,52.5026,13.6165,Berlin,BE,"Berlin, Stadt",11000.0,"(52.5026, 13.6165)",539525.2,532521.9,191494.9,588170.4,676967.2,95316.0,809579.9,543409.1,596108.1,603378.3,623082.2,576175.8,649966.9,386493.1,563162.2,419876.0
739,12627,52.5372,13.6135,Berlin,BE,"Berlin, Stadt",11000.0,"(52.5372, 13.6135)",543449.8,536446.5,195419.4,592095.0,680891.8,92622.3,813504.5,547333.7,600032.7,607302.9,627006.8,580100.4,653891.5,390417.7,567086.8,423800.6
740,12629,52.5413,13.5901,Berlin,BE,"Berlin, Stadt",11000.0,"(52.5413, 13.5901)",544385.1,537381.8,196354.7,593030.3,681827.1,87285.8,814439.8,548269.0,600968.0,608238.2,627942.0,581035.7,654826.7,391353.0,568022.1,424735.9
741,12679,52.5501,13.566,Berlin,BE,"Berlin, Stadt",11000.0,"(52.5501, 13.566)",546278.9,532750.2,198248.5,594924.1,683720.9,87194.1,816333.6,550162.8,596336.4,603606.6,623310.5,582929.5,650195.2,386721.4,563390.5,420104.3
742,12681,52.5369,13.5367,Berlin,BE,"Berlin, Stadt",11000.0,"(52.5369, 13.5367)",522232.6,515229.3,174202.2,570877.8,659674.6,88274.8,792287.3,526116.5,578815.5,586085.7,605789.5,558883.2,632674.2,369200.5,545869.6,402583.4
743,12683,52.5075,13.5591,Berlin,BE,"Berlin, Stadt",11000.0,"(52.5075, 13.5591)",517759.7,510756.4,169729.3,566404.9,655201.7,91788.1,787814.4,521643.6,574342.6,581612.8,601316.7,554410.3,628201.4,364727.6,541396.7,398110.5
744,12685,52.5391,13.565,Berlin,BE,"Berlin, Stadt",11000.0,"(52.5391, 13.565)",523366.6,516363.2,175336.2,572011.7,660808.5,89202.3,793421.2,527250.4,579949.4,587219.6,606923.5,560017.1,633808.2,370334.4,547003.5,403717.3
745,12687,52.5564,13.5645,Berlin,BE,"Berlin, Stadt",11000.0,"(52.5564, 13.5645)",546746.7,532057.0,198716.3,595391.9,684188.7,86500.9,816801.4,550630.6,595643.2,602913.4,622617.3,583397.3,649502.0,386028.2,562697.3,419411.1
746,12689,52.5665,13.5675,Berlin,BE,"Berlin, Stadt",11000.0,"(52.5665, 13.5675)",550060.6,530159.1,202030.2,598705.8,687502.6,84603.0,820115.3,553944.4,593745.3,601015.5,620719.4,586711.1,647604.1,384130.3,560799.4,417513.2
747,13051,52.5815,13.4908,Berlin,BE,"Berlin, Stadt",11000.0,"(52.5815, 13.4908)",511306.9,530452.4,163276.5,559952.0,648748.8,84896.2,781361.5,515190.7,594038.6,601308.8,621012.7,547957.4,647897.4,384423.6,561092.7,417806.5
748,13053,52.55,13.5046,Berlin,BE,"Berlin, Stadt",11000.0,"(52.55, 13.5046)",509379.3,502375.9,161348.9,558024.4,646821.2,81025.5,779433.9,513263.1,565962.1,573232.3,592936.2,546029.8,619820.9,356347.1,533016.2,389730.0
749,13055,52.5401,13.496,Berlin,BE,"Berlin, Stadt",11000.0,"(52.5401, 13.496)",506923.5,499920.2,158893.1,555568.7,644365.5,81743.1,776978.2,510807.4,563506.4,570776.6,590480.5,543574.1,617365.2,353891.4,530560.5,387274.3
750,13057,52.5711,13.5415,Berlin,BE,"Berlin, Stadt",11000.0,"(52.5711, 13.5415)",512516.9,531297.7,164486.6,561162.1,649958.9,85741.5,782571.6,516400.8,594883.9,602154.1,621858.0,549167.5,648742.7,385268.9,561938.0,418651.8
751,13059,52.5809,13.5217,Berlin,BE,"Berlin, Stadt",11000.0,"(52.5809, 13.5217)",512108.8,526619.2,164078.4,560754.0,649550.8,81063.1,782163.5,515992.7,590205.5,597475.7,617179.5,548759.4,644064.2,380590.5,557259.6,413973.4
752,13086,52.5565,13.4482,Berlin,BE,"Berlin, Stadt",11000.0,"(52.5565, 13.4482)",505358.6,498355.2,157328.2,554003.8,642800.6,78264.8,775413.3,509242.4,561941.5,569211.7,588915.5,542009.1,615800.2,352326.5,528995.6,385709.4
753,13088,52.5603,13.4708,Berlin,BE,"Berlin, Stadt",11000.0,"(52.5603, 13.4708)",507317.5,500314.1,159287.1,555962.7,644759.5,78515.4,777372.2,511201.3,563900.3,571170.6,590874.4,543968.0,617759.1,354285.4,530954.5,387668.2
754,13089,52.5707,13.441,Berlin,BE,"Berlin, Stadt",11000.0,"(52.5707, 13.441)",506274.6,521567.4,158244.2,554919.8,643716.6,76011.3,776329.3,510158.5,585153.6,592423.8,612127.7,542925.2,639012.4,375538.7,552207.8,408921.5
755,13125,52.6329,13.4829,Berlin,BE,"Berlin, Stadt",11000.0,"(52.6329, 13.4829)",515155.1,520950.8,167124.7,563800.3,652597.1,75394.7,785209.8,519038.9,584537.0,591807.2,611511.1,551805.6,638395.8,374922.0,551591.1,408304.9
756,13127,52.62,13.438,Berlin,BE,"Berlin, Stadt",11000.0,"(52.62, 13.438)",509976.1,524988.4,161945.7,558621.3,647418.1,79432.3,780030.8,513859.9,588574.6,595844.8,615548.7,546626.6,642433.4,378959.7,555628.8,412342.5
757,13129,52.5921,13.4579,Berlin,BE,"Berlin, Stadt",11000.0,"(52.5921, 13.4579)",508252.7,519386.1,160222.3,556897.8,645694.6,73830.0,778307.3,512136.5,582972.3,590242.5,609946.4,544903.2,636831.1,373357.3,550026.4,406740.2
758,13156,52.5824,13.3997,Berlin,BE,"Berlin, Stadt",11000.0,"(52.5824, 13.3997)",503745.9,496742.6,155715.5,552391.1,641187.9,76879.4,773800.6,507629.8,560328.8,567599.0,587302.8,540396.5,614187.5,350713.8,527382.9,384096.7
759,13158,52.5932,13.3835,Berlin,BE,"Berlin, Stadt",11000.0,"(52.5932, 13.3835)",504156.2,497152.8,156125.8,552801.4,641598.1,74436.1,774210.8,508040.0,560739.0,568009.2,587713.1,540806.7,614597.8,351124.0,527793.2,384506.9
760,13159,52.623,13.3978,Berlin,BE,"Berlin, Stadt",11000.0,"(52.623, 13.3978)",509065.5,514167.6,161035.1,557710.7,646507.5,68611.5,779120.2,512949.4,577753.8,585024.0,604727.9,545716.1,631612.6,368138.8,544807.9,401521.7
761,13187,52.5695,13.4084,Berlin,BE,"Berlin, Stadt",11000.0,"(52.5695, 13.4084)",503217.0,496213.6,155186.6,551862.2,640658.9,76217.5,773271.6,507100.8,559799.8,567070.0,586773.9,539867.5,613658.6,350184.9,526854.0,383567.7
762,13189,52.5643,13.4219,Berlin,BE,"Berlin, Stadt",11000.0,"(52.5643, 13.4219)",504612.7,497609.3,156582.3,553257.9,642054.7,75966.8,774667.4,508496.5,561195.5,568465.8,588169.6,541263.2,615054.3,351580.6,528249.7,384963.4
763,13347,52.5491,13.3655,Berlin,BE,"Berlin, Stadt",11000.0,"(52.5491, 13.3655)",499302.6,492299.2,151272.2,547947.7,636744.5,51452.3,769357.2,503186.4,555885.4,563155.6,582859.5,535953.1,609744.2,346270.4,522939.5,379653.3
764,13349,52.558,13.3473,Berlin,BE,"Berlin, Stadt",11000.0,"(52.558, 13.3473)",498835.9,491832.5,150805.5,547481.1,636277.9,50985.6,768890.6,502719.8,555418.8,562689.0,582392.8,535486.5,609277.5,345803.8,522472.9,379186.7
765,13351,52.5507,13.3328,Berlin,BE,"Berlin, Stadt",11000.0,"(52.5507, 13.3328)",497787.4,490784.0,149757.0,546432.6,635229.4,49937.1,767842.1,501671.2,554370.2,561640.5,581344.3,534437.9,608229.0,344755.3,521424.4,378138.2
766,13353,52.5416,13.3495,Berlin,BE,"Berlin, Stadt",11000.0,"(52.5416, 13.3495)",497986.7,490983.4,149956.3,546631.9,635428.7,50136.5,768041.4,501870.6,554569.6,561839.8,581543.7,534637.3,608428.4,344954.6,521623.7,378337.5
767,13355,52.5416,13.3904,Berlin,BE,"Berlin, Stadt",11000.0,"(52.5416, 13.3904)",501452.4,494449.0,153422.0,550097.6,638894.3,53602.1,771507.0,505336.2,558035.2,565305.4,585009.3,538102.9,611894.0,348420.3,525089.4,381803.1
768,13357,52.5502,13.3828,Berlin,BE,"Berlin, Stadt",11000.0,"(52.5502, 13.3828)",500795.1,493791.8,152764.8,549440.3,638237.1,52944.9,770849.8,504679.0,557378.0,564648.2,584352.1,537445.7,611236.8,347763.0,524432.1,381145.9
769,13359,52.5599,13.3851,Berlin,BE,"Berlin, Stadt",11000.0,"(52.5599, 13.3851)",500973.8,493970.4,152943.4,549619.0,638415.8,53123.5,771028.5,504857.6,557556.7,564826.9,584530.7,537624.3,611415.4,347941.7,524610.8,381324.6
770,13403,52.5739,13.3224,Berlin,BE,"Berlin, Stadt",11000.0,"(52.5739, 13.3224)",498863.1,491859.7,150832.7,547508.2,636305.0,66803.7,768917.7,502746.9,555445.9,562716.1,582420.0,535513.6,609304.7,345830.9,522500.0,379213.8
771,13405,52.5596,13.2967,Berlin,BE,"Berlin, Stadt",11000.0,"(52.5596, 13.2967)",496833.2,489829.8,148802.8,545478.4,634275.2,48983.0,766887.9,500717.1,553416.1,560686.3,580390.1,533483.8,607274.8,343801.1,520470.2,377184.0
772,13407,52.5727,13.3512,Berlin,BE,"Berlin, Stadt",11000.0,"(52.5727, 13.3512)",500262.3,493258.9,152231.9,548907.5,637704.3,68610.0,770317.0,504146.1,556845.1,564115.3,583819.2,536912.8,610703.9,347230.2,523899.3,380613.0
773,13409,52.5679,13.3714,Berlin,BE,"Berlin, Stadt",11000.0,"(52.5679, 13.3714)",500849.7,493846.4,152819.3,549494.9,638291.7,52999.5,770904.4,504733.6,557432.6,564702.8,584406.7,537500.3,611291.4,347817.6,524486.7,381200.5
774,13435,52.602,13.3456,Berlin,BE,"Berlin, Stadt",11000.0,"(52.602, 13.3456)",502362.5,495359.1,154332.1,551007.7,639804.5,67692.7,772417.2,506246.4,558945.4,566215.6,585919.4,539013.1,612804.1,349330.4,525999.5,382713.3
775,13437,52.5905,13.3284,Berlin,BE,"Berlin, Stadt",11000.0,"(52.5905, 13.3284)",500558.7,493555.3,152528.3,549203.9,638000.7,66147.6,770613.4,504442.5,557141.6,564411.8,584115.6,537209.2,611000.3,347526.6,524195.7,380909.5
776,13439,52.5976,13.3584,Berlin,BE,"Berlin, Stadt",11000.0,"(52.5976, 13.3584)",502968.0,495964.7,154937.6,551613.2,640410.0,68557.0,773022.7,506851.9,559550.9,566821.1,586524.9,539618.6,613409.7,349935.9,526605.0,383318.8
777,13465,52.6399,13.2896,Berlin,BE,"Berlin, Stadt",11000.0,"(52.6399, 13.2896)",507675.7,507237.2,159645.4,556320.9,645117.7,61681.1,777730.4,511559.6,570823.4,578093.6,597797.5,544326.3,624682.2,361208.4,537877.5,394591.3
778,13467,52.6171,13.3075,Berlin,BE,"Berlin, Stadt",11000.0,"(52.6171, 13.3075)",504696.9,497693.6,156666.5,553342.1,642138.9,66234.3,774751.6,508580.8,561279.8,568550.0,588253.8,541347.5,615138.5,351664.8,528333.9,385047.7
779,13469,52.6119,13.3422,Berlin,BE,"Berlin, Stadt",11000.0,"(52.6119, 13.3422)",503538.7,496535.4,155508.3,552183.9,640980.7,67064.2,773593.4,507422.6,560121.6,567391.8,587095.7,540189.3,613980.4,350506.6,527175.7,383889.5
780,13503,52.6122,13.2488,Berlin,BE,"Berlin, Stadt",11000.0,"(52.6122, 13.2488)",505117.2,505189.4,157086.8,553762.4,642559.2,59633.3,775171.9,509001.1,568775.6,576045.8,595749.7,541767.8,622634.4,359160.6,535829.7,392543.5
781,13505,52.5839,13.2404,Berlin,BE,"Berlin, Stadt",11000.0,"(52.5839, 13.2404)",506109.1,486486.2,158078.7,554754.2,643551.0,45301.4,776163.7,509992.9,550072.4,557342.6,577046.5,542759.6,603931.2,340457.4,517126.5,373840.3
782,13507,52.5765,13.2717,Berlin,BE,"Berlin, Stadt",11000.0,"(52.5765, 13.2717)",501030.8,494027.4,153000.4,549676.0,638472.8,65712.0,771085.5,504914.7,557613.7,564883.9,584587.7,537681.4,611472.4,347998.7,524667.8,381381.6
783,13509,52.5892,13.3006,Berlin,BE,"Berlin, Stadt",11000.0,"(52.5892, 13.3006)",500594.1,493590.8,152563.7,549239.3,638036.1,64516.9,770648.8,504478.0,557177.0,564447.2,584151.1,537244.7,611035.8,347562.0,524231.1,380944.9
784,13581,52.531,13.1794,Berlin,BE,"Berlin, Stadt",11000.0,"(52.531, 13.1794)",501806.3,477230.5,153775.9,550451.5,639248.3,36045.7,771861.0,505690.1,540816.7,548086.9,567790.8,538456.8,594675.5,331201.7,507870.8,364584.6
785,13583,52.5437,13.1824,Berlin,BE,"Berlin, Stadt",11000.0,"(52.5437, 13.1824)",502790.2,478214.4,154759.8,551435.4,640232.2,37029.6,772844.9,506674.1,541800.6,549070.8,568774.7,539440.8,595659.4,332185.6,508854.7,365568.5
786,13585,52.5477,13.2049,Berlin,BE,"Berlin, Stadt",11000.0,"(52.5477, 13.2049)",498940.5,480441.7,150910.2,547585.7,636382.5,39256.9,768995.2,502824.4,544027.9,551298.1,571002.0,535591.1,597886.7,334412.9,511082.0,367795.8
787,13587,52.5767,13.1854,Berlin,BE,"Berlin, Stadt",11000.0,"(52.5767, 13.1854)",502106.3,482891.6,154076.0,550751.5,639548.3,41706.8,772161.0,505990.2,546477.8,553748.0,573451.9,538756.9,600336.6,336862.8,513531.9,370245.7
788,13589,52.557,13.1676,Berlin,BE,"Berlin, Stadt",11000.0,"(52.557, 13.1676)",503003.0,478427.2,154972.6,551648.2,640445.0,37242.5,773057.7,506886.9,542013.4,549283.7,568987.5,539653.6,595872.2,332398.5,509067.6,365781.3
789,13591,52.5345,13.1405,Berlin,BE,"Berlin, Stadt",11000.0,"(52.5345, 13.1405)",499222.4,474646.6,151192.0,547867.6,636664.4,33461.8,769277.1,503106.3,538232.8,545503.0,565206.9,535873.0,592091.6,328617.8,505286.9,362000.7
790,13593,52.5148,13.1672,Berlin,BE,"Berlin, Stadt",11000.0,"(52.5148, 13.1672)",500828.3,476252.5,152797.9,549473.5,638270.3,35067.7,770883.0,504712.1,539838.7,547108.9,566812.8,537478.8,593697.5,330223.7,506892.8,363606.6
791,13595,52.5116,13.1962,Berlin,BE,"Berlin, Stadt",11000.0,"(52.5116, 13.1962)",496096.5,477963.4,148066.1,544741.7,633538.5,36778.7,766151.2,499980.4,541549.6,548819.9,568523.7,532747.1,595408.4,331934.7,508603.8,365317.5
792,13597,52.5272,13.2195,Berlin,BE,"Berlin, Stadt",11000.0,"(52.5272, 13.2195)",495655.4,479862.1,147625.0,544300.6,633097.4,38677.4,765710.1,499539.2,543448.4,550718.6,570422.4,532305.9,597307.1,333833.4,510502.5,367216.3
793,13599,52.5463,13.235,Berlin,BE,"Berlin, Stadt",11000.0,"(52.5463, 13.235)",498073.8,482667.4,150043.4,546719.0,635515.8,41482.6,768128.5,501957.7,546253.6,553523.8,573227.7,534724.4,600112.4,336638.6,513307.7,370021.5
794,13627,52.5398,13.2991,Berlin,BE,"Berlin, Stadt",11000.0,"(52.5398, 13.2991)",494390.8,487387.5,146360.4,543036.0,631832.8,46540.6,764445.5,498274.7,550973.7,558243.9,577947.8,531041.4,604832.5,341358.7,518027.8,374741.6
795,13629,52.5422,13.2661,Berlin,BE,"Berlin, Stadt",11000.0,"(52.5422, 13.2661)",495538.8,488535.5,147508.4,544184.0,632980.8,43020.9,765593.5,499422.7,552121.7,559391.9,579095.8,532189.4,605980.5,342506.7,519175.8,375889.6
796,14050,52.5208,13.2683,Berlin,BE,"Berlin, Stadt",11000.0,"(52.5208, 13.2683)",492511.4,485508.0,144481.0,541156.5,629953.3,43157.9,762566.0,496395.2,549094.2,556364.4,576068.3,529161.9,602953.0,339479.2,516148.3,372862.1
797,14052,52.5156,13.2569,Berlin,BE,"Berlin, Stadt",11000.0,"(52.5156, 13.2569)",492177.4,485174.1,144147.0,540822.6,629619.4,41369.7,762232.1,496061.3,548760.3,556030.5,575734.4,528828.0,602619.1,339145.3,515814.4,372528.2
798,14053,52.5159,13.2387,Berlin,BE,"Berlin, Stadt",11000.0,"(52.5159, 13.2387)",495872.9,481878.6,147842.5,544518.1,633314.9,40693.8,765927.6,499756.7,545464.8,552735.0,572438.8,532523.4,599323.5,335849.8,512518.9,369232.7
799,14055,52.502,13.2447,Berlin,BE,"Berlin, Stadt",11000.0,"(52.502, 13.2447)",492963.4,485960.1,144933.0,541608.6,630405.4,41644.8,763018.1,496847.3,549546.3,556816.5,576520.4,529614.0,603405.1,339931.3,516600.4,373314.2
800,14057,52.5073,13.2879,Berlin,BE,"Berlin, Stadt",11000.0,"(52.5073, 13.2879)",490675.6,483672.3,142645.2,539320.8,628117.6,43102.6,760730.3,494559.5,547258.5,554528.7,574232.6,527326.2,601117.3,337643.5,514312.6,371026.4
801,14059,52.5205,13.2878,Berlin,BE,"Berlin, Stadt",11000.0,"(52.5205, 13.2878)",491736.8,484733.5,143706.4,540382.0,629178.8,44014.1,761791.5,495620.7,548319.7,555589.9,575293.8,528387.4,602178.5,338704.7,515373.8,372087.6
802,14089,52.4708,13.1516,Berlin,BE,"Berlin, Stadt",11000.0,"(52.4708, 13.1516)",499003.9,474428.1,150973.5,547649.1,636445.9,32603.3,769058.6,502887.8,538014.3,545284.5,564988.4,535654.5,591873.1,328399.4,505068.5,361782.2
803,14109,52.4197,13.144,Berlin,BE,"Berlin, Stadt",11000.0,"(52.4197, 13.144)",482422.3,475418.9,134391.9,531067.5,619864.3,31093.9,752476.9,486306.1,539005.1,546275.3,565979.2,519072.8,592863.9,329390.2,506059.3,362773.0
804,14129,52.4463,13.2026,Berlin,BE,"Berlin, Stadt",11000.0,"(52.4463, 13.2026)",482646.8,475643.5,134616.4,531292.0,620088.8,43997.4,752701.5,486530.7,539229.7,546499.9,566203.8,519297.4,593088.5,329614.7,506283.8,362997.6
805,14163,52.4368,13.2385,Berlin,BE,"Berlin, Stadt",11000.0,"(52.4368, 13.2385)",481753.2,474749.8,133722.8,530398.4,619195.2,43103.7,751807.9,485637.1,538336.1,545606.3,565310.1,518403.8,592194.8,328721.1,505390.2,362104.0
806,14165,52.4175,13.2536,Berlin,BE,"Berlin, Stadt",11000.0,"(52.4175, 13.2536)",483400.4,476397.1,135370.0,532045.6,620842.4,44751.0,753455.1,487284.3,539983.3,547253.5,566957.4,520051.0,593842.1,330368.3,507037.4,363751.2
807,14167,52.4212,13.2765,Berlin,BE,"Berlin, Stadt",11000.0,"(52.4212, 13.2765)",484967.4,477964.0,136937.0,533612.6,622409.4,46317.9,755022.1,488851.2,541550.2,548820.5,568524.3,521617.9,595409.0,331935.3,508604.4,365318.1
808,14169,52.4496,13.2573,Berlin,BE,"Berlin, Stadt",11000.0,"(52.4496, 13.2573)",483958.4,476955.0,135928.0,532603.6,621400.3,45308.9,754013.0,487842.2,540541.2,547811.4,567515.3,520608.9,594400.0,330926.3,507595.4,364309.1
809,14193,52.4831,13.2365,Berlin,BE,"Berlin, Stadt",11000.0,"(52.4831, 13.2365)",486223.6,479220.2,138193.2,534868.8,623665.6,47574.1,756278.3,490107.4,542806.4,550076.7,569780.5,522874.1,596665.2,333191.5,509860.6,366574.3
810,14195,52.4589,13.2829,Berlin,BE,"Berlin, Stadt",11000.0,"(52.4589, 13.2829)",486263.9,479260.5,138233.5,534909.1,623705.9,47614.4,756318.6,490147.7,542846.7,550117.0,569820.8,522914.4,596705.5,333231.8,509900.9,366614.7
811,14197,52.4734,13.3118,Berlin,BE,"Berlin, Stadt",11000.0,"(52.4734, 13.3118)",493855.4,486852.0,145825.0,542500.5,631297.3,47465.8,763910.0,497739.2,550438.2,557708.4,577412.3,530505.9,604297.0,340823.2,517492.3,374206.1
812,14199,52.4777,13.2951,Berlin,BE,"Berlin, Stadt",11000.0,"(52.4777, 13.2951)",492726.9,485723.6,144696.5,541372.1,630168.9,46337.4,762781.6,496610.8,549309.8,556580.0,576283.9,529377.5,603168.6,339694.8,516363.9,373077.7
813,14467,52.403,13.0626,Brandenburg,BB,Kreisfreie Stadt Potsdam,12054.0,"(52.403, 13.0626)",471936.1,460355.3,123905.7,520581.3,609378.1,24592.3,741990.8,475819.9,523941.5,531211.7,550915.6,508586.6,577800.3,314326.5,490995.7,347709.4
814,14469,52.4091,12.9899,Brandenburg,BB,Kreisfreie Stadt Potsdam,12054.0,"(52.4091, 12.9899)",470368.8,456151.6,122338.4,519013.9,607810.7,24208.6,740423.4,474252.6,519737.8,527008.1,546711.9,507019.3,573596.6,310122.9,486792.0,343505.7
815,14471,52.3744,13.0102,Brandenburg,BB,Kreisfreie Stadt Potsdam,12054.0,"(52.3744, 13.0102)",466557.2,452993.0,118526.8,515202.4,603999.2,26451.7,736611.9,470441.1,516579.3,523849.5,543553.3,503207.8,570438.0,306964.3,483633.4,340347.2
816,14473,52.3908,13.0645,Brandenburg,BB,Kreisfreie Stadt Potsdam,12054.0,"(52.3908, 13.0645)",469371.8,462368.4,121341.4,518017.0,606813.8,25837.1,739426.5,473255.6,525954.7,533224.9,552928.7,506022.4,579813.4,316339.7,493008.8,349722.6
817,14476,52.45821111111111,12.993755555555556,Brandenburg,BB,Kreisfreie Stadt Potsdam,12054.0,"(52.45821111111111, 12.993755555555556)",482264.3,457688.5,134233.9,530909.5,619706.3,15863.7,752319.0,486148.2,521274.7,528544.9,548248.8,518914.9,575133.5,311659.7,488328.8,345042.6
818,14478,52.3725,13.0914,Brandenburg,BB,Kreisfreie Stadt Potsdam,12054.0,"(52.3725, 13.0914)",473344.9,466341.6,125314.5,521990.1,610786.9,28557.2,743399.6,477228.8,529927.8,537198.0,556901.8,509995.5,583786.5,320312.8,496981.9,353695.7
819,14480,52.3689,13.1273,Brandenburg,BB,Kreisfreie Stadt Potsdam,12054.0,"(52.3689, 13.1273)",474601.6,467598.2,126571.2,523246.8,612043.5,31128.2,744656.2,478485.4,531184.4,538454.6,558158.5,511252.1,585043.2,321569.5,498238.6,354952.3
