,zipcode,lat,long,state,state_code,community_name,community_code,coor,AKB Kitzingen,AKB Dortmund,AKB Zörbig,AKB Schöneck,AKB Buch,Mosolf Etzin,Mosolf Kippenheim,BLG Kelheim,BLG Duisburg,BLG Neuss,Carservice Erkens,ARS Altmann Wolnzach,CAT Zülpich,Autohaus Siebrecht,Neu: FleetParQ Essen ,Neu: FleetParQ Kassel
2296,32289,52.25,8.4833,Nordrhein-Westfalen,NW,Herford,5758.0,"(52.25, 8.4833)",373778.4,157132.0,327989.2,351662.0,568709.0,364520.7,577545.0,579538.4,197930.0,222038.6,224904.1,587231.3,274243.5,132278.5,177065.9,171352.8
2297,32312,52.307,8.6142,Nordrhein-Westfalen,NW,Minden-Lübbecke,5770.0,"(52.307, 8.6142)",375074.9,149654.8,324795.0,352958.5,570005.5,361326.5,578841.5,580834.9,213241.0,220511.2,240215.1,588527.8,267099.8,133575.0,180295.2,172649.3
2298,32339,52.3825,8.6213,Nordrhein-Westfalen,NW,Minden-Lübbecke,5770.0,"(52.3825, 8.6213)",384268.9,158848.8,307978.3,362152.5,579199.5,344509.8,588035.4,590028.9,210851.3,229705.2,237825.3,597721.8,276293.8,142768.9,189987.2,181843.3
2299,32351,52.4167,8.45,Nordrhein-Westfalen,NW,Minden-Lübbecke,5770.0,"(52.4167, 8.45)",410923.3,158953.3,322509.2,388806.9,605853.8,359040.7,614689.8,616683.3,199751.4,223860.0,226725.5,624376.1,276064.8,153842.9,178887.3,208497.6
2300,32361,52.3412,8.5253,Nordrhein-Westfalen,NW,Minden-Lübbecke,5770.0,"(52.3412, 8.5253)",382476.3,157056.2,332196.3,360359.9,577406.9,368727.8,586242.8,588236.3,210802.3,234911.0,237776.4,595929.1,287115.8,140976.3,189938.3,180050.7
2301,32369,52.4337,8.6126,Nordrhein-Westfalen,NW,Minden-Lübbecke,5770.0,"(52.4337, 8.6126)",389761.2,164341.1,308578.4,367644.8,584691.8,345109.9,593527.7,595521.2,211851.7,235960.3,238825.8,603214.1,288165.2,144190.0,190987.6,187335.6
2302,32423,52.2873,8.9243,Nordrhein-Westfalen,NW,Minden-Lübbecke,5770.0,"(52.2873, 8.9243)",375556.9,150136.7,292046.4,353440.5,570487.4,328577.9,579323.4,581316.9,213723.0,220993.2,240697.0,589009.7,267581.7,114169.0,180777.1,173131.2
2303,32425,52.2833,8.9167,Nordrhein-Westfalen,NW,Minden-Lübbecke,5770.0,"(52.2833, 8.9167)",375315.5,149895.4,293575.1,353199.1,570246.1,330106.6,579082.1,581075.5,213481.6,220751.8,240455.7,588768.4,267340.4,115697.7,180535.8,172889.9
2304,32427,52.2946,8.8976,Nordrhein-Westfalen,NW,Minden-Lübbecke,5770.0,"(52.2946, 8.8976)",376520.2,151100.1,294779.8,354403.8,571450.8,331311.3,580286.8,582280.2,214686.3,221956.5,241660.4,589973.1,268545.1,116902.4,181740.5,174094.6
2305,32429,52.2833,8.9167,Nordrhein-Westfalen,NW,Minden-Lübbecke,5770.0,"(52.2833, 8.9167)",375315.5,149895.4,293575.1,353199.1,570246.1,330106.6,579082.1,581075.5,213481.6,220751.8,240455.7,588768.4,267340.4,115697.7,180535.8,172889.9
2306,32457,52.2296,8.9161,Nordrhein-Westfalen,NW,Minden-Lübbecke,5770.0,"(52.2296, 8.9161)",369675.0,144254.9,289214.7,347558.6,564605.6,325746.2,573441.6,575435.0,207841.1,215111.3,234815.2,583127.9,261699.9,112223.2,174895.3,167249.4
2307,32469,52.3751,8.9654,Nordrhein-Westfalen,NW,Minden-Lübbecke,5770.0,"(52.3751, 8.9654)",391492.7,166072.6,282948.7,369376.3,586423.3,319480.2,595259.3,597252.7,229658.8,236929.0,256632.9,604945.6,283517.6,126651.4,196713.0,189067.1
2308,32479,52.3333,8.75,Nordrhein-Westfalen,NW,Minden-Lübbecke,5770.0,"(52.3333, 8.75)",383087.8,157667.7,305385.4,360971.4,578018.4,341916.9,586854.3,588847.8,221253.9,228524.1,248227.9,596540.6,275112.6,127508.0,188308.0,180662.1
2309,32545,52.1917,8.8093,Nordrhein-Westfalen,NW,Minden-Lübbecke,5770.0,"(52.1917, 8.8093)",360670.2,135250.1,299034.2,338553.8,555600.8,335565.7,564436.8,566430.2,198836.3,206106.5,225810.4,574123.1,252695.1,108712.6,165890.5,158244.6
2310,32547,52.206,8.8107,Nordrhein-Westfalen,NW,Minden-Lübbecke,5770.0,"(52.206, 8.8107)",362729.2,137309.1,297528.9,340612.8,557659.8,334060.4,566495.7,568489.2,200895.3,208165.5,227869.4,576182.1,254754.1,110877.3,167949.4,160303.6
2311,32549,52.2473,8.7858,Nordrhein-Westfalen,NW,Minden-Lübbecke,5770.0,"(52.2473, 8.7858)",369816.9,144396.8,300426.9,347700.5,564747.5,336958.4,573583.5,575576.9,207983.0,215253.2,234957.1,583269.8,261841.8,123435.4,175037.2,167391.3
2312,32584,52.1885,8.6922,Nordrhein-Westfalen,NW,Herford,5758.0,"(52.1885, 8.6922)",360200.9,134780.8,309794.3,338084.5,555131.5,346325.8,563967.4,565960.9,198367.0,205637.2,225341.1,573653.7,252225.8,118700.9,165421.1,157775.3
2313,32602,52.1388,8.7806,Nordrhein-Westfalen,NW,Herford,5758.0,"(52.1388, 8.7806)",353708.4,128288.3,302605.4,331592.0,548639.0,339136.9,557474.9,559468.4,191874.5,199144.7,218848.6,567161.2,245733.3,103674.8,158928.6,151282.8
2314,32609,52.2833,8.6667,Nordrhein-Westfalen,NW,Minden-Lübbecke,5770.0,"(52.2833, 8.6667)",374063.6,148643.5,312364.9,351947.2,568994.2,348896.4,577830.2,579823.6,212229.7,219499.9,239203.8,587516.5,266088.5,124659.5,179283.9,171638.0
2315,32657,52.0279,8.899,Nordrhein-Westfalen,NW,Lippe,5766.0,"(52.0279, 8.899)",325061.4,131917.6,307219.0,302945.0,519992.0,343750.5,528827.9,530821.4,195503.9,202774.1,222477.9,538514.3,249362.6,84023.1,162558.0,122635.8
2316,32676,51.9583,9.2471,Nordrhein-Westfalen,NW,Lippe,5766.0,"(51.9583, 9.2471)",313473.9,153301.3,259128.8,291357.5,508404.4,341990.2,517240.4,519233.9,240552.1,221254.3,267526.2,526926.7,267842.9,60669.1,189953.0,111048.2
2317,32683,51.9904,9.1164,Nordrhein-Westfalen,NW,Lippe,5766.0,"(51.9904, 9.1164)",318540.7,154081.0,303459.1,296424.3,513471.3,339990.6,522307.2,524300.7,217667.2,224937.4,244641.3,531993.5,271526.0,72189.9,184721.4,116115.1
2318,32689,52.1222,8.96,Nordrhein-Westfalen,NW,Lippe,5766.0,"(52.1222, 8.96)",369379.9,143959.7,295701.2,347263.5,564310.5,332232.7,573146.4,575139.9,207546.0,214816.2,234520.0,582832.7,261404.7,96610.7,174600.1,166954.2
2319,32694,52.0411,9.0028,Nordrhein-Westfalen,NW,Lippe,5766.0,"(52.0411, 9.0028)",323135.2,141118.6,302262.7,301018.8,518065.8,338794.2,526901.7,528895.2,204704.8,211975.0,231678.9,536588.0,258563.6,82096.9,171758.9,120709.6
2320,32699,52.067,9.1162,Nordrhein-Westfalen,NW,Lippe,5766.0,"(52.067, 9.1162)",330991.8,153263.9,294392.6,308875.4,525922.4,330924.1,534758.4,536751.8,216850.2,224120.4,243824.2,544444.7,270708.9,83434.6,183904.3,128566.2
2321,32756,51.936,8.8783,Nordrhein-Westfalen,NW,Lippe,5766.0,"(51.936, 8.8783)",312858.4,128597.4,338284.2,290742.0,507789.0,374815.8,516624.9,518618.4,192183.6,199453.9,219157.7,526311.2,246042.4,79186.6,159237.8,110432.7
2322,32758,51.9509,8.8658,Nordrhein-Westfalen,NW,Lippe,5766.0,"(51.9509, 8.8658)",314640.5,127869.3,332395.7,292524.1,509571.1,368927.2,518407.0,520400.5,191455.5,198725.7,218429.5,528093.4,245314.2,84368.8,158509.6,112214.9
2323,32760,51.8613,8.8645,Nordrhein-Westfalen,NW,Lippe,5766.0,"(51.8613, 8.8645)",316000.7,124054.2,346294.9,293884.3,510931.2,390247.8,519767.2,521760.6,195245.4,192007.3,222219.5,529453.5,238595.8,84064.1,160706.0,113575.0
2324,32791,51.9922,8.793,Nordrhein-Westfalen,NW,Lippe,5766.0,"(51.9922, 8.793)",335218.3,120326.6,325072.3,313101.9,530148.9,361603.9,538984.8,540978.3,183912.8,191183.0,210886.9,548671.2,237771.6,93514.2,150966.9,132792.7
2325,32805,51.8855,8.9624,Nordrhein-Westfalen,NW,Lippe,5766.0,"(51.8855, 8.9624)",304559.2,129926.9,273995.8,282442.8,499489.7,360175.9,508325.7,510319.2,217177.8,197879.9,244151.8,518012.0,244468.5,70831.2,166578.7,102133.5
2326,32816,51.8771,9.1954,Nordrhein-Westfalen,NW,Lippe,5766.0,"(51.8771, 9.1954)",299851.8,149153.0,251415.0,277735.4,494782.4,359647.7,503618.4,505611.8,236403.9,217106.1,263378.0,513304.7,263694.6,55225.0,185804.8,97426.2
2327,32825,51.9678,9.0473,Nordrhein-Westfalen,NW,Lippe,5766.0,"(51.9678, 9.0473)",314582.2,147943.9,310123.1,292465.8,509512.8,346654.6,518348.7,520342.2,211530.1,218800.4,238504.2,528035.0,265388.9,73543.9,178584.3,112156.6
2328,32832,51.9094,8.7317,Nordrhein-Westfalen,NW,Lippe,5766.0,"(51.9094, 8.7317)",321309.2,113594.1,343921.6,299192.8,516239.7,380453.2,525075.7,527069.2,177180.3,184450.5,204154.4,534762.0,231039.1,95612.0,144234.4,118883.5
2329,32839,51.8707,9.0914,Nordrhein-Westfalen,NW,Höxter,5762.0,"(51.8707, 9.0914)",299038.0,140884.6,262358.7,276921.6,493968.6,361633.4,502804.5,504798.0,228135.5,208837.6,255109.5,512490.9,255426.2,59194.1,177536.4,96612.4
2330,33014,51.733,9.0197,Nordrhein-Westfalen,NW,Höxter,5762.0,"(51.733, 9.0197)",284431.9,124992.6,314726.2,262315.5,479362.5,381661.6,488198.5,490191.9,204073.7,192945.6,231047.7,497884.8,239534.2,59385.6,161644.3,82006.3
2331,33034,51.7175,9.186,Nordrhein-Westfalen,NW,Höxter,5762.0,"(51.7175, 9.186)",278629.5,140393.2,261208.3,256513.1,473560.1,349805.4,482396.1,484389.5,219474.3,208346.3,246448.4,492082.4,254934.8,46103.3,177045.0,76203.9
2332,33039,51.805,9.113,Nordrhein-Westfalen,NW,Höxter,5762.0,"(51.805, 9.113)",291037.9,136364.9,261771.3,268921.5,485968.4,369961.3,494804.4,496797.9,215446.0,204318.0,242420.1,504490.7,250906.5,55380.8,173016.7,88612.2
2333,33098,51.7136,8.7554,Nordrhein-Westfalen,NW,Paderborn,5774.0,"(51.7136, 8.7554)",294704.7,104301.1,324999.0,272588.3,489635.3,405976.5,498471.3,500464.7,183382.2,172254.1,210356.2,508157.6,218842.7,81312.5,140952.8,92279.1
2334,33100,51.7273,8.7706,Nordrhein-Westfalen,NW,Paderborn,5774.0,"(51.7273, 8.7706)",301197.3,108742.5,331491.6,279080.9,496127.9,403339.7,504963.9,506957.3,187823.6,176695.6,214797.7,514650.2,223284.1,80093.3,145394.3,98771.7
2335,33102,51.7171,8.7417,Nordrhein-Westfalen,NW,Paderborn,5774.0,"(51.7171, 8.7417)",295410.5,102955.6,325704.7,273294.1,490341.1,401783.2,499177.0,501170.5,182036.7,170908.7,209010.8,508863.3,217497.2,83865.5,139607.4,92984.8
2336,33104,51.7571,8.73,Nordrhein-Westfalen,NW,Paderborn,5774.0,"(51.7571, 8.73)",300092.3,108145.9,330386.5,277975.9,495022.9,396363.5,503858.8,505852.3,189187.0,176098.9,216161.1,513545.1,222687.5,85023.4,144797.6,97666.7
2337,33106,51.7327,8.6885,Nordrhein-Westfalen,NW,Paderborn,5774.0,"(51.7327, 8.6885)",296654.5,103286.5,326948.8,274538.1,491585.1,398641.7,500421.1,502414.5,191465.3,171239.5,218439.4,510107.4,217828.1,88873.0,139938.3,94228.9
2338,33129,51.7802,8.484,Nordrhein-Westfalen,NW,Paderborn,5774.0,"(51.7802, 8.484)",313298.2,94087.0,365988.8,291181.8,508228.8,402520.4,517064.7,519058.2,157673.2,164943.4,184647.2,526751.1,211531.9,105516.6,124727.3,110872.6
2339,33142,51.5511,8.5596,Nordrhein-Westfalen,NW,Paderborn,5774.0,"(51.5511, 8.5596)",295976.7,85218.2,326271.0,273860.3,490907.3,427719.2,499743.2,501736.7,164299.3,153171.2,191273.4,509429.5,199759.8,103346.2,121870.0,93551.1
2340,33154,51.6717,8.6009,Nordrhein-Westfalen,NW,Paderborn,5774.0,"(51.6717, 8.6009)",297635.4,92830.3,327929.7,275519.0,492566.0,408840.3,501402.0,503395.4,171911.4,160783.3,198885.5,511088.3,207371.9,92759.8,129482.1,95209.8
2341,33161,51.8167,8.65,Nordrhein-Westfalen,NW,Paderborn,5774.0,"(51.8167, 8.65)",307594.1,117066.6,351297.7,285477.7,502524.6,387829.2,511360.6,513354.1,180652.8,187923.0,207626.9,521046.9,234511.6,99812.5,147707.0,105168.4
2342,33165,51.6171,8.8967,Nordrhein-Westfalen,NW,Paderborn,5774.0,"(51.6171, 8.8967)",273406.8,113221.7,303701.0,251290.4,468337.4,420102.7,477173.3,479166.8,192302.8,181174.7,219276.9,486859.6,227763.3,65534.3,149873.5,70981.1
2343,33175,51.7833,8.8168,Nordrhein-Westfalen,NW,Paderborn,5774.0,"(51.7833, 8.8168)",305942.2,113995.8,336236.5,283825.8,500872.8,408423.1,509708.8,511702.2,201246.7,181948.9,228220.8,519395.1,228537.4,81118.8,150647.6,103516.6
2344,33178,51.6677,8.7228,Nordrhein-Westfalen,NW,Paderborn,5774.0,"(51.6677, 8.7228)",287831.3,102694.4,318125.5,265714.9,482761.8,406954.1,491597.8,493591.3,181775.5,170647.5,208749.6,501284.1,217236.0,95200.8,139346.2,85405.6
2345,33181,51.521,8.6964,Nordrhein-Westfalen,NW,Paderborn,5774.0,"(51.521, 8.6964)",286465.7,100118.2,316760.0,264349.3,481396.3,422932.0,490232.2,492225.7,179199.3,168071.3,206173.4,499918.5,214659.8,93835.2,136770.0,84040.1
2346,33184,51.7645,8.942,Nordrhein-Westfalen,NW,Paderborn,5774.0,"(51.7645, 8.942)",288947.8,120321.8,319242.0,266831.4,483878.4,378838.7,492714.3,494707.8,199402.9,188274.9,226377.0,502400.6,234863.4,68931.5,156973.6,86522.2
2347,33189,51.8098,8.8461,Nordrhein-Westfalen,NW,Lippe,5766.0,"(51.8098, 8.8461)",311232.3,119285.9,341526.6,289115.9,506162.9,413713.2,514998.8,516992.3,206536.7,187238.9,233510.8,524685.1,233827.5,83527.5,155937.6,108806.7
2348,33330,51.9074,8.3767,Nordrhein-Westfalen,NW,Gütersloh,5754.0,"(51.9074, 8.3767)",340375.9,88817.1,347543.4,318259.5,535306.5,384074.9,544142.5,546135.9,152403.4,159673.6,179377.4,553828.8,206262.1,132594.4,119457.5,137950.3
2349,33332,51.9005,8.3837,Nordrhein-Westfalen,NW,Gütersloh,5754.0,"(51.9005, 8.3837)",340366.2,87266.3,347533.6,318249.8,535296.7,384065.1,544132.7,546126.2,150852.5,158122.8,177826.6,553819.0,204711.3,132584.6,117906.7,137940.5
2350,33333,,,,,,,"(nan, nan)",0.0,0.0,0.0,0.0,0.0,0.0,0.0,0.0,0.0,0.0,0.0,0.0,0.0,0.0,0.0,0.0
2351,33334,51.9436,8.4283,Nordrhein-Westfalen,NW,Gütersloh,5754.0,"(51.9436, 8.4283)",332643.2,96140.1,340250.1,310526.8,527573.8,376781.6,536409.8,538403.2,159726.4,166996.6,186700.4,546096.1,213585.1,124861.6,126780.5,130217.6
2352,33335,51.9316,8.4599,Nordrhein-Westfalen,NW,Gütersloh,5754.0,"(51.9316, 8.4599)",331537.3,96196.4,339144.1,309420.9,526467.9,375675.6,535303.8,537297.3,159782.6,167052.8,186756.7,544990.1,213641.4,123755.7,126836.8,129111.7
2353,33378,51.8497,8.3002,Nordrhein-Westfalen,NW,Gütersloh,5754.0,"(51.8497, 8.3002)",347177.2,78386.3,354344.6,289948.0,542107.8,390876.1,515537.5,552937.2,141972.5,149242.7,168946.6,560630.0,195831.3,139395.6,109026.6,144751.6
2354,33397,51.8092,8.4284,Nordrhein-Westfalen,NW,Gütersloh,5754.0,"(51.8092, 8.4284)",319622.4,88981.1,352960.5,297506.0,514553.0,389492.0,523388.9,525382.4,152567.3,159837.6,179541.4,533075.3,206426.1,111840.8,119621.5,117196.8
2355,33415,51.8833,8.5167,Nordrhein-Westfalen,NW,Gütersloh,5754.0,"(51.8833, 8.5167)",319998.9,94009.4,341207.1,297882.5,514929.5,377738.6,523765.5,525758.9,157595.6,164865.8,184569.7,533451.8,211454.4,112217.3,124649.8,117573.3
2356,33428,51.9622,8.2277,Nordrhein-Westfalen,NW,Gütersloh,5754.0,"(51.9622, 8.2277)",357454.2,97110.8,365061.0,335337.8,552384.8,401592.6,561220.8,563214.2,160697.0,167967.2,187671.0,570907.1,214555.7,149672.6,127751.1,155028.6
2357,33442,51.9,8.2167,Nordrhein-Westfalen,NW,Gütersloh,5754.0,"(51.9, 8.2167)",354172.7,83288.3,361340.1,294850.0,549103.3,397871.7,520439.6,559932.7,146874.5,154144.8,173848.6,567625.6,200733.3,146391.1,113928.7,151747.1
2358,33449,51.7721,8.3181,Nordrhein-Westfalen,NW,Gütersloh,5754.0,"(51.7721, 8.3181)",328017.2,89326.2,361228.1,228292.6,522947.7,397759.6,531783.7,533777.1,152912.4,160182.6,179886.5,541470.0,206771.2,120235.6,119966.5,125591.5
2359,33602,52.0245,8.5326,Nordrhein-Westfalen,NW,"Bielefeld, Stadt",5711.0,"(52.0245, 8.5326)",337124.7,111888.3,326760.5,315008.3,532055.2,363292.0,540891.2,542884.6,175474.5,182744.7,202448.6,550577.5,229333.3,129343.1,142528.6,134699.0
2360,33604,52.0106,8.5493,Nordrhein-Westfalen,NW,"Bielefeld, Stadt",5711.0,"(52.0106, 8.5493)",338083.1,109465.1,328463.5,315966.7,533013.7,364995.0,541849.7,543843.1,173051.3,180321.5,200025.4,551536.0,226910.1,130301.6,140105.5,135657.5
2361,33605,52.0008,8.574,Nordrhein-Westfalen,NW,"Bielefeld, Stadt",5711.0,"(52.0008, 8.574)",335780.3,110360.2,326324.7,313663.9,530710.9,362856.2,539546.8,541540.3,173946.4,181216.6,200920.5,549233.1,227805.2,127998.7,141000.5,133354.7
2362,33607,52.0284,8.5759,Nordrhein-Westfalen,NW,"Bielefeld, Stadt",5711.0,"(52.0284, 8.5759)",341399.8,113468.9,323125.6,319283.4,536330.4,359657.1,545166.3,547159.8,177055.1,184325.3,204029.2,554852.6,230913.9,111209.9,144109.2,138974.2
2363,33609,52.0342,8.5553,Nordrhein-Westfalen,NW,"Bielefeld, Stadt",5711.0,"(52.0342, 8.5553)",339435.4,114199.0,324637.8,317319.0,534366.0,361169.3,543201.9,545195.4,177785.2,185055.4,204759.3,552888.2,231644.0,131653.8,144839.3,137009.7
2364,33611,52.0483,8.5492,Nordrhein-Westfalen,NW,"Bielefeld, Stadt",5711.0,"(52.0483, 8.5492)",340006.1,114769.8,325280.0,317889.7,534936.7,361811.6,543772.7,545766.1,178356.0,185626.2,205330.1,553459.0,232214.8,132224.6,145410.1,137580.5
2365,33613,52.044,8.5225,Nordrhein-Westfalen,NW,"Bielefeld, Stadt",5711.0,"(52.044, 8.5225)",339296.9,114060.6,328334.3,317180.5,534227.5,364865.8,543063.5,545056.9,177646.8,184917.0,204620.9,552749.8,231505.6,131515.4,144700.9,136871.3
2366,33615,52.0307,8.5133,Nordrhein-Westfalen,NW,"Bielefeld, Stadt",5711.0,"(52.0307, 8.5133)",338085.8,112849.4,328171.0,315969.4,533016.4,364702.5,541852.3,543845.8,176435.6,183705.8,203409.7,551538.6,230294.4,130304.2,143489.7,135660.1
2367,33617,52.0119,8.5202,Nordrhein-Westfalen,NW,"Bielefeld, Stadt",5711.0,"(52.0119, 8.5202)",336228.5,110992.1,330772.5,314112.1,531159.1,367304.0,539995.0,541988.5,174578.3,181848.5,201552.4,549681.3,228437.1,128446.9,141632.5,133802.9
2368,33619,52.0333,8.5333,Nordrhein-Westfalen,NW,"Bielefeld, Stadt",5711.0,"(52.0333, 8.5333)",338279.6,113043.2,326770.9,316163.2,533210.1,363302.4,542046.1,544039.6,176629.4,183899.6,203603.5,551732.4,230488.2,130498.0,143683.5,135853.9
2369,33647,51.99,8.5114,Nordrhein-Westfalen,NW,"Bielefeld, Stadt",5711.0,"(51.99, 8.5114)",333558.0,106270.6,335776.5,311441.6,528488.6,372308.0,537324.6,539318.0,169856.8,177127.0,196830.9,547010.9,223715.6,125776.4,136911.0,131132.4
2370,33649,51.9745,8.4686,Nordrhein-Westfalen,NW,"Bielefeld, Stadt",5711.0,"(51.9745, 8.4686)",333422.4,108186.0,341029.2,311306.0,528353.0,377560.7,537188.9,539182.4,171772.2,179042.5,198746.3,546875.3,225631.0,125640.8,138826.4,130996.8
2371,33659,51.9692,8.5522,Nordrhein-Westfalen,NW,"Bielefeld, Stadt",5711.0,"(51.9692, 8.5522)",329381.1,103961.0,333466.9,307264.7,524311.7,369998.4,533147.6,535141.1,167547.2,174817.4,194521.3,542833.9,221406.0,121599.5,134601.3,126955.5
2372,33689,51.9501,8.5793,Nordrhein-Westfalen,NW,"Bielefeld, Stadt",5711.0,"(51.9501, 8.5793)",322625.1,101191.8,331228.8,300508.7,517555.7,367760.3,526391.6,528385.1,164778.0,172048.3,191752.1,536078.0,218636.8,114843.5,131832.2,120199.5
2373,33699,52.0333,8.5333,Nordrhein-Westfalen,NW,"Bielefeld, Stadt",5711.0,"(52.0333, 8.5333)",338279.6,113043.2,326770.9,316163.2,533210.1,363302.4,542046.1,544039.6,176629.4,183899.6,203603.5,551732.4,230488.2,130498.0,143683.5,135853.9
2374,33719,52.0107,8.5926,Nordrhein-Westfalen,NW,"Bielefeld, Stadt",5711.0,"(52.0107, 8.5926)",335751.6,110331.5,326296.0,313635.2,530682.2,362827.6,539518.2,541511.6,173917.7,181187.9,200891.8,549204.5,227776.5,127970.0,140971.8,133326.0
2375,33729,52.0707,8.6002,Nordrhein-Westfalen,NW,"Bielefeld, Stadt",5711.0,"(52.0707, 8.6002)",343229.4,117809.2,321219.2,321113.0,538159.9,357750.7,546995.9,548989.3,181395.5,188665.7,208369.5,556682.2,235254.2,110389.5,148449.6,140803.7
2376,33739,52.0333,8.5333,Nordrhein-Westfalen,NW,"Bielefeld, Stadt",5711.0,"(52.0333, 8.5333)",338279.6,113043.2,326770.9,316163.2,533210.1,363302.4,542046.1,544039.6,176629.4,183899.6,203603.5,551732.4,230488.2,130498.0,143683.5,135853.9
2377,33758,51.9,8.6167,Nordrhein-Westfalen,NW,Gütersloh,5754.0,"(51.9, 8.6167)",320919.0,107039.8,341270.9,298802.6,515849.6,377802.4,524685.6,526679.0,170626.0,177896.2,197600.1,534371.9,224484.8,113137.5,137680.1,118493.4
