,zipcode,lat,long,state,state_code,community_name,community_code,coor,AKB Kitzingen,AKB Dortmund,AKB Zörbig,AKB Schöneck,AKB Buch,Mosolf Etzin,Mosolf Kippenheim,BLG Kelheim,BLG Duisburg,BLG Neuss,Carservice Erkens,ARS Altmann Wolnzach,CAT Zülpich,Autohaus Siebrecht,Neu: FleetParQ Essen ,Neu: FleetParQ Kassel
6392,85452,48.2771,11.8445,Bayern,BY,Erding,9177.0,"(48.2771, 11.8445)",272228.1,635314.7,452586.0,404628.5,178298.9,580042.0,396255.0,107274.6,639283.3,620386.0,672423.8,62575.3,609068.3,534179.3,645812.6,480226.6
6393,85456,48.406,11.9886,Bayern,BY,Erding,9177.0,"(48.406, 11.9886)",283693.3,646780.0,446775.1,416093.7,201475.0,574231.1,419431.0,88137.5,650748.5,631851.2,683889.1,74040.5,620533.5,545644.6,657277.9,491691.9
6394,85457,48.2453,11.9021,Bayern,BY,Erding,9177.0,"(48.2453, 11.9021)",291337.2,654423.8,471695.1,423737.6,192235.4,599151.0,410191.4,115165.0,658392.4,639495.0,691532.9,81684.4,628177.3,553288.4,664921.7,499335.7
6395,85459,48.3841,11.9301,Bayern,BY,Erding,9177.0,"(48.3841, 11.9301)",276444.2,639530.9,450745.1,408844.6,194225.8,578201.0,412181.9,92107.4,643499.4,624602.1,676640.0,66791.4,613284.4,538395.5,650028.8,484442.8
6396,85461,48.3147,11.9869,Bayern,BY,Erding,9177.0,"(48.3147, 11.9869)",280646.7,643733.4,461004.7,413047.1,203018.5,588460.6,420974.5,100248.3,647701.9,628804.6,680842.5,70993.9,617486.9,542598.0,654231.3,488645.3
6397,85462,48.3596,11.8911,Bayern,BY,Erding,9177.0,"(48.3596, 11.8911)",274272.8,637359.5,454630.7,406673.2,192054.4,582086.7,410010.5,97980.4,641328.0,622430.7,674468.6,64620.0,611113.0,536224.1,647857.3,482271.3
6398,85464,48.2162,11.8241,Bayern,BY,Erding,9177.0,"(48.2162, 11.8241)",277499.5,640586.1,457857.4,409899.9,178397.7,585313.3,396353.7,113931.3,644554.7,625657.3,677695.2,67846.7,614339.7,539450.7,651084.0,485498.0
6399,85465,48.4257,11.9722,Bayern,BY,Erding,9177.0,"(48.4257, 11.9722)",279620.8,642707.5,442702.6,412021.2,197402.4,570158.6,415358.5,84064.9,646676.0,627778.7,679816.6,69968.0,616461.0,541572.1,653205.4,487619.4
6400,85467,48.2333,11.85,Bayern,BY,Erding,9177.0,"(48.2333, 11.85)",276521.4,639608.1,456879.4,408921.8,191588.8,584335.3,409544.9,112925.0,643576.6,624679.3,676717.2,66868.6,613361.6,538472.7,650106.0,484520.0
6401,85469,48.2584,11.9753,Bayern,BY,Erding,9177.0,"(48.2584, 11.9753)",295322.3,658409.0,475680.3,427722.7,196220.5,603136.2,414176.6,115398.8,662377.5,643480.2,695518.1,85669.6,632162.5,557273.6,668906.9,503320.9
6402,85521,48.0649,11.6633,Bayern,BY,Landkreis München,9184.0,"(48.0649, 11.6633)",286840.1,649926.8,467198.0,419240.5,187738.3,594654.0,405694.4,123271.9,653895.3,634998.0,687035.9,77187.3,623680.3,548791.4,660424.6,494838.7
6403,85540,48.1088,11.7265,Bayern,BY,Landkreis München,9184.0,"(48.1088, 11.7265)",276675.5,639762.2,457033.5,409075.9,177573.7,584489.4,395529.8,113107.3,643730.7,624833.4,676871.3,67022.7,613515.7,538626.8,650260.1,484674.1
6404,85551,48.1766,11.7556,Bayern,BY,Landkreis München,9184.0,"(48.1766, 11.7556)",269343.2,632429.9,449701.2,401743.6,170241.4,577157.1,388197.5,105775.1,636398.4,617501.1,669539.0,59690.4,606183.4,531294.5,642927.8,477341.8
6405,85560,48.0771,11.9706,Bayern,BY,Landkreis Ebersberg,9175.0,"(48.0771, 11.9706)",294099.3,657186.0,474457.3,426499.7,194997.5,601913.2,412953.6,130531.2,661154.5,642257.2,694295.1,84446.5,630939.5,556050.6,667683.9,502097.9
6406,85567,48.0336,11.9379,Bayern,BY,Landkreis Ebersberg,9175.0,"(48.0336, 11.9379)",293863.2,656949.9,474221.2,426263.6,194761.4,601677.1,412717.5,130295.0,660918.4,642021.1,694059.0,84210.4,630703.4,555814.5,667447.8,501861.8
6407,85570,48.203100000000006,11.8762,Bayern,BY,Erding,9177.0,"(48.203100000000006, 11.8762)",284090.2,647176.9,464448.2,416490.6,184988.4,591904.1,402944.5,116507.3,651145.4,632248.1,684286.0,74437.4,620930.4,546041.5,657674.7,492088.8
6408,85579,48.0771,11.6581,Bayern,BY,Landkreis München,9184.0,"(48.0771, 11.6581)",292744.1,655830.8,473102.1,425144.5,159358.6,600558.0,411598.4,129175.9,659799.3,640902.0,692939.9,83091.3,629584.3,554695.4,666328.7,500742.7
6409,85586,48.17,11.8186,Bayern,BY,Landkreis Ebersberg,9175.0,"(48.17, 11.8186)",279172.9,642259.5,459530.8,411573.3,180071.1,586986.7,398027.1,115604.7,646228.1,627330.7,679368.6,69520.1,616013.0,541124.1,652757.4,487171.4
6410,85591,48.1054,11.7682,Bayern,BY,Landkreis Ebersberg,9175.0,"(48.1054, 11.7682)",277456.6,640543.3,457814.6,409857.0,178354.8,585270.5,396310.9,113888.5,644511.8,625614.5,677652.4,67803.8,614296.8,539407.9,651041.2,485455.2
6411,85598,48.1148,11.7959,Bayern,BY,Landkreis Ebersberg,9175.0,"(48.1148, 11.7959)",276464.1,639550.7,456822.0,408864.5,177362.3,584278.0,395318.3,112895.9,643519.3,624622.0,676659.8,66811.3,613304.3,538415.3,650048.6,484462.6
6412,85599,48.1422,11.788,Bayern,BY,Landkreis Ebersberg,9175.0,"(48.1422, 11.788)",274006.0,637092.7,454364.0,406406.4,174904.2,581819.9,392860.3,110437.9,641061.2,622163.9,674201.8,64353.2,610846.2,535957.3,647590.6,482004.6
6413,85604,48.0843,11.8245,Bayern,BY,Landkreis Ebersberg,9175.0,"(48.0843, 11.8245)",281816.9,644903.6,462174.9,414217.3,182715.1,589630.8,400671.2,118248.8,648872.1,629974.8,682012.7,72164.1,618657.1,543768.2,655401.5,489815.5
6414,85609,48.1711,11.7167,Bayern,BY,Landkreis München,9184.0,"(48.1711, 11.7167)",269232.0,632318.6,449589.9,401632.4,170130.2,577045.8,388086.2,105663.8,636287.2,617389.8,669427.7,59579.2,606072.1,531183.2,642816.5,477230.5
6415,85614,48.0714,11.8888,Bayern,BY,Landkreis Ebersberg,9175.0,"(48.0714, 11.8888)",287204.0,650290.6,467561.9,419604.4,188102.2,595017.8,406058.2,123635.8,654259.2,635361.8,687399.7,77551.2,624044.2,549155.2,660788.5,495202.5
6416,85617,47.993,12.0064,Bayern,BY,Landkreis Ebersberg,9175.0,"(47.993, 12.0064)",302103.9,665190.5,482461.8,434504.3,203002.1,609917.8,420958.2,138535.7,669159.1,650261.8,702299.6,92451.1,638944.1,564055.1,675688.4,510102.4
6417,85622,48.1481,11.731,Bayern,BY,Landkreis München,9184.0,"(48.1481, 11.731)",270426.2,633512.8,450784.1,402826.6,171324.4,578240.1,389280.5,106858.0,637481.4,618584.1,670621.9,60773.4,607266.4,532377.4,644010.7,478424.7
6418,85625,47.96875,11.8836,Bayern,BY,Landkreis Ebersberg,9175.0,"(47.96875, 11.8836)",295478.1,658564.8,475836.0,427878.5,196376.3,603292.0,414332.4,131909.9,662533.3,643636.0,695673.9,85825.3,632318.3,557429.4,669062.6,503476.6
6419,85630,48.0791,11.7436,Bayern,BY,Landkreis München,9184.0,"(48.0791, 11.7436)",278186.4,641273.1,458544.4,410586.8,179084.6,586000.3,397040.7,114618.2,645241.6,626344.3,678382.2,68533.6,615026.6,540137.7,651771.0,486185.0
6420,85635,48.0193,11.7191,Bayern,BY,Landkreis München,9184.0,"(48.0193, 11.7191)",287803.4,650890.1,468161.3,420203.8,188701.6,595617.3,406657.7,124235.2,654858.6,635961.3,687999.2,78150.6,624643.6,549754.7,661387.9,495802.0
6421,85640,48.0758,11.7157,Bayern,BY,Landkreis München,9184.0,"(48.0758, 11.7157)",281050.3,644137.0,461408.3,413450.8,181948.6,588864.2,399904.6,117482.2,648105.6,629208.2,681246.1,71397.6,617890.5,543001.6,654634.9,489048.9
6422,85643,48.0868,12.0314,Bayern,BY,Landkreis Ebersberg,9175.0,"(48.0868, 12.0314)",299013.0,662099.6,479370.9,431413.4,199911.2,606826.8,417867.2,135444.8,666068.2,647170.8,699208.7,89360.2,635853.1,560964.2,672597.5,507011.5
6423,85646,48.1517,11.8533,Bayern,BY,Landkreis Ebersberg,9175.0,"(48.1517, 11.8533)",279756.0,642842.6,460113.9,412156.4,180654.2,587569.9,398610.3,116187.8,646811.2,627913.9,679951.7,70103.2,616596.2,541707.3,653340.5,487754.5
6424,85649,48.0065,11.684,Bayern,BY,Landkreis München,9184.0,"(48.0065, 11.684)",288292.7,651379.4,468650.7,420693.1,189190.9,596106.6,407147.0,124724.5,655347.9,636450.6,688488.5,78639.9,625132.9,550244.0,661877.2,496291.3
6425,85652,48.1956,11.8007,Bayern,BY,Landkreis Ebersberg,9175.0,"(48.1956, 11.8007)",274346.2,637432.9,454704.2,406746.6,175244.4,582160.1,393200.5,110778.1,641401.4,622504.1,674542.0,64693.4,611186.4,536297.5,647930.8,482344.8
6426,85653,47.9701,11.7775,Bayern,BY,Landkreis München,9184.0,"(47.9701, 11.7775)",295840.6,658927.3,476198.6,428241.0,196738.8,603654.5,414694.9,132272.5,662895.8,643998.5,696036.4,86187.8,632680.8,557791.9,669425.2,503839.2
6427,85656,48.2151,11.9951,Bayern,BY,Erding,9177.0,"(48.2151, 11.9951)",292107.3,655193.9,472465.2,424507.7,193005.5,599921.2,410961.6,128539.1,659162.5,640265.2,692303.0,82454.5,628947.5,554058.6,665691.8,500105.8
6428,85658,48.0041,11.7953,Bayern,BY,Landkreis Ebersberg,9175.0,"(48.0041, 11.7953)",292390.1,655476.8,472748.1,424790.5,193288.3,600204.0,411244.4,128821.9,659445.3,640548.0,692585.9,82737.3,629230.3,554341.4,665974.6,500388.7
6429,85659,48.1834,11.9772,Bayern,BY,Erding,9177.0,"(48.1834, 11.9772)",289507.8,652594.5,469865.8,421908.2,190406.1,597321.7,408362.1,125939.7,656563.1,637665.7,689703.6,79855.1,626348.0,551459.1,663092.4,497506.4
6430,85661,48.1687,11.9124,Bayern,BY,Landkreis Ebersberg,9175.0,"(48.1687, 11.9124)",283168.0,646254.6,463525.9,415568.4,184066.2,590981.9,402022.3,119599.8,650223.2,631325.9,683363.7,73515.2,620008.2,545119.2,656752.5,491166.5
6431,85662,48.0478,11.7022,Bayern,BY,Landkreis München,9184.0,"(48.0478, 11.7022)",282413.8,645500.5,462771.8,414814.2,183312.0,590227.7,401268.1,118845.6,649469.0,630571.7,682609.6,72761.0,619254.0,544365.1,655998.3,490412.4
6432,85664,48.1561,11.9946,Bayern,BY,Landkreis Ebersberg,9175.0,"(48.1561, 11.9946)",290913.5,654000.2,471271.5,423313.9,191811.7,598727.4,409767.8,127345.4,657968.7,639071.4,691109.3,81260.8,627753.7,552864.8,664498.1,498912.1
6433,85665,48.0321,11.8751,Bayern,BY,Landkreis Ebersberg,9175.0,"(48.0321, 11.8751)",288283.5,651370.1,468641.4,420683.9,189181.7,596097.3,407137.7,124715.3,655338.7,636441.3,688479.2,78630.7,625123.6,550234.7,661868.0,496282.0
6434,85667,48.022,11.8133,Bayern,BY,Landkreis Ebersberg,9175.0,"(48.022, 11.8133)",286951.8,650038.5,467309.8,419352.2,187850.1,594765.7,405806.1,123383.7,654007.1,635109.7,687147.6,77299.1,623792.0,548903.1,660536.4,494950.4
6435,85669,48.1991,11.9437,Bayern,BY,Erding,9177.0,"(48.1991, 11.9437)",290911.7,653998.4,471269.7,423312.1,191809.9,598725.6,409766.0,127343.5,657966.9,639069.6,691107.5,81258.9,627751.9,552863.0,664496.3,498910.3
6436,85716,48.2804,11.5768,Bayern,BY,Landkreis München,9184.0,"(48.2804, 11.5768)",252196.7,615283.3,432554.6,384597.1,163053.4,560010.5,381009.5,88628.5,619251.9,600354.5,652392.4,42543.9,589036.9,514147.9,625781.2,460195.2
6437,85737,48.2333,11.6833,Bayern,BY,Landkreis München,9184.0,"(48.2333, 11.6833)",258209.8,621296.4,438567.7,390610.2,164280.6,566023.7,382236.7,94641.6,625265.0,606367.7,658405.5,48557.0,595050.0,520161.1,631794.3,466208.3
6438,85748,48.249,11.651,Bayern,BY,Landkreis München,9184.0,"(48.249, 11.651)",254559.2,617645.8,434917.1,386959.6,161979.5,562373.0,379935.6,90991.0,621614.4,602717.0,654754.9,44906.4,591399.4,516510.4,628143.7,462557.7
6439,85757,48.2167,11.4667,Bayern,BY,Landkreis Dachau,9174.0,"(48.2167, 11.4667)",282166.0,628589.1,445860.4,397902.8,148746.7,573316.3,366702.8,101934.2,632557.6,613660.3,665698.2,55849.6,574205.0,527453.7,639086.9,473501.0
6440,85764,48.25,11.5667,Bayern,BY,Landkreis München,9184.0,"(48.25, 11.5667)",258643.6,621730.3,439001.6,391044.0,156920.1,566457.5,374876.2,95075.4,625698.8,606801.5,658839.4,48990.8,595483.8,520594.9,632228.2,466642.2
6441,85774,48.1925,11.6429,Bayern,BY,Landkreis München,9184.0,"(48.1925, 11.6429)",265029.3,628116.0,445387.3,397429.7,165689.5,572843.2,383645.6,101461.2,632084.5,613187.2,665225.1,55376.5,601869.5,526980.6,638613.9,473027.9
6442,85777,48.3532,11.5552,Bayern,BY,Landkreis Freising,9178.0,"(48.3532, 11.5552)",243013.5,606100.1,423371.4,375413.9,167811.7,550827.3,385767.8,79445.3,610068.7,591171.3,643209.2,33360.7,579853.7,504964.7,616598.0,451012.0
6443,85778,48.3155,11.5545,Bayern,BY,Landkreis Dachau,9174.0,"(48.3155, 11.5545)",252297.3,615383.9,432655.2,384697.7,163666.2,560111.1,381622.2,88729.1,619352.5,600455.1,652493.0,42644.5,589137.4,514248.5,625881.8,460295.8
6444,86150,48.3673,10.8921,Bayern,BY,Augsburg,9761.0,"(48.3673, 10.8921)",231300.1,596436.5,432825.5,367524.9,97880.8,560281.4,315836.9,117970.0,602179.7,583282.4,635320.3,81621.5,523339.2,495301.1,608709.1,441348.4
6445,86152,48.3718,10.8925,Bayern,BY,Augsburg,9761.0,"(48.3718, 10.8925)",231001.7,596138.1,432527.1,367226.5,97582.5,559983.0,315538.5,117241.7,601881.4,582984.0,635021.9,80893.2,523040.8,495002.7,608410.7,441050.0
6446,86153,48.3664,10.9034,Bayern,BY,Augsburg,9761.0,"(48.3664, 10.9034)",234714.4,599850.8,433614.9,370939.2,101295.2,561070.8,319251.2,117547.7,605594.1,586696.7,638734.6,81199.2,526753.5,498715.4,612123.4,444762.7
6447,86154,48.3932,10.8814,Bayern,BY,Augsburg,9761.0,"(48.3932, 10.8814)",228061.5,593197.9,429586.9,364286.3,94642.2,557042.8,312598.3,118111.3,598941.1,580043.8,632081.7,81762.8,520100.5,492062.5,605470.5,438109.8
6448,86156,48.3815,10.8548,Bayern,BY,Augsburg,9761.0,"(48.3815, 10.8548)",228123.4,593259.8,431330.4,364348.3,94704.2,558786.4,312660.2,119854.8,599003.1,580105.7,632143.6,83506.3,520162.5,492124.4,605532.4,438171.7
6449,86157,48.3643,10.8761,Bayern,BY,Augsburg,9761.0,"(48.3643, 10.8761)",232979.5,598115.9,434504.9,369204.3,99560.3,561960.8,317516.3,119057.5,603859.2,584961.8,636999.7,82709.0,525018.6,496980.5,610388.5,443027.8
6450,86159,48.3509,10.895,Bayern,BY,Augsburg,9761.0,"(48.3509, 10.895)",233568.3,598704.7,435093.7,369793.2,100149.1,562549.7,318105.1,118111.8,604448.0,585550.6,637588.5,81763.3,525607.4,497569.3,610977.3,443616.6
6451,86161,48.3505,10.9133,Bayern,BY,Augsburg,9761.0,"(48.3505, 10.9133)",237357.9,602494.3,449754.3,373582.7,103938.7,577210.3,321894.7,114774.1,608237.6,589340.2,641378.1,78425.6,529397.0,501358.9,614766.9,447406.2
6452,86163,48.3553,10.9431,Bayern,BY,Augsburg,9761.0,"(48.3553, 10.9431)",239400.2,604536.6,446784.6,375625.0,105981.0,574240.5,323937.0,111804.4,610279.9,591382.5,643420.4,75455.9,531439.3,503401.2,616809.2,449448.5
6453,86165,48.3822,10.9337,Bayern,BY,Augsburg,9761.0,"(48.3822, 10.9337)",234854.9,599991.2,447678.5,371079.7,101435.6,575134.4,319391.7,112698.2,605734.5,586837.2,638875.0,76349.8,526893.9,498855.8,612263.8,444903.1
6454,86167,48.3877,10.9161,Bayern,BY,Augsburg,9761.0,"(48.3877, 10.9161)",231738.0,596874.4,433593.2,367962.9,98318.8,561049.1,316274.8,114571.3,602617.7,583720.3,635758.2,78222.9,523777.1,495739.0,609147.0,441786.3
6455,86169,48.405,10.9061,Bayern,BY,Augsburg,9761.0,"(48.405, 10.9061)",232441.0,597577.3,434296.1,368665.8,99021.7,561752.0,316977.8,115274.2,603320.6,584423.2,636461.1,78925.8,524480.0,496441.9,609849.9,442489.2
6456,86179,48.3109,10.9001,Bayern,BY,Augsburg,9761.0,"(48.3109, 10.9001)",241183.8,606320.2,442709.2,377408.7,107764.6,570165.2,325720.6,131233.6,612063.5,593166.1,645204.0,94885.1,533222.9,505184.8,618592.8,451232.1
6457,86199,48.3291,10.8578,Bayern,BY,Augsburg,9761.0,"(48.3291, 10.8578)",236967.0,602103.4,438492.4,373191.8,103547.8,565948.3,321503.8,127016.8,607846.7,588949.3,640987.2,90668.3,529006.1,500968.0,614376.0,447015.3
6458,86316,48.3569,10.9846,Bayern,BY,Landkreis Aichach-Friedberg,9771.0,"(48.3569, 10.9846)",239491.1,604627.4,443777.0,375715.9,106071.8,571232.9,324027.8,108796.8,610370.7,591473.3,643511.2,72448.3,531530.1,503492.0,616900.0,449539.3
6459,86343,48.2751,10.8918,Bayern,BY,Landkreis Augsburg,9772.0,"(48.2751, 10.8918)",245139.2,610275.6,446664.6,381364.0,67535.2,574120.5,329676.0,151667.5,616018.8,597121.5,649159.4,105582.9,537178.3,509140.2,622548.2,455187.5
6460,86356,48.3925,10.8333,Bayern,BY,Landkreis Augsburg,9772.0,"(48.3925, 10.8333)",227057.7,592194.1,433665.1,363282.5,93638.5,561121.0,311594.5,121999.6,597937.3,579040.0,631077.9,85651.1,519096.8,491058.7,604466.7,437106.0
6461,86368,48.4243,10.8727,Bayern,BY,Landkreis Augsburg,9772.0,"(48.4243, 10.8727)",227739.4,592875.8,426514.2,363964.2,94320.2,553970.2,312276.2,116626.7,598619.1,579721.7,631759.6,80278.3,519778.5,491740.4,605148.4,437787.7
6462,86381,48.2418,10.3632,Bayern,BY,Landkreis Günzburg,9774.0,"(48.2418, 10.3632)",214573.5,579709.9,516051.1,350798.3,15852.6,643507.0,289418.8,176735.6,585453.2,566555.8,618593.7,140387.1,496921.0,478574.5,591982.5,424621.8
6463,86391,48.3664,10.8464,Bayern,BY,Landkreis Augsburg,9772.0,"(48.3664, 10.8464)",230138.3,595274.7,434153.0,366363.1,96719.1,561608.9,314675.1,122677.4,601017.9,582120.6,634158.5,86328.9,522177.4,494139.3,607547.3,440186.6
6464,86399,48.2709,10.8339,Bayern,BY,Landkreis Augsburg,9772.0,"(48.2709, 10.8339)",248344.8,613481.2,449870.2,384569.6,60928.0,577326.1,332881.6,138394.5,619224.4,600327.1,652364.9,102046.1,540383.8,512345.8,625753.7,458393.0
6465,86405,48.5459,10.8518,Bayern,BY,Landkreis Augsburg,9772.0,"(48.5459, 10.8518)",179305.9,544442.2,411233.0,315530.7,110436.4,538688.9,328392.5,114658.7,550185.5,531288.1,583326.0,74606.4,519970.5,443306.8,556714.8,389354.1
6466,86415,48.2656,10.9846,Bayern,BY,Landkreis Aichach-Friedberg,9771.0,"(48.2656, 10.9846)",248953.6,614090.0,454184.9,385178.4,115534.3,581640.8,333490.4,144260.1,619833.2,600935.9,652973.8,98175.5,540992.6,512954.6,626362.6,459001.9
6467,86420,48.3532,10.7821,Bayern,BY,Landkreis Augsburg,9772.0,"(48.3532, 10.7821)",224185.7,589322.1,439219.4,360410.5,54140.4,566675.3,308722.5,127743.8,595065.3,576168.0,628205.8,91395.3,516224.7,488186.7,601594.6,434233.9
6468,86424,48.3483,10.5889,Bayern,BY,Landkreis Augsburg,9772.0,"(48.3483, 10.5889)",213398.5,578534.9,456157.9,349623.4,42040.6,583613.8,297935.3,144492.3,584278.2,565380.8,617418.7,108143.9,505437.6,477399.5,590807.5,423446.8
6469,86438,48.3038,10.9709,Bayern,BY,Landkreis Aichach-Friedberg,9771.0,"(48.3038, 10.9709)",244196.6,609333.0,451581.0,380421.5,110777.4,579036.9,328733.4,116600.8,615076.3,596178.9,648216.8,80252.3,536235.7,508197.6,621605.6,454244.9
6470,86441,48.4001,10.5992,Bayern,BY,Landkreis Augsburg,9772.0,"(48.4001, 10.5992)",206363.7,571500.1,449123.1,342588.5,72944.5,576579.0,290900.5,137457.5,577243.4,558346.0,610383.9,101109.1,498402.8,470364.7,583772.7,416412.0
6471,86444,48.4667,10.9833,Bayern,BY,Landkreis Aichach-Friedberg,9771.0,"(48.4667, 10.9833)",242374.6,607511.0,441489.2,378599.4,108955.4,568945.1,326911.4,106509.0,613254.3,594356.9,646394.8,70160.5,534413.7,506375.6,619783.6,452422.9
6472,86447,48.51535,10.94085,Bayern,BY,Landkreis Aichach-Friedberg,9771.0,"(48.51535, 10.94085)",194568.6,559705.0,426495.8,330793.5,109448.9,553951.7,327404.9,106198.8,565448.3,546550.9,598588.8,69850.3,534907.2,458569.6,571977.6,404616.9
