,zipcode,lat,long,state,state_code,community_name,community_code,coor,AKB Kitzingen,AKB Dortmund,AKB Zörbig,AKB Schöneck,AKB Buch,Mosolf Etzin,Mosolf Kippenheim,BLG Kelheim,BLG Duisburg,BLG Neuss,Carservice Erkens,ARS Altmann Wolnzach,CAT Zülpich,Autohaus Siebrecht,Neu: FleetParQ Essen ,Neu: FleetParQ Kassel
82,01906,51.1758,14.1733,Sachsen,SN,Landkreis Bautzen,14625.0,"(51.1758, 14.1733)",413199.0,555981.1,195292.5,500453.2,550641.0,273171.4,683253.7,399252.0,635062.2,623934.2,662036.3,445250.1,656815.5,394143.7,592632.9,389914.3
83,01909,51.1191,14.104,Sachsen,SN,Landkreis Bautzen,14625.0,"(51.1191, 14.104)",410074.4,552856.5,192167.8,497328.6,547516.3,270046.8,680129.0,396127.4,631937.6,620809.5,658911.7,442125.4,653690.8,391019.0,589508.2,386789.7
84,01917,51.268,14.0937,Sachsen,SN,Landkreis Bautzen,14625.0,"(51.268, 14.0937)",415943.5,558725.6,198037.0,503197.7,553385.5,227695.4,685998.2,401996.5,637806.7,626678.7,664780.8,447994.6,659560.0,396888.2,595377.4,392658.8
85,01920,51.263,14.16133,Sachsen,SN,Landkreis Bautzen,14625.0,"(51.263, 14.16133)",421038.8,563820.9,203132.2,508293.0,558480.7,232172.0,691093.4,407091.8,642902.0,631773.9,669876.1,453089.8,664655.2,401983.5,600472.7,397754.1
86,01936,51.26655,13.9678375,Sachsen,SN,Landkreis Bautzen,14625.0,"(51.26655, 13.9678375)",402721.3,545503.4,184814.8,489975.5,540163.3,238471.3,672776.0,388774.3,624584.5,613456.5,651558.6,434772.4,646337.8,383666.0,582155.2,379436.7
87,01945,51.41971111111111,13.878122222222222,Brandenburg,BB,Landkreis Oberspreewald-Lausitz,12066.0,"(51.41971111111111, 13.878122222222222)",425722.3,568504.5,207815.8,512976.6,563164.3,201651.1,695777.0,411775.4,647585.6,636457.5,674559.6,457773.4,669338.8,406667.0,605156.2,402437.7
88,01968,51.533566666666665,13.954833333333331,Brandenburg,BB,Landkreis Oberspreewald-Lausitz,12066.0,"(51.533566666666665, 13.954833333333331)",433367.5,576149.6,215461.0,520621.7,570809.5,188768.5,703422.2,419420.5,653325.1,644102.7,680299.2,465418.6,676983.9,414312.2,612801.4,410082.8
89,01979,51.4881,13.7662,Brandenburg,BB,Landkreis Oberspreewald-Lausitz,12066.0,"(51.4881, 13.7662)",430383.5,573165.7,212477.0,517637.8,567825.5,205787.6,700438.2,416436.6,652246.8,641118.7,679220.8,462434.6,674000.0,411328.2,609817.4,407098.9
90,01983,51.6045,14.0709,Brandenburg,BB,Landkreis Oberspreewald-Lausitz,12066.0,"(51.6045, 14.0709)",447000.5,593984.9,229094.0,534254.8,584442.5,193014.5,717055.2,433053.6,657571.1,657735.7,684545.2,479051.6,690617.0,427945.2,624625.3,423715.9
91,01987,51.4767,13.8556,Brandenburg,BB,Landkreis Oberspreewald-Lausitz,12066.0,"(51.4767, 13.8556)",422027.2,564809.4,204120.7,509281.5,559469.2,195986.4,692081.9,408080.2,643890.5,632762.4,670864.5,454078.3,665643.7,402971.9,601461.1,398742.6
92,01990,51.3896,13.751466666666667,Brandenburg,BB,Landkreis Oberspreewald-Lausitz,12066.0,"(51.3896, 13.751466666666667)",432275.6,575057.7,214369.0,519529.8,569717.6,207062.2,702330.3,418328.6,654138.8,643010.7,681112.9,464326.7,675892.0,413220.3,611709.5,408990.9
93,01993,51.52785,13.9051,Brandenburg,BB,Landkreis Oberspreewald-Lausitz,12066.0,"(51.52785, 13.9051)",429472.9,572255.1,211566.4,516727.2,566914.9,187576.0,699527.6,415525.9,652132.7,640208.1,679106.7,461524.0,673089.4,410417.6,619186.8,406188.3
94,01994,51.5590125,13.896275,Brandenburg,BB,Landkreis Oberspreewald-Lausitz,12066.0,"(51.5590125, 13.896275)",431594.8,574377.0,213688.3,518849.1,569036.8,190226.5,701649.5,417647.9,654783.2,642330.0,681757.2,463645.9,675211.3,412539.5,611028.7,408310.2
95,01996,51.4547,14.0251,Brandenburg,BB,Landkreis Oberspreewald-Lausitz,12066.0,"(51.4547, 14.0251)",432766.6,575548.7,214860.0,520020.8,570208.6,208695.4,702821.3,418819.6,654629.8,643501.7,681603.9,464817.7,676383.0,413711.3,612200.5,409481.9
96,01998,51.54606666666667,13.911966666666666,Brandenburg,BB,Landkreis Oberspreewald-Lausitz,12066.0,"(51.54606666666667, 13.911966666666666)",430953.0,573735.1,213046.5,518207.2,568395.0,190293.4,701007.7,417006.0,654850.1,641688.2,681824.1,463004.1,674569.5,411897.7,610386.9,407668.3
97,02625,51.1825,14.4292,Sachsen,SN,Landkreis Bautzen,14625.0,"(51.1825, 14.4292)",430415.7,573197.8,212509.1,517669.9,567857.7,290388.1,700470.4,416468.7,652278.9,641150.8,679253.0,462466.8,674032.1,411360.4,609849.6,407131.0
98,02627,51.189225,14.531925,Sachsen,SN,Landkreis Bautzen,14625.0,"(51.189225, 14.531925)",438960.4,581742.5,221053.8,526214.6,576402.3,298932.8,709015.0,425013.4,660823.6,649695.5,687797.6,471011.4,682576.8,419905.0,618394.2,415675.7
99,02633,51.15985,14.3384,Sachsen,SN,Landkreis Bautzen,14625.0,"(51.15985, 14.3384)",429187.6,571969.8,211281.1,516441.9,566629.6,289160.1,699242.3,415240.7,651050.9,639922.8,678024.9,461238.7,672804.1,410132.3,608621.5,405903.0
100,02681,51.087925,14.426375,Sachsen,SN,Landkreis Bautzen,14625.0,"(51.087925, 14.426375)",441438.2,584220.3,223531.7,528692.4,578880.2,301410.6,711492.9,427491.2,663301.4,652173.4,690275.5,473489.3,685054.6,422382.9,620872.1,418153.5
101,02689,51.0471,14.4298,Sachsen,SN,Landkreis Bautzen,14625.0,"(51.0471, 14.4298)",448149.6,590931.7,230243.1,535403.8,585591.6,308122.0,718204.3,434202.6,670012.8,658884.8,696986.9,480200.7,691766.1,429094.3,627583.5,424864.9
102,02692,51.125725,14.4172,Sachsen,SN,Landkreis Bautzen,14625.0,"(51.125725, 14.4172)",436423.0,579205.1,218516.4,523677.2,573864.9,296395.4,706477.6,422476.0,658286.2,647158.1,685260.3,468474.0,680039.4,417367.7,615856.9,413138.3
103,02694,51.25026666666667,14.513966666666668,Sachsen,SN,Landkreis Bautzen,14625.0,"(51.25026666666667, 14.513966666666668)",440475.2,583257.3,222568.7,527729.4,577917.2,252182.8,710529.9,426528.2,662338.4,651210.4,689312.5,472526.3,684091.6,421419.9,619909.1,417190.5
104,02699,51.27863333333334,14.319366666666667,Sachsen,SN,Landkreis Bautzen,14625.0,"(51.27863333333334, 14.319366666666667)",428482.6,571264.8,210576.1,515736.9,565924.6,240553.4,698537.3,414535.7,650345.9,639217.8,677319.9,460533.7,672099.1,409427.3,607916.5,405198.0
105,02708,51.07467777777778,14.647022222222224,Sachsen,SN,Landkreis Görlitz,14626.0,"(51.07467777777778, 14.647022222222224)",467281.2,610063.3,249374.7,554535.4,604723.2,327253.6,737335.9,453334.2,689144.4,678016.4,716118.5,499332.3,710897.7,448225.9,646715.1,443996.5
106,02727,50.9773,14.6088,Sachsen,SN,Landkreis Görlitz,14626.0,"(50.9773, 14.6088)",476655.5,619437.6,258748.9,563909.7,614097.4,336627.9,746710.1,462708.5,698518.7,687390.6,725492.8,508706.5,720271.9,457600.1,656089.3,453370.8
107,02730,51.0167,14.5833,Sachsen,SN,Landkreis Görlitz,14626.0,"(51.0167, 14.5833)",453727.7,596509.8,235821.1,540981.9,591169.6,313700.1,723782.3,439780.7,675590.9,664462.8,702565.0,485778.7,697344.1,434672.4,633161.6,430443.0
108,02733,51.1,14.5167,Sachsen,SN,Landkreis Bautzen,14625.0,"(51.1, 14.5167)",443968.8,586750.9,226062.3,531223.0,581410.8,303941.2,714023.5,430021.8,665832.0,654704.0,692806.1,476019.9,687585.3,424913.5,623402.7,420684.1
109,02736,51.07035,14.51915,Sachsen,SN,Landkreis Görlitz,14626.0,"(51.07035, 14.51915)",446946.1,589728.3,229039.6,534200.4,584388.1,306918.6,717000.8,432999.2,668809.4,657681.3,695783.4,478997.2,690562.6,427890.8,626380.0,423661.5
110,02739,50.9827,14.6621,Sachsen,SN,Landkreis Görlitz,14626.0,"(50.9827, 14.6621)",477844.4,620626.5,259937.9,565098.6,615286.4,337816.8,747899.1,463897.4,699707.6,688579.6,726681.7,509895.5,721460.8,458789.1,657278.3,454559.7
111,02742,51.03185,14.54905,Sachsen,SN,Landkreis Görlitz,14626.0,"(51.03185, 14.54905)",450717.0,593499.2,232810.5,537971.3,588159.0,310689.5,720771.7,436770.1,672580.3,661452.2,699554.3,482768.1,694333.5,431661.7,630150.9,427432.4
112,02747,51.01475,14.7531,Sachsen,SN,Landkreis Görlitz,14626.0,"(51.01475, 14.7531)",477746.9,620529.1,259840.4,565001.2,615188.9,337719.4,747801.6,426391.2,699610.2,688482.1,726584.2,472389.3,721363.4,458691.6,657180.8,454462.3
113,02748,51.05,14.85,Sachsen,SN,Landkreis Görlitz,14626.0,"(51.05, 14.85)",478563.5,621345.6,260657.0,565817.7,616005.5,338535.9,748618.2,431075.1,700426.7,689298.7,727400.8,477073.1,722180.0,459508.2,657997.4,455278.8
114,02763,50.9001,14.770433333333337,Sachsen,SN,Landkreis Görlitz,14626.0,"(50.9001, 14.770433333333337)",491470.8,634252.9,273564.2,578725.0,628912.8,351443.2,761525.5,414025.0,713334.0,702205.9,740308.1,460023.0,735087.2,472415.5,670904.7,468186.1
115,02779,50.90505,14.6936,Sachsen,SN,Landkreis Görlitz,14626.0,"(50.90505, 14.6936)",489605.7,632387.9,271699.2,576860.0,627047.7,349578.2,759660.4,419962.6,711469.0,700340.9,738443.0,465960.7,733222.2,470550.4,669039.6,466321.1
116,02782,50.9349,14.6019,Sachsen,SN,Landkreis Görlitz,14626.0,"(50.9349, 14.6019)",484000.8,626783.0,266094.3,571255.1,621442.8,343973.3,754055.5,428251.4,705864.1,694736.0,732838.1,474249.5,727617.3,464945.5,663434.7,460716.2
117,02785,50.873,14.7704,Sachsen,SN,Landkreis Görlitz,14626.0,"(50.873, 14.7704)",495062.7,637844.9,277156.2,582317.0,622082.1,355035.2,754694.8,414560.4,716926.0,705797.9,743900.0,460558.4,738679.2,476007.4,674496.6,471778.1
118,02788,50.95740000000001,14.881766666666666,Sachsen,SN,Landkreis Görlitz,14626.0,"(50.95740000000001, 14.881766666666666)",491651.7,634433.8,273745.2,578905.9,629093.7,309846.0,761706.4,418656.9,713514.9,702386.9,740489.0,464655.0,735268.2,472596.4,671085.6,468367.0
119,02791,50.9583,14.7083,Sachsen,SN,Landkreis Görlitz,14626.0,"(50.9583, 14.7083)",482415.5,625197.6,264509.0,569669.7,619857.5,342387.9,752470.2,422268.5,704278.7,693150.7,731252.8,468266.5,726031.9,463360.2,661849.4,459130.8
120,02794,50.95,14.65,Sachsen,SN,Landkreis Görlitz,14626.0,"(50.95, 14.65)",480693.6,623475.7,262787.0,567947.8,618135.5,340666.0,750748.2,426514.7,702556.8,691428.7,729530.8,472512.8,724310.0,461638.2,660127.4,457408.9
121,02796,50.85,14.7,Sachsen,SN,Landkreis Görlitz,14626.0,"(50.85, 14.7)",497750.8,640532.9,279844.2,585005.0,635192.8,357723.2,767805.5,420554.9,719614.0,708485.9,746588.1,466552.9,741367.2,478695.5,677184.7,474466.1
122,02797,50.85,14.75,Sachsen,SN,Landkreis Görlitz,14626.0,"(50.85, 14.75)",498328.7,641110.8,280422.2,585582.9,624852.1,358301.1,757464.8,417330.4,720191.9,709063.8,747166.0,463328.5,741945.1,479273.4,677762.6,475044.0
123,02799,50.8703,14.6503,Sachsen,SN,Landkreis Görlitz,14626.0,"(50.8703, 14.6503)",494326.8,637108.9,276420.3,581581.0,631768.8,354299.2,764381.5,424232.5,716190.0,705062.0,743164.1,470230.6,737943.3,475271.5,673760.7,471042.1
124,02826,51.1503,14.9829,Sachsen,SN,Landkreis Görlitz,14626.0,"(51.1503, 14.9829)",476804.3,619586.5,258897.8,564058.6,614246.3,285431.7,746859.0,462857.4,698667.6,687539.5,725641.6,508855.4,720420.8,457749.0,656238.2,453519.7
125,02827,51.149,14.9534,Sachsen,SN,Landkreis Görlitz,14626.0,"(51.149, 14.9534)",475642.6,618424.7,257736.1,562896.8,613084.6,284270.0,745697.3,461695.6,697505.8,686377.8,724479.9,507693.7,719259.1,456587.3,655076.5,452358.0
126,02828,51.1687,14.9693,Sachsen,SN,Landkreis Görlitz,14626.0,"(51.1687, 14.9693)",473680.0,616462.1,255773.5,560934.2,611122.0,282307.3,743734.7,459733.0,695543.2,684415.1,722517.3,505731.1,717296.4,454624.7,653113.9,450395.3
127,02829,51.187475,14.874025,Sachsen,SN,Landkreis Görlitz,14626.0,"(51.187475, 14.874025)",464253.7,607035.8,246347.2,551507.9,601695.7,280221.8,734308.4,450306.7,686116.9,674988.9,713091.0,496304.8,707870.1,445198.4,643687.6,440969.0
128,02894,51.1531,14.7771,Sachsen,SN,Landkreis Görlitz,14626.0,"(51.1531, 14.7771)",457836.5,600618.7,239930.0,545090.7,595278.5,317809.0,727891.2,443889.5,679699.7,668571.7,706673.8,489887.6,701453.0,438781.2,637270.4,434551.9
129,02899,51.0406,14.9153,Sachsen,SN,Landkreis Görlitz,14626.0,"(51.0406, 14.9153)",479347.9,622130.0,261441.3,566602.1,616789.9,339320.3,749402.6,465400.9,701211.1,690083.0,728185.2,511399.0,722964.3,460292.6,658781.8,456063.2
130,02906,51.2947,14.721114285714284,Sachsen,SN,Landkreis Görlitz,14626.0,"(51.2947, 14.721114285714284)",463172.8,605955.0,245266.3,550427.1,600614.8,274272.2,733227.5,449225.8,685036.1,673908.0,712010.1,495223.9,706789.3,444117.5,642606.7,439888.2
131,02923,51.289525,14.8768,Sachsen,SN,Landkreis Görlitz,14626.0,"(51.289525, 14.8768)",469755.8,612537.9,251849.2,557010.0,607197.8,266910.0,739810.5,455808.8,691619.0,680490.9,718593.1,501806.9,713372.2,450700.5,649189.7,446471.1
132,02929,51.3635,14.9461,Sachsen,SN,Landkreis Görlitz,14626.0,"(51.3635, 14.9461)",490632.9,633415.1,272726.4,577887.2,628074.9,267061.7,760687.6,476686.0,712496.2,701368.1,739470.2,522684.0,734249.4,471577.6,670066.8,467348.3
133,02943,51.452,14.60345,Sachsen,SN,Landkreis Görlitz,14626.0,"(51.452, 14.60345)",484329.1,629873.8,266422.6,571583.3,621771.1,228903.3,754383.8,470382.1,693460.0,700730.2,720434.1,516380.2,727945.5,465273.8,660514.1,461044.4
134,02953,51.5419,14.68955,Sachsen,SN,Landkreis Görlitz,14626.0,"(51.5419, 14.68955)",487910.1,617668.2,276641.1,575164.3,625352.0,216697.7,757964.7,473963.1,681254.4,688524.6,708228.5,519961.1,735113.2,471639.4,648308.5,464625.4
135,02956,51.4,14.7833,Sachsen,SN,Landkreis Görlitz,14626.0,"(51.4, 14.7833)",479204.6,621986.7,261298.0,566458.8,616646.5,250196.9,749259.2,465257.6,701067.8,689939.7,728041.8,511255.6,722821.0,460149.2,658638.4,455919.9
136,02957,51.5078,14.71365,Sachsen,SN,Landkreis Görlitz,14626.0,"(51.5078, 14.71365)",483067.3,623293.6,265160.7,570321.5,620509.2,222323.1,753121.9,469120.3,686879.8,694150.0,713853.9,515118.3,740738.6,464012.0,653933.9,459782.6
137,02959,51.54443333333333,14.55556666666667,Sachsen,SN,Landkreis Görlitz,14626.0,"(51.54443333333333, 14.55556666666667)",483245.0,614773.7,273746.7,570499.2,620686.9,213803.3,753299.6,469298.0,678359.9,685630.1,705334.0,515296.0,732218.7,464189.6,645414.1,459960.3
138,02977,51.4379,14.2355,Sachsen,SN,Landkreis Bautzen,14625.0,"(51.4379, 14.2355)",431059.2,573841.3,213152.7,518313.4,568501.2,222765.7,701113.9,417112.2,652922.4,641794.4,679896.5,463110.3,674675.7,412003.9,610493.1,407774.6
139,02979,51.50835,14.2667,Sachsen,SN,Landkreis Bautzen,14625.0,"(51.50835, 14.2667)",459948.7,611448.7,242042.2,547202.9,597390.7,210478.3,730003.4,446001.7,675035.0,682305.2,702009.0,491999.8,703565.2,440893.4,642089.1,436664.1
140,02991,51.45973333333333,14.115533333333332,Sachsen,SN,Landkreis Bautzen,14625.0,"(51.45973333333333, 14.115533333333332)",439504.6,582286.7,221598.1,526758.8,576946.6,211918.3,709559.3,425557.6,661367.8,650239.8,688341.9,471555.7,683121.1,420449.3,618938.5,416219.9
141,02994,51.3798,14.04785,Sachsen,SN,Landkreis Bautzen,14625.0,"(51.3798, 14.04785)",436952.8,579735.0,219046.3,524207.0,574394.8,212881.6,707007.5,423005.8,658816.0,647688.0,685790.1,469003.9,680569.3,417897.5,616386.7,413668.2
142,02997,51.385,14.244,Sachsen,SN,Landkreis Bautzen,14625.0,"(51.385, 14.244)",439184.9,581967.1,221278.4,526439.2,576626.9,228365.0,709239.6,425238.0,661048.2,649920.1,688022.2,471236.0,682801.4,420129.6,618618.8,415900.3
143,02999,51.371566666666666,14.4094,Sachsen,SN,Landkreis Bautzen,14625.0,"(51.371566666666666, 14.4094)",444998.0,587780.1,227091.5,532252.2,582440.0,227889.2,715052.7,431051.0,666861.2,655733.2,693835.3,477049.1,688614.5,425942.7,624431.9,421713.3
144,03042,51.7612,14.3544,Brandenburg,BB,Kreisfreie Stadt Cottbus,12052.0,"(51.7612, 14.3544)",503495.4,586698.6,245671.5,590749.6,640937.3,185728.1,773550.0,489548.4,650284.8,657555.0,677258.9,535546.4,704143.6,440669.8,617338.9,480210.7
145,03044,51.7754,14.3374,Brandenburg,BB,Kreisfreie Stadt Cottbus,12052.0,"(51.7754, 14.3374)",504046.0,587249.2,246222.2,591300.2,641488.0,186278.8,774100.7,490099.0,650835.4,658105.6,677809.5,536097.1,704694.2,441220.4,617889.6,480761.3
146,03046,51.756,14.3197,Brandenburg,BB,Kreisfreie Stadt Cottbus,12052.0,"(51.756, 14.3197)",502196.5,585399.7,244372.6,589450.7,639638.5,184429.2,772251.1,488249.5,648985.9,656256.1,675960.0,534247.5,702844.7,439370.9,616040.0,478911.8
147,03048,51.7403,14.3198,Brandenburg,BB,Kreisfreie Stadt Cottbus,12052.0,"(51.7403, 14.3198)",500043.8,583247.0,242220.0,587298.0,637485.8,182276.6,770098.5,486096.8,646833.2,654103.5,673807.3,532094.9,700692.0,437218.3,613887.4,476759.1
148,03050,51.7324,14.3347,Brandenburg,BB,Kreisfreie Stadt Cottbus,12052.0,"(51.7324, 14.3347)",500376.6,583579.8,242552.8,587630.8,637818.6,182609.4,770431.3,486429.6,647166.0,654436.3,674140.1,532427.7,701024.8,437551.1,614220.2,477092.0
149,03051,51.7667,14.3333,Brandenburg,BB,Kreisfreie Stadt Cottbus,12052.0,"(51.7667, 14.3333)",502899.2,586102.5,245075.4,590153.5,640341.2,185132.0,772953.9,488952.3,649688.7,656958.9,676662.7,534950.3,703547.4,440073.7,616742.8,479614.6
150,03052,51.7667,14.3333,Brandenburg,BB,Kreisfreie Stadt Cottbus,12052.0,"(51.7667, 14.3333)",502899.2,586102.5,245075.4,590153.5,640341.2,185132.0,772953.9,488952.3,649688.7,656958.9,676662.7,534950.3,703547.4,440073.7,616742.8,479614.6
151,03053,51.7667,14.3333,Brandenburg,BB,Kreisfreie Stadt Cottbus,12052.0,"(51.7667, 14.3333)",502899.2,586102.5,245075.4,590153.5,640341.2,185132.0,772953.9,488952.3,649688.7,656958.9,676662.7,534950.3,703547.4,440073.7,616742.8,479614.6
152,03054,51.7667,14.3333,Brandenburg,BB,Kreisfreie Stadt Cottbus,12052.0,"(51.7667, 14.3333)",502899.2,586102.5,245075.4,590153.5,640341.2,185132.0,772953.9,488952.3,649688.7,656958.9,676662.7,534950.3,703547.4,440073.7,616742.8,479614.6
153,03055,51.7667,14.3333,Brandenburg,BB,Kreisfreie Stadt Cottbus,12052.0,"(51.7667, 14.3333)",502899.2,586102.5,245075.4,590153.5,640341.2,185132.0,772953.9,488952.3,649688.7,656958.9,676662.7,534950.3,703547.4,440073.7,616742.8,479614.6
154,03058,51.696375,14.41245625,Brandenburg,BB,Landkreis Spree-Neiße,12071.0,"(51.696375, 14.41245625)",507262.2,590465.4,249438.4,594516.4,644704.2,189495.0,777316.9,493315.2,654051.6,661321.8,681025.7,539313.3,707910.4,444436.6,621105.8,483977.5
155,03096,51.82541666666666,14.220583333333332,Brandenburg,BB,Landkreis Spree-Neiße,12071.0,"(51.82541666666666, 14.220583333333332)",497071.5,580274.7,239247.6,584325.7,634513.5,179304.2,767126.2,483124.5,643860.9,651131.1,670835.0,529122.6,697719.7,434245.9,610915.0,473786.8
156,03099,51.75,14.25,Brandenburg,BB,Landkreis Spree-Neiße,12071.0,"(51.75, 14.25)",492235.9,575439.1,234412.0,579490.1,629677.9,174468.6,762290.6,478288.9,639025.3,646295.5,665999.4,524287.0,692884.1,429410.3,606079.4,468951.2
157,03103,51.6147,14.148,Brandenburg,BB,Landkreis Oberspreewald-Lausitz,12066.0,"(51.6147, 14.148)",451093.2,597880.5,233186.7,538347.4,588535.2,196910.0,721147.9,437146.2,661466.7,668736.9,688440.8,483144.3,694709.7,432037.9,628520.8,427808.6
158,03116,51.6541,14.2232,Brandenburg,BB,Landkreis Spree-Neiße,12071.0,"(51.6541, 14.2232)",458513.0,589604.2,248577.1,545767.2,595954.9,188633.7,728567.6,444566.0,653190.4,660460.6,680164.5,490564.0,707049.2,439457.6,620244.5,435228.3
159,03119,51.5838,14.1708,Brandenburg,BB,Landkreis Spree-Neiße,12071.0,"(51.5838, 14.1708)",455754.2,601596.8,237847.6,543008.4,593196.1,200626.4,725808.8,441807.2,665183.0,672453.2,692157.1,487805.2,699370.6,436698.9,632237.2,432469.5
160,03130,51.59120666666667,14.4656,Brandenburg,BB,Landkreis Spree-Neiße,12071.0,"(51.59120666666667, 14.4656)",476781.9,611379.1,270352.0,564036.1,614223.9,210408.6,746836.6,462834.9,674965.3,682235.5,701939.4,508833.0,728824.1,465350.3,642019.4,453497.2
161,03149,51.70896666666667,14.5921,Brandenburg,BB,Landkreis Spree-Neiße,12071.0,"(51.70896666666667, 14.5921)",520605.9,603809.1,262782.1,607860.1,658047.9,202838.7,790660.6,506658.9,667395.3,674665.5,694369.4,552657.0,721254.1,457780.3,634449.5,497321.2
162,03159,51.651966666666674,14.593800000000002,Brandenburg,BB,Landkreis Spree-Neiße,12071.0,"(51.651966666666674, 14.593800000000002)",525923.0,609126.3,268099.2,613177.3,663365.0,208155.8,795977.7,511976.1,672712.5,679982.7,699686.5,557974.1,726571.2,463097.5,639766.6,502638.4
163,03172,51.9310125,14.610225,Brandenburg,BB,Landkreis Spree-Neiße,12071.0,"(51.9310125, 14.610225)",547560.6,605692.6,264665.6,634814.8,685002.6,204722.2,817615.3,533613.6,669278.8,676549.0,696252.9,579611.7,723137.6,459663.8,636332.9,524275.9
