,zipcode,lat,long,state,state_code,community_name,community_code,coor,AKB Kitzingen,AKB Dortmund,AKB Zörbig,AKB Schöneck,AKB Buch,Mosolf Etzin,Mosolf Kippenheim,BLG Kelheim,BLG Duisburg,BLG Neuss,Carservice Erkens,ARS Altmann Wolnzach,CAT Zülpich,Autohaus Siebrecht,Neu: FleetParQ Essen ,Neu: FleetParQ Kassel
7850,97225,49.8974,9.8175,Bayern,BY,Main-Spessart,9677.0,"(49.8974, 9.8175)",32833.7,324205.0,356865.1,113912.9,229690.0,484321.0,294087.3,237606.5,348567.7,329670.3,381708.2,245299.3,318352.7,252925.7,355097.0,198973.0
7851,97228,49.7923,10.0259,Bayern,BY,Landkreis Würzburg,9679.0,"(49.7923, 10.0259)",9462.9,366804.1,360996.2,139551.0,206319.2,488452.1,295389.9,214235.6,374205.8,355308.4,407346.3,221928.5,343990.7,265668.7,380735.1,211716.0
7852,97230,49.829,10.0059,Bayern,BY,Landkreis Würzburg,9679.0,"(49.829, 10.0059)",20456.6,360019.6,354211.7,133970.4,215387.2,481667.6,289809.4,223744.2,368625.3,349727.9,401765.8,231437.0,338410.2,258884.2,375154.6,204931.5
7853,97232,49.6531,9.9444,Bayern,BY,Landkreis Würzburg,9679.0,"(49.6531, 9.9444)",31761.9,344090.4,373556.1,133798.2,200174.5,501012.1,289637.2,234599.1,368453.1,349555.7,401593.6,242457.6,338238.0,278228.7,374982.4,224276.0
7854,97234,49.7319,9.9148,Bayern,BY,Landkreis Würzburg,9679.0,"(49.7319, 9.9148)",23917.0,332084.2,365711.2,121792.1,218847.6,493167.2,275786.2,226754.3,356446.9,337549.6,389587.5,234447.1,326231.9,270383.8,362976.3,216431.1
7855,97236,49.7602,9.9828,Bayern,BY,Landkreis Würzburg,9679.0,"(49.7602, 9.9828)",17214.9,338952.4,371150.6,128660.3,212145.5,498606.5,284499.3,220052.2,363315.1,344417.8,396455.7,227745.0,333100.1,275823.1,369844.5,221870.4
7856,97237,49.7167,9.75,Bayern,BY,Landkreis Würzburg,9679.0,"(49.7167, 9.75)",37304.1,322868.3,379399.6,112576.1,232234.6,506855.6,274969.9,240141.3,347230.9,328333.6,380371.5,247834.2,317015.9,284072.2,353760.3,230119.5
7857,97239,49.5527,10.0653,Bayern,BY,Landkreis Würzburg,9679.0,"(49.5527, 10.0653)",29949.9,395086.3,389278.4,153193.6,181831.8,516734.3,279731.3,233475.9,387848.4,368951.1,420989.0,224115.0,357633.4,293950.9,394377.8,239998.2
7858,97241,49.88845,10.07675,Bayern,BY,Landkreis Würzburg,9679.0,"(49.88845, 10.07675)",23037.3,354420.5,340768.8,143687.2,217967.9,468224.7,299526.2,226324.9,378342.0,359444.7,411482.6,234017.7,348127.0,253285.1,391072.3,199332.4
7859,97243,49.5173,10.0091,Bayern,BY,Landkreis Würzburg,9679.0,"(49.5173, 10.0091)",40860.9,362654.0,400189.3,152361.8,177527.8,527645.3,273132.0,229171.8,387016.6,368119.3,420157.2,219810.9,356801.6,304861.9,393546.0,250909.2
7860,97244,49.5991,9.8799,Bayern,BY,Landkreis Würzburg,9679.0,"(49.5991, 9.8799)",40150.1,346177.7,383628.3,135885.6,206215.3,511084.2,267426.7,242987.3,370540.4,351643.0,403680.9,248498.4,340325.4,288300.8,377069.7,234348.1
7861,97246,49.7239,9.9996,Bayern,BY,Landkreis Würzburg,9679.0,"(49.7239, 9.9996)",16490.8,340869.0,370426.4,130576.9,197184.7,497882.4,286415.8,219328.0,365231.7,346334.4,398372.2,227020.9,335016.7,275099.0,371761.0,221146.3
7862,97247,49.8833,10.1667,Bayern,BY,Landkreis Würzburg,9679.0,"(49.8833, 10.1667)",29173.6,360709.7,339526.7,149823.6,224104.2,466982.7,305662.5,216423.1,384478.4,365581.1,417618.9,224116.0,354263.4,259574.3,391007.7,205621.6
7863,97249,49.7597,9.8311,Bayern,BY,Landkreis Würzburg,9679.0,"(49.7597, 9.8311)",29097.1,326279.8,371192.7,115987.7,224027.7,498648.6,275010.7,231934.4,350642.5,331745.2,383783.0,239627.2,320427.5,275865.3,357171.8,221912.5
7864,97250,49.8597,9.8442,Bayern,BY,Landkreis Würzburg,9679.0,"(49.8597, 9.8442)",28530.9,337651.3,369848.3,127359.2,225387.2,497304.3,289784.5,233303.6,362014.0,343116.7,395154.6,240996.5,331799.0,257107.9,368543.4,203155.1
7865,97252,49.6667,10.0833,Bayern,BY,Landkreis Würzburg,9679.0,"(49.6667, 10.0833)",21892.1,350802.3,381220.5,140510.2,190070.2,508676.4,296349.1,241714.3,375165.0,356267.6,408305.5,232353.3,344949.9,285893.0,381694.3,231940.3
7866,97253,49.6333,10.0,Bayern,BY,Landkreis Würzburg,9679.0,"(49.6333, 10.0)",29600.5,353978.7,383536.1,143686.6,195665.6,510992.1,276667.4,232437.7,378341.4,359444.0,411481.9,237948.8,348126.4,288208.7,384870.7,234256.0
7867,97255,49.58275,10.01135,Bayern,BY,Landkreis Würzburg,9679.0,"(49.58275, 10.01135)",35709.0,360087.2,389644.7,149795.1,192208.8,517100.6,276151.2,243852.9,384449.9,365552.6,417590.5,234492.0,354234.9,294317.2,390979.3,240364.5
7868,97256,49.6836,9.9022,Bayern,BY,Landkreis Würzburg,9679.0,"(49.6836, 9.9022)",30006.9,342335.3,371801.1,132043.2,204273.3,499257.0,278778.3,232844.1,366698.0,347800.7,399838.6,240537.0,336483.0,276473.6,373227.3,222520.9
7869,97258,49.5866,10.1451,Bayern,BY,Landkreis Neustadt an der Aisch-Bad Windsheim,9575.0,"(49.5866, 10.1451)",26379.8,391516.2,385708.2,162604.6,178695.6,513164.2,311663.3,230339.7,397259.4,378362.1,430400.0,220978.7,367044.4,290380.8,403788.7,236428.1
7870,97259,49.8167,9.7667,Bayern,BY,Landkreis Würzburg,9679.0,"(49.8167, 9.7667)",39619.2,318571.8,372261.3,108279.7,234549.8,499717.2,282102.0,242456.4,342934.5,324037.2,376075.1,250149.3,312719.5,276933.9,349463.9,222981.2
7871,97261,49.8697,9.905,Bayern,BY,Landkreis Würzburg,9679.0,"(49.8697, 9.905)",28185.7,361944.7,356136.8,129246.7,223116.2,483592.7,291672.0,231473.2,363901.5,345004.2,397042.1,239166.1,333686.5,260809.3,370430.9,206856.6
7872,97262,49.9333,10.0167,Bayern,BY,Landkreis Würzburg,9679.0,"(49.9333, 10.0167)",27833.8,352638.7,338994.8,160547.9,222764.4,466450.8,316386.8,231121.4,395202.7,376305.3,428343.2,238814.2,364987.7,251503.3,389290.4,197550.6
7873,97264,49.7618,9.708,Bayern,BY,Landkreis Würzburg,9679.0,"(49.7618, 9.708)",38821.0,315941.2,380916.6,105649.1,233751.6,508372.6,281303.9,241658.3,340303.9,321406.5,373444.4,249351.2,310088.9,285589.2,346833.2,231636.5
7874,97265,49.7994,9.815,Bayern,BY,Landkreis Würzburg,9679.0,"(49.7994, 9.815)",36543.9,327456.6,367903.4,117164.5,231474.4,495359.4,282457.4,239381.1,351819.3,332921.9,384959.8,247074.0,321604.3,272576.0,358348.6,218623.3
7875,97267,49.9239,9.8017,Bayern,BY,Main-Spessart,9677.0,"(49.9239, 9.8017)",35698.5,355185.4,356778.4,117407.1,232554.8,484234.3,298776.7,240471.2,352061.9,333164.6,385202.5,248164.1,321846.9,254050.0,358591.2,200097.3
7876,97268,49.6561,9.8578,Bayern,BY,Landkreis Würzburg,9679.0,"(49.6561, 9.8578)",37310.3,337123.9,379405.9,126831.8,209199.1,506861.8,269030.6,240147.6,361486.6,342589.2,394627.1,247840.4,331271.6,284078.5,368015.9,230125.7
7877,97270,49.7428,9.8439,Bayern,BY,Landkreis Würzburg,9679.0,"(49.7428, 9.8439)",27029.3,326842.8,369124.9,116550.7,221959.8,496580.8,270122.0,229866.5,351205.5,332308.2,384346.1,237559.4,320990.5,273797.4,357734.9,219844.7
7878,97271,49.7003,9.8447,Bayern,BY,Landkreis Würzburg,9679.0,"(49.7003, 9.8447)",32126.7,331940.2,374222.2,121648.1,227057.2,501678.2,273762.3,234963.9,356302.9,337405.6,389443.5,242656.8,326087.9,278894.8,362832.2,224942.1
7879,97273,49.85,10.0333,Bayern,BY,Landkreis Würzburg,9679.0,"(49.85, 10.0333)",20399.7,361269.4,348903.7,140644.8,215330.3,476359.6,296483.8,223687.3,375299.7,356402.3,408440.2,231380.2,345084.6,260134.0,381829.0,206181.2
7880,97274,49.8619,9.8049,Bayern,BY,Landkreis Würzburg,9679.0,"(49.8619, 9.8049)",30830.0,324995.1,360256.2,114702.9,227686.4,487712.1,288525.2,235602.8,349357.8,330460.4,382498.3,243295.7,319142.7,256316.8,355887.1,202364.1
7881,97276,49.8375,9.8639,Bayern,BY,Landkreis Würzburg,9679.0,"(49.8375, 9.8639)",25251.1,334371.5,366568.5,124079.4,222107.4,494024.5,286504.7,230023.8,358734.2,339836.9,391874.8,237716.7,328519.2,271241.1,365263.5,217288.4
7882,97277,49.7309,9.6716,Bayern,BY,Landkreis Würzburg,9679.0,"(49.7309, 9.6716)",43400.6,317561.0,385496.2,107268.9,238331.2,512952.1,270282.4,246237.8,341923.7,323026.4,375064.2,253930.7,311708.7,290168.7,348453.0,236216.0
7883,97279,49.8631,10.1267,Bayern,BY,Landkreis Würzburg,9679.0,"(49.8631, 10.1267)",25080.1,365949.8,340544.0,145730.1,220010.7,467999.9,301569.0,213758.2,380384.9,361487.5,413525.4,221451.1,350169.9,264814.4,386914.2,210861.7
7884,97280,49.8048,9.6948,Bayern,BY,Landkreis Würzburg,9679.0,"(49.8048, 9.6948)",41691.5,312033.7,383787.1,101741.6,236622.1,511243.1,284174.4,244528.8,336396.4,317499.1,369537.0,252221.7,306181.4,288459.7,342925.7,234507.0
7885,97282,49.9125,9.8819,Bayern,BY,Main-Spessart,9677.0,"(49.9125, 9.8819)",34950.1,359284.1,353476.2,120892.4,229880.7,480932.1,300062.8,238237.7,355547.3,336649.9,388687.8,245930.5,325332.2,258148.7,362076.6,204196.0
7886,97283,49.5572,9.9781,Bayern,BY,Landkreis Würzburg,9679.0,"(49.5572, 9.9781)",34335.3,355484.2,394102.3,145192.1,194287.6,521558.2,274829.3,245931.7,379846.9,360949.5,412987.4,236570.8,349631.8,298774.8,386376.2,244822.1
7887,97285,49.50205,9.95375,Bayern,BY,Landkreis Würzburg,9679.0,"(49.50205, 9.95375)",42027.3,362506.4,401124.6,152214.3,182775.5,528580.5,267951.5,234419.5,386869.1,367971.8,420009.7,225058.6,356654.1,305797.1,393398.5,251844.4
7888,97286,49.705200000000005,10.02135,Bayern,BY,Landkreis Würzburg,9679.0,"(49.705200000000005, 10.02135)",19416.6,343794.8,373352.2,133502.7,194615.4,500808.1,289341.6,222253.8,368157.5,349260.1,401298.0,229946.7,337942.5,278024.8,374686.8,224072.1
7889,97288,49.754,10.0306,Bayern,BY,Landkreis Würzburg,9679.0,"(49.754, 10.0306)",8024.2,372301.8,366493.9,134022.0,203357.0,493949.8,289860.9,215405.2,368676.8,349779.4,401817.3,223098.1,338461.8,271166.4,375206.1,217213.7
7890,97289,49.9414,9.8586,Bayern,BY,Main-Spessart,9677.0,"(49.9414, 9.8586)",38760.1,345829.8,348633.7,120928.1,238894.2,476089.7,301838.3,260846.3,355582.9,336685.6,388723.5,268539.1,325367.9,244694.4,362112.3,190741.7
7891,97291,49.8783,9.8492,Bayern,BY,Landkreis Würzburg,9679.0,"(49.8783, 9.8492)",29268.4,340213.4,360623.4,129921.3,226124.8,488079.3,292346.6,234041.2,364576.1,345678.8,397716.7,241734.1,334361.1,265295.9,371105.5,211343.2
7892,97292,49.78805,9.70545,Bayern,BY,Landkreis Würzburg,9679.0,"(49.78805, 9.70545)",41613.8,316748.8,383709.4,106456.7,236544.4,511165.3,284096.6,244451.0,341111.5,322214.1,374252.0,252143.9,310896.4,288381.9,347640.8,234429.2
7893,97294,49.8689,10.044,Bayern,BY,Landkreis Würzburg,9679.0,"(49.8689, 10.044)",18450.2,359319.8,343240.5,139100.1,213380.8,470696.4,294939.1,221737.8,373755.0,354857.6,406895.5,229430.6,343539.9,258184.4,380284.3,204231.7
7894,97295,49.7586,9.8036,Bayern,BY,Landkreis Würzburg,9679.0,"(49.7586, 9.8036)",29813.8,323994.4,371909.4,113702.3,224744.4,499365.3,275727.4,232651.1,348357.1,329459.7,381497.6,240343.9,318142.0,276581.9,354886.4,222629.2
7895,97297,49.7883,9.8467,Bayern,BY,Landkreis Würzburg,9679.0,"(49.7883, 9.8467)",34010.0,327038.2,365726.9,116746.1,228940.6,493182.8,279923.6,236847.3,351400.9,332503.6,384541.5,244540.1,321185.9,270399.4,357930.2,216446.7
7896,97299,49.8121,9.8696,Bayern,BY,Landkreis Würzburg,9679.0,"(49.8121, 9.8696)",22852.4,331972.8,364169.8,121680.7,219708.7,491625.8,284106.0,227625.1,356335.5,337438.2,389476.1,235318.0,326120.5,268842.4,362864.8,214889.7
7897,97318,49.7532,10.117,Bayern,BY,Landkreis Kitzingen,9675.0,"(49.7532, 10.117)",0.0,370019.0,364211.1,141107.5,199213.9,491667.0,296946.4,213414.9,375762.3,356865.0,408902.8,221107.7,345547.3,268883.7,382291.6,214930.9
7898,97320,49.75224,10.16496,Bayern,BY,Landkreis Kitzingen,9675.0,"(49.75224, 10.16496)",5686.6,374826.0,337632.2,145914.4,204020.9,465088.1,301753.4,205877.6,380569.3,361671.9,413709.8,213570.5,350354.2,273690.6,387098.6,219737.9
7899,97332,49.8635,10.2281,Bayern,BY,Landkreis Kitzingen,9675.0,"(49.8635, 10.2281)",20722.8,367509.6,336617.2,155637.9,218168.1,464073.2,311476.8,208752.1,390292.7,371395.4,423433.3,216445.0,360077.7,266374.2,396822.0,212421.5
7900,97334,49.8396,10.1956,Bayern,BY,Landkreis Kitzingen,9675.0,"(49.8396, 10.1956)",19691.7,374647.9,343755.6,154606.8,217136.9,471211.5,310445.7,207721.0,389261.6,370364.2,422402.1,215413.8,359046.5,273512.5,395790.9,219559.8
7901,97337,49.8029,10.1652,Bayern,BY,Landkreis Kitzingen,9675.0,"(49.8029, 10.1652)",8701.4,376623.7,333522.5,145042.4,211810.6,460978.4,300881.3,205608.8,379697.2,360799.9,412837.7,213301.7,349482.2,275488.3,386226.5,221535.6
7902,97340,49.65376666666666,10.147033333333331,Bayern,BY,Landkreis Kitzingen,9675.0,"(49.65376666666666, 10.147033333333331)",16413.4,381549.7,375741.8,152638.2,184591.5,503197.7,308477.1,236235.6,387293.0,368395.7,420433.5,226874.6,357078.0,280414.3,393822.3,226461.6
7903,97342,49.66513333333334,10.173633333333331,Bayern,BY,Landkreis Kitzingen,9675.0,"(49.66513333333334, 10.173633333333331)",21045.9,386182.3,380374.3,157270.7,189224.0,507830.3,313109.7,240868.1,391925.5,373028.2,425066.1,231507.2,361710.5,285046.9,398454.9,231094.2
7904,97346,49.7024,10.2604,Bayern,BY,Landkreis Kitzingen,9675.0,"(49.7024, 10.2604)",13760.0,382899.5,342788.3,153987.9,200909.0,470244.3,309826.9,192060.0,388642.7,369745.4,421783.3,190462.4,358427.7,281764.1,395172.0,227811.4
7905,97348,49.7,10.258033333333334,Bayern,BY,Landkreis Kitzingen,9675.0,"(49.7, 10.258033333333334)",13549.2,382688.6,342929.3,153777.0,200698.2,470385.3,309616.0,191849.1,388431.9,369534.5,421572.4,190251.5,358216.8,281553.2,394961.2,227600.5
7906,97350,49.7079,10.219,Bayern,BY,Landkreis Kitzingen,9675.0,"(49.7079, 10.219)",9551.5,378691.0,341495.4,149779.4,197461.5,468951.3,305618.4,194626.2,384434.2,365536.9,417574.8,193028.6,354219.2,277555.6,390963.5,223602.9
7907,97353,49.7945,10.3451,Bayern,BY,Landkreis Kitzingen,9675.0,"(49.7945, 10.3451)",27349.5,378201.8,322177.2,159749.9,222280.1,449633.1,315588.9,190533.9,394404.7,375507.4,427545.3,198226.8,364189.7,277066.4,400934.1,223113.7
7908,97355,49.75954,10.32948,Bayern,BY,Landkreis Kitzingen,9675.0,"(49.75954, 10.32948)",25616.6,382452.1,330203.6,158017.0,220547.1,457659.5,313855.9,191981.0,392671.8,373774.4,425812.3,199673.9,362456.8,281316.7,399201.1,227364.0
7909,97357,49.8193,10.3477,Bayern,BY,Landkreis Kitzingen,9675.0,"(49.8193, 10.3477)",23452.3,377729.5,322722.1,158367.4,220897.5,450178.0,314206.3,191399.9,393022.2,374124.8,426162.7,199092.8,362807.2,276594.2,399551.5,222641.4
7910,97359,49.7996,10.2298,Bayern,BY,Landkreis Kitzingen,9675.0,"(49.7996, 10.2298)",13469.9,377036.3,328301.6,148385.0,210915.2,455757.5,304223.9,201499.2,383039.8,364142.4,416180.3,209192.1,352824.8,275900.9,389569.1,221948.2
7911,97421,50.0442,10.2267,Bayern,BY,Schweinfurt,9662.0,"(50.0442, 10.2267)",48287.8,348514.7,319099.4,173480.9,243218.4,446555.3,336840.8,231311.9,427595.8,396759.3,454569.9,239004.8,385441.7,247379.3,385166.5,193426.6
7912,97422,50.0545,10.2441,Bayern,BY,Schweinfurt,9662.0,"(50.0545, 10.2441)",51833.7,352060.7,318343.3,177026.9,246764.3,445799.3,340386.8,230555.8,431141.8,400305.3,458115.9,238248.7,388987.6,250925.3,388712.5,196972.6
7913,97424,50.0348,10.2064,Bayern,BY,Schweinfurt,9662.0,"(50.0348, 10.2064)",46566.4,346793.4,321818.5,171759.6,241497.0,449274.4,335119.5,234031.0,425874.4,395038.0,452848.5,241723.9,383720.3,245658.0,383445.1,191705.2
7914,97437,50.0352,10.5156,Bayern,BY,Landkreis Haßberge,9674.0,"(50.0352, 10.5156)",71239.3,371466.3,298116.8,196432.5,266169.9,425572.7,359792.4,210329.3,450547.4,419710.9,477521.4,218022.2,408393.2,270330.9,408118.0,216378.2
7915,97440,49.982,10.0988,Bayern,BY,Landkreis Schweinfurt,9678.0,"(49.982, 10.0988)",32227.2,340958.9,328813.4,165925.1,227157.7,456269.3,308716.1,241025.9,387531.9,368634.6,420672.5,248718.8,357316.9,239823.5,377610.7,185870.8
7916,97447,49.89375,10.3313,Bayern,BY,Landkreis Schweinfurt,9678.0,"(49.89375, 10.3313)",29777.8,369066.8,318248.1,164692.9,227223.1,445704.0,320531.9,207114.6,399347.7,380450.4,432488.3,214807.5,369132.7,267931.4,405718.6,213978.7
7917,97450,49.9777,9.9698,Bayern,BY,Main-Spessart,9677.0,"(49.9777, 9.9698)",33538.3,344992.2,339104.3,132031.5,228468.8,466560.2,322091.3,251316.8,366686.3,347788.9,399826.8,259009.7,336471.2,243856.8,381643.9,189904.1
7918,97453,50.0501,10.3081,Bayern,BY,Landkreis Schweinfurt,9678.0,"(50.0501, 10.3081)",60113.9,360340.9,315273.7,185307.1,255044.5,442729.6,348667.0,227486.2,439422.0,408585.5,466396.1,235179.1,397267.8,259205.5,396992.7,205252.8
7919,97456,50.0721,10.2197,Bayern,BY,Landkreis Schweinfurt,9678.0,"(50.0721, 10.2197)",57779.3,346306.6,309559.8,171272.8,252709.9,437015.8,346332.4,232908.2,425387.7,406250.9,452361.8,240601.1,394933.2,245171.2,382958.4,191218.5
7920,97461,50.1368,10.5232,Bayern,BY,Landkreis Haßberge,9674.0,"(50.1368, 10.5232)",76152.4,376379.3,308091.1,201345.5,271083.0,435547.0,364705.4,220303.6,455460.4,424624.0,482434.5,227996.5,413306.3,275243.9,413031.1,221291.2
7921,97464,50.0615,10.1827,Bayern,BY,Landkreis Schweinfurt,9678.0,"(50.0615, 10.1827)",50789.2,338799.0,309689.7,163765.2,245719.8,437145.6,339342.3,234865.1,417880.1,399260.8,444854.1,242558.0,387943.1,237663.6,375450.7,183710.9
7922,97469,50.0167,10.2833,Bayern,BY,Landkreis Schweinfurt,9678.0,"(50.0167, 10.2833)",51649.0,351875.9,314187.4,176842.1,246579.6,441643.3,340202.0,226399.9,430957.0,400120.5,457931.1,234092.8,388802.9,250740.5,388527.7,196787.8
7923,97475,50.0024,10.6098,Bayern,BY,Landkreis Haßberge,9674.0,"(50.0024, 10.6098)",79944.9,380171.9,288374.0,205138.1,274875.5,415829.9,368498.0,200586.5,459253.0,428416.5,486227.0,208279.4,417098.8,279036.5,416823.6,225083.8
7924,97478,49.9833,10.55,Bayern,BY,Landkreis Haßberge,9674.0,"(49.9833, 10.55)",73430.0,373657.0,292426.8,198623.2,268360.6,419882.7,361983.1,204639.3,452738.1,421901.6,479712.1,212332.1,410583.9,272521.6,410308.7,218568.9
7925,97483,49.9715,10.6671,Bayern,BY,Landkreis Haßberge,9674.0,"(49.9715, 10.6671)",80943.3,381170.3,284004.8,206136.5,275873.9,411460.7,369496.4,196217.3,460251.4,429414.9,487225.5,203910.2,418097.2,280034.9,417822.1,226082.2
7926,97486,50.0808,10.5676,Bayern,BY,Landkreis Haßberge,9674.0,"(50.0808, 10.5676)",78126.8,378353.7,300106.0,203319.9,273057.4,427561.9,366679.8,212318.5,457434.8,426598.4,484408.9,220011.4,415280.7,277218.3,415005.5,223265.6
7927,97488,50.1871,10.3616,Bayern,BY,Landkreis Schweinfurt,9678.0,"(50.1871, 10.3616)",77284.8,350435.4,301123.3,175401.6,272215.3,428579.3,365837.8,241910.2,429516.5,399915.7,456490.6,249603.0,414438.6,249300.0,387087.2,195347.3
7928,97490,50.1,10.1424,Bayern,BY,Landkreis Schweinfurt,9678.0,"(50.1, 10.1424)",53838.5,331528.1,302047.3,156494.3,248769.1,429503.2,342391.6,245673.4,410609.2,381008.4,437583.2,253366.2,390992.4,230392.7,368179.8,176440.0
7929,97491,50.15,10.4333,Bayern,BY,Landkreis Haßberge,9674.0,"(50.15, 10.4333)",75746.1,375973.1,317296.6,200939.3,270676.7,444752.6,364299.2,229509.2,455054.2,424217.7,482028.3,237202.0,412900.0,274837.7,412624.9,220885.0
7930,97493,50.0103,10.1809,Bayern,BY,Landkreis Schweinfurt,9678.0,"(50.0103, 10.1809)",45867.4,346094.4,321392.7,171060.6,240798.0,448848.6,334420.5,233605.2,425175.5,394339.0,452149.6,241298.1,383021.3,244959.0,382746.2,191006.3
