,zipcode,lat,long,state,state_code,community_name,community_code,coor,AKB Kitzingen,AKB Dortmund,AKB Zörbig,AKB Schöneck,AKB Buch,Mosolf Etzin,Mosolf Kippenheim,BLG Kelheim,BLG Duisburg,BLG Neuss,Carservice Erkens,ARS Altmann Wolnzach,CAT Zülpich,Autohaus Siebrecht,Neu: FleetParQ Essen ,Neu: FleetParQ Kassel
8012,97828,49.8454,9.6036,Bayern,BY,Main-Spessart,9677.0,"(49.8454, 9.6036)",51772.6,305514.5,374125.7,95222.4,246703.2,501581.6,294255.5,254609.9,329877.2,310979.9,363017.8,262302.7,299662.2,271262.0,336406.6,217309.3
8013,97833,50.0647,9.4689,Bayern,BY,Main-Spessart,9677.0,"(50.0647, 9.4689)",88656.0,274269.0,402211.0,72525.4,283586.6,529666.9,308139.7,291493.2,318752.4,297039.5,351893.0,299186.1,296692.2,237270.2,296226.5,183317.5
8014,97834,49.8586,9.6956,Bayern,BY,Main-Spessart,9677.0,"(49.8586, 9.6956)",49450.2,313787.1,365949.3,103495.0,244380.8,493405.3,291933.0,252287.4,338149.8,319252.4,371290.3,259980.3,307934.8,262010.0,344679.1,208057.3
8015,97836,49.8703,9.4892,Bayern,BY,Main-Spessart,9677.0,"(49.8703, 9.4892)",67561.6,293544.4,409657.2,83252.3,262492.2,537113.1,299139.6,270398.8,317907.1,299009.8,351047.7,278091.7,287692.1,299973.4,324436.5,246020.7
8016,97837,49.8193,9.6273,Bayern,BY,Main-Spessart,9677.0,"(49.8193, 9.6273)",47303.0,307542.5,389398.6,97250.4,242233.6,516854.5,289785.8,250140.2,331905.2,313007.9,365045.8,257833.1,301690.2,294071.1,338434.5,240118.4
8017,97839,49.8553,9.5258,Bayern,BY,Main-Spessart,9677.0,"(49.8553, 9.5258)",60608.5,295651.6,402704.0,85359.4,255539.0,530160.0,301246.7,263445.7,320014.3,301116.9,353154.8,271138.6,289799.2,302080.5,326543.6,248127.8
8018,97840,49.8694,9.6022,Bayern,BY,Main-Spessart,9677.0,"(49.8694, 9.6022)",61439.0,306743.6,376508.3,96451.5,256369.6,503964.2,303921.9,264276.3,331106.3,312209.0,364246.8,271969.1,300891.3,271184.5,337635.6,217231.8
8019,97842,49.867,9.6381,Bayern,BY,Main-Spessart,9677.0,"(49.867, 9.6381)",64346.9,309651.5,370772.8,99359.4,259277.5,498228.7,306829.8,267184.2,334014.2,315116.9,367154.7,274877.1,303799.2,266833.5,340543.5,212880.7
8020,97843,50.0,9.4167,Bayern,BY,Main-Spessart,9677.0,"(50.0, 9.4167)",94321.7,297944.2,369239.5,87652.0,289252.3,496695.4,303539.3,297159.0,322306.9,303409.5,355447.4,304851.8,292091.8,249914.8,328836.2,195962.1
8021,97845,49.9302,9.5681,Bayern,BY,Main-Spessart,9677.0,"(49.9302, 9.5681)",68583.4,313888.0,382838.3,103595.8,263514.0,510294.2,311066.2,271420.6,338250.7,319353.3,371391.2,279113.5,308035.6,263508.2,344780.0,209555.5
8022,97846,50.0418,9.5199,Bayern,BY,Main-Spessart,9677.0,"(50.0418, 9.5199)",84120.9,279182.5,360703.6,77439.0,279051.5,488159.5,315653.1,286958.2,323666.0,301953.1,356806.5,294651.0,304205.6,242183.7,301140.0,188231.0
8023,97848,49.9831,9.5083,Bayern,BY,Main-Spessart,9677.0,"(49.9831, 9.5083)",92991.2,296613.7,360740.3,86321.5,287921.8,488196.2,302208.8,295828.5,320976.4,302079.0,354116.9,303521.3,290761.3,261875.2,327505.7,207922.5
8024,97849,49.8956,9.6264,Bayern,BY,Main-Spessart,9677.0,"(49.8956, 9.6264)",66199.8,311504.4,369056.4,101212.3,261130.4,496512.3,308682.7,269037.1,335867.1,316969.8,369007.6,276729.9,305652.1,263796.8,342396.4,209844.1
8025,97851,49.8914,9.5926,Bayern,BY,Main-Spessart,9677.0,"(49.8914, 9.5926)",63621.0,308925.6,378690.3,98633.5,258551.6,506146.2,306103.8,266458.2,333288.3,314390.9,366428.8,274151.1,303073.2,268163.5,339817.6,214210.8
8026,97852,49.835,9.4639,Bayern,BY,Main-Spessart,9677.0,"(49.835, 9.4639)",63786.3,292299.9,405881.9,82007.8,258716.9,533337.9,297895.1,266623.6,316662.6,297765.3,349803.2,274316.5,286447.6,298728.9,323192.0,244776.2
8027,97854,49.9528,9.6694,Bayern,BY,Main-Spessart,9677.0,"(49.9528, 9.6694)",49463.6,313185.7,367360.9,102893.6,246319.9,494816.8,308060.7,254236.3,337548.4,318651.1,370688.9,261929.2,307333.4,258147.3,344077.7,204194.6
8028,97855,49.8006,9.6067,Bayern,BY,Main-Spessart,9677.0,"(49.8006, 9.6067)",50505.1,304956.3,392600.7,94664.2,245435.7,520056.6,292987.9,253342.3,329319.0,310421.6,362459.5,261035.2,299104.0,311385.2,335848.3,257432.5
8029,97857,49.9017,9.6712,Bayern,BY,Main-Spessart,9677.0,"(49.9017, 9.6712)",45015.1,315056.5,365600.8,104764.4,241871.4,493056.7,312234.7,249787.9,339419.2,320521.8,372559.7,257480.7,309204.1,260341.2,345948.5,206388.5
8030,97859,50.0333,9.4333,Bayern,BY,Main-Spessart,9677.0,"(50.0333, 9.4333)",96657.3,300279.8,370292.2,89987.6,291587.9,497748.1,305874.9,299494.6,324642.5,305745.1,357783.0,307187.4,294427.4,247395.7,331171.8,193443.0
8031,97877,49.759,9.5085,Baden-Württemberg,BW,Main-Tauber-Kreis,8128.0,"(49.759, 9.5085)",62559.7,307375.6,404655.3,97083.5,257490.3,532111.2,275401.6,265396.9,331738.3,312841.0,364878.9,273089.8,301523.3,313804.6,338267.7,259851.9
8032,97892,49.7682,9.5182,Bayern,BY,Main-Spessart,9677.0,"(49.7682, 9.5182)",60519.6,305335.5,402615.2,95043.4,255450.2,530071.1,279478.0,263356.8,329698.2,310800.9,362838.8,271049.7,299483.2,311764.5,336227.6,257811.8
8033,97896,49.7535,9.3275,Baden-Württemberg,BW,Main-Tauber-Kreis,8128.0,"(49.7535, 9.3275)",80391.2,300428.5,422486.7,90136.4,275321.7,549942.7,241318.4,283228.4,326195.8,307298.5,359336.3,290921.3,295980.8,306857.5,332725.1,252904.8
8034,97900,49.6694,9.5236,Baden-Württemberg,BW,Main-Tauber-Kreis,8128.0,"(49.6694, 9.5236)",63301.9,325650.7,405397.5,115358.6,258232.5,532853.4,265544.9,266139.1,350013.4,331116.1,383154.0,273832.0,319798.4,310070.0,356542.8,256117.3
8035,97901,49.8286,9.4014,Bayern,BY,Landkreis Miltenberg,9676.0,"(49.8286, 9.4014)",77135.9,295545.1,419231.5,85252.9,272066.5,546687.4,301140.2,279973.2,319907.8,301010.4,353048.3,287666.0,289692.7,301974.0,326437.1,248021.3
8036,97903,49.7435,9.3203,Bayern,BY,Landkreis Miltenberg,9676.0,"(49.7435, 9.3203)",81790.8,299237.1,423886.4,88945.0,276721.4,551342.3,240127.0,284628.1,325004.4,306107.1,358144.9,292320.9,294789.4,305666.1,331533.7,251713.4
8037,97904,49.7806,9.3803,Bayern,BY,Landkreis Miltenberg,9676.0,"(49.7806, 9.3803)",75509.7,295532.1,417605.3,85240.0,270440.3,545061.3,281974.8,278347.0,321299.4,302402.1,354439.9,286039.9,291084.4,301961.1,327828.7,248008.4
8038,97906,49.7853,9.4442,Bayern,BY,Landkreis Miltenberg,9676.0,"(49.7853, 9.4442)",69648.9,303239.7,411744.5,92947.6,264579.4,539200.4,281676.6,272486.1,327602.4,308705.1,360742.9,280179.0,297387.4,309668.7,334131.7,255716.0
8039,97907,49.7919,9.4936,Bayern,BY,Main-Spessart,9677.0,"(49.7919, 9.4936)",64052.9,308868.9,406148.5,98576.8,258983.5,533604.5,283134.2,266890.2,333231.6,314334.3,366372.1,274583.1,303016.6,315297.9,339760.9,261345.1
8040,97909,49.7847,9.4118,Bayern,BY,Landkreis Miltenberg,9676.0,"(49.7847, 9.4118)",72702.1,303687.3,414797.7,93395.2,267632.7,542253.6,279167.1,275539.3,328050.0,309152.6,361190.5,283232.2,297835.0,310116.2,334579.3,256163.5
8041,97922,49.5653,9.7082,Baden-Württemberg,BW,Main-Tauber-Kreis,8128.0,"(49.5653, 9.7082)",54238.3,350258.1,396333.9,139965.9,198554.6,523789.8,255920.2,257075.6,374620.7,355723.4,407761.3,264768.4,344405.7,301006.4,381150.1,247053.7
8042,97941,49.6247,9.6628,Baden-Württemberg,BW,Main-Tauber-Kreis,8128.0,"(49.6247, 9.6628)",50992.9,328653.8,393088.5,118361.7,245923.5,520544.4,253235.9,253830.2,353016.5,334119.1,386157.0,261523.0,322801.5,297761.0,359545.8,243808.3
8043,97944,49.4796,9.6401,Baden-Württemberg,BW,Main-Tauber-Kreis,8128.0,"(49.4796, 9.6401)",74741.9,370761.6,416837.5,160469.5,203286.4,544293.4,238515.6,260416.9,395124.3,376227.0,428264.9,251056.0,364909.3,321510.0,401653.7,267557.3
8044,97947,49.6095,9.7472,Baden-Württemberg,BW,Main-Tauber-Kreis,8128.0,"(49.6095, 9.7472)",54877.1,350896.9,396972.7,140604.7,249807.7,524428.6,256559.0,257714.4,375259.6,356362.2,408400.1,265407.2,345044.5,301645.3,381788.9,247692.6
8045,97950,49.6654,9.7336,Baden-Württemberg,BW,Main-Tauber-Kreis,8128.0,"(49.6654, 9.7336)",40377.7,327300.6,382473.3,117008.5,235308.3,509929.2,260310.8,243214.9,351663.3,332766.0,384803.9,250907.8,321448.3,287145.8,358192.7,233193.1
8046,97953,49.6203,9.5958,Baden-Württemberg,BW,Main-Tauber-Kreis,8128.0,"(49.6203, 9.5958)",57024.0,353043.7,399119.5,142751.6,251954.5,526575.5,259267.0,259861.2,377406.4,358509.0,410546.9,267554.1,347191.4,303792.1,383935.7,249839.4
8047,97956,49.6708,9.6394,Baden-Württemberg,BW,Main-Tauber-Kreis,8128.0,"(49.6708, 9.6394)",56605.7,322479.5,398701.3,112187.3,251536.3,526157.2,258848.7,259443.0,346842.2,327944.8,379982.7,267135.8,316627.1,303373.8,353371.5,249421.1
8048,97957,49.6192,9.8422,Baden-Württemberg,BW,Main-Tauber-Kreis,8128.0,"(49.6192, 9.8422)",42322.6,342136.2,381072.9,131844.1,208952.9,508528.8,264350.5,245159.9,366498.9,347601.6,399639.4,251236.1,336283.9,285745.4,373028.2,231792.7
8049,97959,49.4281,9.6861,Baden-Württemberg,BW,Main-Tauber-Kreis,8128.0,"(49.4281, 9.6861)",79890.9,375910.6,421986.5,165618.5,194854.4,549442.4,243664.6,251985.0,400273.3,381376.0,433413.9,242624.0,370058.3,326659.0,406802.7,272706.3
8050,97980,49.4925,9.7736,Baden-Württemberg,BW,Main-Tauber-Kreis,8128.0,"(49.4925, 9.7736)",63758.2,359777.9,405853.8,149485.8,187654.7,533309.7,252277.1,244785.3,384140.6,365243.3,417281.1,235424.3,353925.6,310526.3,390669.9,256573.6
8051,97990,49.4787,9.8998,Baden-Württemberg,BW,Main-Tauber-Kreis,8128.0,"(49.4787, 9.8998)",53490.7,367503.1,396968.9,157211.0,180374.7,524424.8,263328.1,232018.7,391865.8,372968.5,425006.4,222657.8,361650.8,301641.4,398395.1,247688.7
8052,97993,49.4694,10.0312,Baden-Württemberg,BW,Main-Tauber-Kreis,8128.0,"(49.4694, 10.0312)",43700.3,408836.7,403028.7,158400.1,171456.0,530484.6,275378.8,223100.1,393054.9,374157.6,426195.5,213739.2,362839.9,307701.3,399584.3,253748.6
8053,97996,49.4,9.9194,Baden-Württemberg,BW,Main-Tauber-Kreis,8128.0,"(49.4, 9.9194)",56820.8,380166.0,415173.7,169873.8,170570.3,542629.6,253300.1,227700.8,404528.7,385631.3,437669.2,218339.9,374313.6,320821.8,411058.0,266869.1
8054,97999,49.4944,9.8169,Baden-Württemberg,BW,Main-Tauber-Kreis,8128.0,"(49.4944, 9.8169)",52717.5,365149.4,396195.7,154857.3,187894.7,523651.6,254190.8,245025.2,389512.1,370614.7,422652.6,235664.3,359297.0,300868.2,396041.4,246915.5
8055,98527,50.608,10.6957,Thüringen,TH,Kreisfreie Stadt Suhl,16054.0,"(50.608, 10.6957)",139668.8,325194.1,224697.1,202895.1,334599.4,352153.0,428221.9,270600.0,404275.2,385328.5,431249.3,278292.9,427061.9,200485.1,361845.9,158623.6
8056,98528,50.6,10.7,Thüringen,TH,Kreisfreie Stadt Suhl,16054.0,"(50.6, 10.7)",139519.3,325044.6,224547.6,202745.6,334449.9,352003.5,428072.4,270156.4,404125.7,385179.0,431099.8,277849.3,426912.4,200335.6,361696.4,158474.1
8057,98529,50.6,10.7,Thüringen,TH,Kreisfreie Stadt Suhl,16054.0,"(50.6, 10.7)",139519.3,325044.6,224547.6,202745.6,334449.9,352003.5,428072.4,270156.4,404125.7,385179.0,431099.8,277849.3,426912.4,200335.6,361696.4,158474.1
8058,98530,50.56752,10.55698,Thüringen,TH,Landkreis Hildburghausen,16069.0,"(50.56752, 10.55698)",122418.6,325472.6,245554.9,185644.9,317349.2,373010.9,410971.7,282091.8,404553.7,371060.2,431527.8,289784.7,409811.7,185968.5,362124.4,144107.0
8059,98544,50.6564,10.6605,Thüringen,TH,Landkreis Schmalkalden-Meiningen,16066.0,"(50.6564, 10.6605)",140470.7,317640.7,218309.8,203696.9,335401.3,345765.7,429023.7,280838.5,396721.8,385593.7,423695.8,288531.4,416713.4,192931.7,354292.4,151070.1
8060,98547,50.6391,10.515675,Thüringen,TH,Landkreis Schmalkalden-Meiningen,16066.0,"(50.6391, 10.515675)",130499.4,325438.6,248669.5,193725.7,325430.0,376125.4,419052.5,298243.0,404519.7,371026.2,431493.8,305935.9,380947.8,183685.1,362090.4,141823.6
8061,98553,50.53138333333334,10.72215,Thüringen,TH,Landkreis Hildburghausen,16069.0,"(50.53138333333334, 10.72215)",139153.4,345685.3,245188.3,202379.6,334084.0,372644.2,427706.4,263238.6,424766.4,399202.9,451740.4,270931.4,426546.4,220976.3,382337.0,179114.7
8062,98559,50.69125,10.75905,Thüringen,TH,Landkreis Schmalkalden-Meiningen,16066.0,"(50.69125, 10.75905)",149846.6,312026.0,215268.5,213072.9,344777.2,342724.4,438399.7,290214.4,391107.1,379979.1,418081.2,297907.3,411098.7,187317.0,348677.8,145455.5
8063,98574,50.7214,10.4439,Thüringen,TH,Landkreis Schmalkalden-Meiningen,16066.0,"(50.7214, 10.4439)",146988.7,298828.7,221375.8,174804.3,341919.2,348831.8,435541.7,314732.2,377909.8,354194.0,404883.8,322425.1,364115.6,160745.3,335480.4,118883.8
8064,98587,50.70097142857143,10.568128571428572,Thüringen,TH,Landkreis Schmalkalden-Meiningen,16066.0,"(50.70097142857143, 10.568128571428572)",136880.9,307246.0,230796.6,200107.1,331811.5,358252.5,425433.9,295101.1,386327.1,375199.0,413301.1,302794.0,376339.8,182537.0,343897.7,140675.4
8065,98590,50.70715,10.293675,Thüringen,TH,Landkreis Schmalkalden-Meiningen,16066.0,"(50.70715, 10.293675)",144584.6,290811.1,247602.7,157747.0,339515.2,375058.6,393361.3,312328.2,369892.2,348910.5,396866.3,320021.1,358832.1,162527.5,327462.9,135723.0
8066,98593,50.77165,10.46835,Thüringen,TH,Landkreis Schmalkalden-Meiningen,16066.0,"(50.77165, 10.46835)",153676.3,293991.7,217233.5,181491.9,348606.9,344689.4,442229.3,307656.0,373072.8,361944.7,400046.9,315348.8,393064.4,169282.7,330643.5,127421.2
8067,98596,50.7833,10.4167,Thüringen,TH,Landkreis Schmalkalden-Meiningen,16066.0,"(50.7833, 10.4167)",152309.6,292184.5,223500.5,180125.3,347240.2,350956.5,440862.7,320053.2,371265.6,347549.8,398239.7,327746.1,357471.4,168811.1,328836.3,126949.6
8068,98597,50.7496,10.367033333333334,Thüringen,TH,Landkreis Schmalkalden-Meiningen,16066.0,"(50.7496, 10.367033333333334)",145755.5,290052.4,228672.7,173571.1,340686.1,356128.6,434308.5,313499.1,369133.5,345417.7,396107.6,321191.9,355339.3,151969.1,326704.2,110107.6
8069,98617,50.535738888888886,10.422616666666666,Thüringen,TH,Landkreis Schmalkalden-Meiningen,16066.0,"(50.535738888888886, 10.422616666666666)",117297.6,313565.5,249525.0,166245.3,312228.2,376980.9,405850.7,299098.5,392646.6,359153.0,419620.7,306791.4,369074.6,177435.9,350217.3,158477.4
8070,98630,50.396825,10.511375,Thüringen,TH,Landkreis Hildburghausen,16069.0,"(50.396825, 10.511375)",113384.1,342842.1,264335.3,172231.5,308314.7,391791.2,401937.1,245580.2,421923.2,388429.7,448897.3,253273.0,396398.3,241706.7,379493.9,187754.0
8071,98631,50.44982,10.44232,Thüringen,TH,Landkreis Schmalkalden-Meiningen,16066.0,"(50.44982, 10.44232)",102371.3,336208.1,252348.9,165597.5,297301.9,379804.9,390924.3,294206.1,415289.2,381795.7,442263.3,301899.0,389764.3,235072.7,372859.9,181120.0
8072,98634,50.607323529411765,10.189411764705882,Thüringen,TH,Landkreis Schmalkalden-Meiningen,16066.0,"(50.607323529411765, 10.189411764705882)",127666.9,289902.5,264091.3,145617.5,322597.4,391547.2,381231.8,313664.8,368983.6,335490.0,395957.7,321357.7,345411.6,188767.1,326554.3,134814.4
8073,98639,50.62425,10.391975,Thüringen,TH,Landkreis Schmalkalden-Meiningen,16066.0,"(50.62425, 10.391975)",129931.3,305263.0,248101.3,165256.7,324861.9,375557.3,418484.3,297674.9,384344.1,355129.2,411318.1,305367.8,365050.8,167179.7,341914.7,125318.1
8074,98646,50.42437142857143,10.655342857142855,Thüringen,TH,Landkreis Hildburghausen,16069.0,"(50.42437142857143, 10.655342857142855)",120245.6,353678.5,260402.6,183067.9,315176.2,387858.5,408798.6,265565.7,432759.6,399266.0,459733.6,273258.5,407234.7,252543.1,390330.2,198590.4
8075,98660,50.49335,10.6227875,Thüringen,TH,Landkreis Hildburghausen,16069.0,"(50.49335, 10.6227875)",125196.3,332156.2,258063.6,188422.6,320126.9,385519.5,413749.4,273319.3,411237.3,377743.7,438211.3,281012.1,412589.4,199247.0,368807.9,177068.1
8076,98663,50.27283333333333,10.69655,Thüringen,TH,Landkreis Hildburghausen,16069.0,"(50.27283333333333, 10.69655)",107012.1,352550.8,286536.1,181940.2,301942.7,413992.0,395565.2,223642.7,431631.9,398138.3,458605.9,231335.6,406107.0,251415.4,389202.5,197462.7
8077,98666,50.5198,10.9709,Thüringen,TH,Landkreis Hildburghausen,16069.0,"(50.5198, 10.9709)",165484.6,352213.6,221828.2,228710.9,360415.2,349284.1,454037.7,261149.4,431294.7,420166.6,458268.8,268842.2,451286.3,227504.6,388865.4,185643.1
8078,98667,50.5233,10.8667,Thüringen,TH,Landkreis Hildburghausen,16069.0,"(50.5233, 10.8667)",158662.0,357264.5,226879.1,221888.3,353592.6,354335.0,447215.1,259992.6,436345.6,404321.7,463319.7,267685.5,446055.1,232555.5,393916.3,190694.0
8079,98669,50.36865,10.716,Thüringen,TH,Landkreis Hildburghausen,16069.0,"(50.36865, 10.716)",118310.0,351742.9,264084.6,181132.3,313240.6,391540.5,406863.0,235370.5,430824.0,397330.4,457798.0,243063.3,405299.1,250607.5,388394.6,196654.8
8080,98673,50.44723333333334,10.871099999999998,Thüringen,TH,Landkreis Hildburghausen,16069.0,"(50.44723333333334, 10.871099999999998)",157386.1,349528.2,249031.1,220612.3,352316.7,376487.1,445939.2,267679.2,428609.2,403045.8,455583.3,275372.1,444779.2,224819.1,386179.9,182957.6
8081,98693,50.70325,10.9038,Thüringen,TH,Ilm-Kreis,16070.0,"(50.70325, 10.9038)",157875.1,329726.4,199341.1,221101.3,352805.6,326797.0,446428.1,298242.9,408807.5,397679.5,435781.6,305935.7,428799.2,205017.4,366378.2,163155.9
8082,98694,,,,,,,"(nan, nan)",0.0,0.0,0.0,0.0,0.0,0.0,0.0,0.0,0.0,0.0,0.0,0.0,0.0,0.0,0.0,0.0
8083,98701,50.5965375,11.01515,Thüringen,TH,Ilm-Kreis,16070.0,"(50.5965375, 11.01515)",176939.2,344083.3,213697.9,240165.5,371869.8,341153.8,465492.3,278922.0,423164.4,412036.3,450138.5,286614.9,443156.0,219374.3,380735.1,177512.8
8084,98716,50.71790000000001,10.838633333333334,Thüringen,TH,Ilm-Kreis,16070.0,"(50.71790000000001, 10.838633333333334)",153346.9,310889.5,204293.5,216573.1,348277.5,331749.5,441899.9,293714.7,389970.6,378842.5,416944.7,301407.6,409962.2,186180.5,347541.3,144319.0
8085,98724,50.4935,11.14875,Thüringen,TH,Landkreis Sonneberg,16072.0,"(50.4935, 11.14875)",187207.5,363349.8,187648.9,250433.7,382138.0,315104.8,475760.5,259287.0,442430.9,431302.9,469405.0,266979.9,462422.6,238640.8,400001.6,196779.3
8086,98743,50.5246,11.3068,Thüringen,TH,Saalfeld-Rudolstadt,16073.0,"(50.5246, 11.3068)",192718.8,368396.4,176503.4,263915.2,375751.8,303959.4,481271.9,267267.5,447477.4,436349.4,474451.5,274960.4,467469.1,243687.3,405048.1,201825.8
8087,98744,50.5855,11.154633333333337,Thüringen,TH,Saalfeld-Rudolstadt,16073.0,"(50.5855, 11.154633333333337)",195568.7,347750.1,185981.2,258794.9,390499.3,313437.2,484121.7,267648.3,426831.2,415703.2,453805.3,275341.1,446822.9,223041.1,384401.9,181179.6
8088,98746,50.563,11.05905,Thüringen,TH,Landkreis Sonneberg,16072.0,"(50.563, 11.05905)",173916.8,347128.6,216743.3,237143.0,368847.4,344199.2,462469.8,274675.5,426209.7,415081.7,453183.8,282368.3,446201.4,222419.6,383780.4,180558.1
8089,99084,50.9746,11.0297,Thüringen,TH,"Erfurt, Stadt",16051.0,"(50.9746, 11.0297)",198556.3,315050.5,145162.5,257761.0,393486.9,294203.4,483644.0,333135.7,394131.6,383003.6,421105.7,346617.0,414123.3,165713.6,351702.3,148480.0
8090,99085,50.9945,11.0528,Thüringen,TH,"Erfurt, Stadt",16051.0,"(50.9945, 11.0528)",201630.0,318124.2,142054.5,260834.7,396560.6,278779.0,486717.6,334028.8,397205.3,386077.2,424179.4,366795.5,417196.9,166950.0,354776.0,151553.7
8091,99086,50.994,11.0276,Thüringen,TH,"Erfurt, Stadt",16051.0,"(50.994, 11.0276)",200786.6,317280.8,142382.8,259991.3,395717.1,279107.3,485874.2,333120.6,396361.9,385233.8,423335.9,365887.3,416353.5,165635.0,353932.5,150710.2
8092,99087,51.021,11.0353,Thüringen,TH,"Erfurt, Stadt",16051.0,"(51.021, 11.0353)",209241.0,325937.3,138917.0,268647.8,404171.6,275641.5,494530.7,334263.4,405018.4,393890.3,431992.4,357301.7,425010.0,164975.9,362589.0,159366.7
