,zipcode,lat,long,state,state_code,community_name,community_code,coor,AKB Kitzingen,AKB Dortmund,AKB Zörbig,AKB Schöneck,AKB Buch,Mosolf Etzin,Mosolf Kippenheim,BLG Kelheim,BLG Duisburg,BLG Neuss,Carservice Erkens,ARS Altmann Wolnzach,CAT Zülpich,Autohaus Siebrecht,Neu: FleetParQ Essen ,Neu: FleetParQ Kassel
984,17159,53.91482,12.85166,Mecklenburg-Vorpommern,MV,Mecklenburgische Seenplatte,13071.0,"(53.91482, 12.85166)",687194.1,566216.2,339163.7,715808.6,824636.1,217062.2,941691.5,691078.0,607014.2,631122.8,633988.3,723844.7,683327.6,498463.7,586150.1,531846.6
985,17166,53.74521111111111,12.56411111111111,Mecklenburg-Vorpommern,MV,Landkreis Rostock,13072.0,"(53.74521111111111, 12.56411111111111)",652345.6,566336.6,304315.2,700990.8,789787.5,182213.6,922400.2,656229.4,607134.7,631243.3,634108.7,688996.1,683448.1,481741.0,586270.6,515123.9
986,17168,53.867700000000006,12.570383333333332,Mecklenburg-Vorpommern,MV,Landkreis Rostock,13072.0,"(53.867700000000006, 12.570383333333332)",667561.9,551120.4,319531.5,716207.1,805003.9,197430.0,937616.6,671445.8,591918.5,616027.1,618892.5,704212.5,668231.9,483368.0,571054.4,516750.9
987,17179,53.96345,12.682325,Mecklenburg-Vorpommern,MV,Landkreis Rostock,13072.0,"(53.96345, 12.682325)",680060.5,555327.5,332030.1,704919.9,817502.5,209928.6,930802.8,683944.4,596125.5,620234.2,623099.6,716711.1,672439.0,487575.1,575261.5,520958.0
988,17192,53.546918181818185,12.7743,Mecklenburg-Vorpommern,MV,Mecklenburgische Seenplatte,13071.0,"(53.546918181818185, 12.7743)",636064.2,578910.8,288033.8,684709.4,773506.2,165932.3,906118.9,639948.1,619708.9,643817.5,646683.0,672714.8,696022.3,465459.6,598844.8,498842.5
989,17194,53.60169,12.56438,Mecklenburg-Vorpommern,MV,Mecklenburgische Seenplatte,13071.0,"(53.60169, 12.56438)",645583.0,581538.5,297552.6,694228.2,783025.0,175451.1,915637.7,649466.9,622336.6,646445.2,649310.7,682233.6,698650.0,474978.5,601472.5,508361.3
990,17207,53.37616666666667,12.591366666666666,Mecklenburg-Vorpommern,MV,Mecklenburgische Seenplatte,13071.0,"(53.37616666666667, 12.591366666666666)",604966.7,547813.3,256936.3,653611.8,742408.6,134834.7,875021.3,608850.5,588611.3,612720.0,615585.4,641617.2,664924.8,434362.1,567747.3,467745.0
991,17209,53.34585714285714,12.484261904761906,Mecklenburg-Vorpommern,MV,Mecklenburgische Seenplatte,13071.0,"(53.34585714285714, 12.484261904761906)",600182.7,543029.3,252152.3,648827.9,737624.7,130050.8,870237.4,604066.6,583827.4,607936.0,610801.5,636833.3,660140.8,429578.1,562963.3,462961.0
992,17213,53.44997142857142,12.445528571428571,Mecklenburg-Vorpommern,MV,Mecklenburgische Seenplatte,13071.0,"(53.44997142857142, 12.445528571428571)",614564.4,526324.0,266534.1,663209.6,752006.4,144432.5,884619.1,618448.3,567122.1,591230.7,594096.1,651215.0,643435.5,443959.9,546258.0,477342.8
993,17214,53.52213333333333,12.403533333333334,Mecklenburg-Vorpommern,MV,Mecklenburgische Seenplatte,13071.0,"(53.52213333333333, 12.403533333333334)",619583.5,562430.1,271553.1,668228.7,757025.5,149451.6,889638.2,623467.4,603228.2,627336.8,630202.2,656234.1,679541.6,448978.9,582364.1,482361.8
994,17217,53.517355555555554,13.084788888888887,Mecklenburg-Vorpommern,MV,Mecklenburgische Seenplatte,13071.0,"(53.517355555555554, 13.084788888888887)",619019.7,598628.9,270989.3,667664.9,756461.7,148887.8,889074.4,622903.6,639426.9,663535.6,666401.0,655670.3,715740.4,448415.2,618562.9,481798.0
995,17219,53.520775,12.9711,Mecklenburg-Vorpommern,MV,Mecklenburgische Seenplatte,13071.0,"(53.520775, 12.9711)",646690.4,589537.0,298660.0,695335.6,784132.4,176558.5,916745.1,650574.2,630335.1,654443.7,657309.1,683340.9,706648.5,476085.8,609471.0,509468.7
996,17235,53.3613,13.0729,Mecklenburg-Vorpommern,MV,Mecklenburgische Seenplatte,13071.0,"(53.3613, 13.0729)",599184.7,573989.8,251154.3,647829.9,736626.7,129052.8,869239.4,603068.5,614787.9,638896.5,641761.9,635835.2,691101.3,428580.1,593923.8,461963.0
997,17237,53.37383333333333,13.166683333333332,Mecklenburg-Vorpommern,MV,Mecklenburgische Seenplatte,13071.0,"(53.37383333333333, 13.166683333333332)",604383.3,582063.0,256352.9,653028.5,741825.3,134251.4,874438.0,608267.2,622861.1,646969.7,649835.2,641033.9,699174.5,433778.7,601997.0,467161.6
998,17248,53.3143,12.736,Mecklenburg-Vorpommern,MV,Mecklenburgische Seenplatte,13071.0,"(53.3143, 12.736)",616044.0,558890.6,268013.6,664689.2,753485.9,145912.0,886098.6,619927.8,599688.6,623797.3,626662.7,652694.5,676002.1,445439.4,578824.6,478822.3
999,17252,53.25945,12.82955,Mecklenburg-Vorpommern,MV,Mecklenburgische Seenplatte,13071.0,"(53.25945, 12.82955)",593941.3,551182.4,245910.9,642586.5,731383.3,123809.4,863996.0,597825.2,591980.4,616089.1,618954.5,630591.9,668293.9,423336.7,571116.4,456719.6
1000,17255,53.24223333333333,12.9919,Mecklenburg-Vorpommern,MV,Mecklenburgische Seenplatte,13071.0,"(53.24223333333333, 12.9919)",593512.1,563880.8,245481.7,642157.3,730954.1,123380.2,863566.8,597396.0,604678.8,628787.4,631652.9,630162.7,680992.3,422907.5,583814.7,456290.4
1001,17258,53.3391,13.4188,Mecklenburg-Vorpommern,MV,Mecklenburgische Seenplatte,13071.0,"(53.3391, 13.4188)",610398.8,585822.9,262368.4,659043.9,747840.7,140266.8,880453.4,614282.6,642795.9,666904.5,669770.0,647049.3,703267.9,439794.2,621931.8,473177.1
1002,17268,53.118345,13.56095,Brandenburg,BB,Landkreis Uckermark,12073.0,"(53.118345, 13.56095)",585486.9,560911.1,237456.5,634132.1,722928.9,115355.0,855541.6,589370.7,624497.3,631767.5,651471.4,622137.4,678356.1,414882.3,591551.4,448265.2
1003,17279,53.2124,13.3148,Brandenburg,BB,Landkreis Uckermark,12073.0,"(53.2124, 13.3148)",591343.6,566767.8,243313.2,639988.8,728785.6,121211.7,861398.3,595227.5,630354.0,637624.2,657328.1,627994.2,684212.8,420739.0,597408.1,454121.9
1004,17291,53.31316363636363,13.932163636363637,Brandenburg,BB,Landkreis Uckermark,12073.0,"(53.31316363636363, 13.932163636363637)",642671.6,616109.1,294641.2,691316.8,780113.6,170553.0,912726.3,646555.4,679695.3,686965.5,706669.4,679322.1,733554.1,470080.3,646749.4,503463.2
1005,17309,53.50285882352941,14.00935294117647,Mecklenburg-Vorpommern,MV,Vorpommern-Greifswald,13075.0,"(53.50285882352941, 14.00935294117647)",661462.7,634900.1,313432.3,710107.9,798904.6,189344.0,931517.3,665346.5,698486.4,705756.6,725460.4,698113.2,752345.1,488871.4,665540.5,522254.3
1006,17321,53.47948333333333,14.230633333333332,Mecklenburg-Vorpommern,MV,Vorpommern-Greifswald,13075.0,"(53.47948333333333, 14.230633333333332)",672294.8,645732.3,324264.4,720940.0,809736.8,200176.2,942349.5,676178.7,709318.5,716588.7,736292.6,708945.4,763177.3,499703.5,676372.6,533086.4
1007,17322,53.4615,14.27432222222222,Mecklenburg-Vorpommern,MV,Vorpommern-Greifswald,13075.0,"(53.4615, 14.27432222222222)",671987.6,645425.1,323957.2,720632.8,809429.6,199869.0,942042.3,675871.4,709011.3,716281.5,735985.4,708638.1,762870.1,499396.3,676065.4,532779.2
1008,17326,53.3997,14.1253,Brandenburg,BB,Landkreis Uckermark,12073.0,"(53.3997, 14.1253)",654387.2,627824.7,306356.8,703032.4,791829.2,182268.6,924441.9,658271.1,691410.9,698681.1,718385.0,691037.8,745269.7,481795.9,658465.0,515178.8
1009,17328,53.306,14.22675,Mecklenburg-Vorpommern,MV,Vorpommern-Greifswald,13075.0,"(53.306, 14.22675)",647125.7,620563.1,299095.3,695770.8,784567.6,175007.0,917180.3,651009.5,684149.4,691419.6,711123.4,683776.2,738008.1,474534.4,651203.5,507917.3
1010,17329,53.337900000000005,14.30735,Mecklenburg-Vorpommern,MV,Vorpommern-Greifswald,13075.0,"(53.337900000000005, 14.30735)",654687.9,628125.3,306657.5,703333.1,792129.8,182569.2,924742.5,658571.7,691711.6,698981.8,718685.6,691338.4,745570.3,482096.6,658765.7,515479.5
1011,17335,53.5103,13.7451,Mecklenburg-Vorpommern,MV,Vorpommern-Greifswald,13075.0,"(53.5103, 13.7451)",673208.0,646645.5,325177.6,721853.2,810650.0,201089.3,943262.7,677091.8,714292.6,717501.9,741266.7,709858.5,764090.4,500616.7,677285.8,533999.6
1012,17337,53.54186666666666,13.788666666666666,Brandenburg,BB,Landkreis Uckermark,12073.0,"(53.54186666666666, 13.788666666666666)",677978.2,651415.7,329947.8,726623.4,815420.2,205859.6,948032.9,681862.1,717910.5,722272.1,744884.5,714628.8,768860.7,505386.9,682056.1,538769.8
1013,17348,53.48243333333334,13.547916666666666,Mecklenburg-Vorpommern,MV,Mecklenburgische Seenplatte,13071.0,"(53.48243333333334, 13.547916666666666)",693254.6,667148.5,345224.2,741899.8,830696.6,221136.0,963309.3,697138.5,707946.5,732055.2,734920.6,729905.2,784260.0,520663.4,687082.5,554046.2
1014,17349,53.535,13.550242857142855,Mecklenburg-Vorpommern,MV,Mecklenburgische Seenplatte,13071.0,"(53.535, 13.550242857142855)",688677.2,662571.0,340646.8,737322.3,826119.1,216558.5,958731.8,692561.0,703369.1,727477.7,730343.1,725327.7,779682.5,516085.9,682505.0,549468.8
1015,17358,53.6367,14.0095,Mecklenburg-Vorpommern,MV,Vorpommern-Greifswald,13075.0,"(53.6367, 14.0095)",679008.7,652446.2,330978.3,727653.9,816450.7,206890.1,949063.4,682892.6,716032.4,723302.6,743006.5,715659.3,769891.2,506417.4,683086.6,539800.3
1016,17367,53.6797,14.0799,Mecklenburg-Vorpommern,MV,Vorpommern-Greifswald,13075.0,"(53.6797, 14.0799)",685104.3,658541.8,337073.9,733749.5,822546.3,212985.6,955159.0,688988.1,722128.0,729398.2,749102.1,721754.8,775986.8,512513.0,689182.1,545895.9
1017,17373,53.7379,14.0447,Mecklenburg-Vorpommern,MV,Vorpommern-Greifswald,13075.0,"(53.7379, 14.0447)",694571.2,668778.1,346540.8,743216.4,832013.2,222452.6,964625.9,698455.1,709576.2,733684.8,736550.2,731221.8,785889.6,521979.9,688712.1,555362.8
1018,17375,53.720180000000006,14.08942,Mecklenburg-Vorpommern,MV,Vorpommern-Greifswald,13075.0,"(53.720180000000006, 14.08942)",691584.7,665022.2,343554.3,740229.9,829026.7,219466.1,961639.4,695468.6,713277.7,735878.6,740251.8,728235.3,782467.2,518993.4,692413.6,552376.3
1019,17379,53.66984444444444,13.845877777777778,Mecklenburg-Vorpommern,MV,Vorpommern-Greifswald,13075.0,"(53.66984444444444, 13.845877777777778)",684466.0,657903.5,336435.6,733111.2,821908.0,212347.4,954520.7,688349.9,705419.2,728759.9,732393.2,721116.6,775348.5,511874.7,684555.1,545257.6
1020,17389,53.8564,13.6897,Mecklenburg-Vorpommern,MV,Vorpommern-Greifswald,13075.0,"(53.8564, 13.6897)",706440.6,633318.2,358410.3,755085.8,843882.6,234322.0,976495.3,710324.5,674116.3,698224.9,701090.3,743091.2,750429.7,533849.4,653252.2,567232.3
1021,17390,53.91315,13.653016666666666,Mecklenburg-Vorpommern,MV,Vorpommern-Greifswald,13075.0,"(53.91315, 13.653016666666666)",717142.9,631223.4,369112.6,765788.1,854584.9,245024.3,987197.6,721026.8,672021.5,696130.1,698995.6,753793.5,748334.9,544551.7,651157.4,577934.6
1022,17391,53.84162727272727,13.47019090909091,Mecklenburg-Vorpommern,MV,Vorpommern-Greifswald,13075.0,"(53.84162727272727, 13.47019090909091)",733727.2,624981.6,385696.8,782372.4,871169.2,261608.6,1003781.9,737611.1,665779.6,689888.2,692753.7,770377.8,742093.1,561135.9,644915.5,594518.8
1023,17392,53.7717,13.589136363636364,Mecklenburg-Vorpommern,MV,Vorpommern-Greifswald,13075.0,"(53.7717, 13.589136363636364)",708279.4,643756.2,360249.0,756924.6,845721.4,236160.8,978334.1,712163.3,684554.2,708662.8,711528.3,744930.0,760867.7,535688.2,663690.1,569071.0
1024,17398,53.768025,13.752125,Mecklenburg-Vorpommern,MV,Vorpommern-Greifswald,13075.0,"(53.768025, 13.752125)",695830.9,647273.3,347800.5,744476.1,833272.9,223712.3,965885.6,699714.7,688071.3,712180.0,715045.4,732481.4,764384.8,523239.6,667207.3,556622.5
1025,17406,53.90315,13.955325,Mecklenburg-Vorpommern,MV,Vorpommern-Greifswald,13075.0,"(53.90315, 13.955325)",736402.7,654047.0,388372.3,785047.9,873844.7,264284.1,1006457.4,740286.6,694845.0,718953.7,721819.1,773053.3,771158.5,563811.4,673980.9,597194.3
1026,17419,53.897533333333335,14.15715,Mecklenburg-Vorpommern,MV,Vorpommern-Greifswald,13075.0,"(53.897533333333335, 14.15715)",749175.8,666820.0,401145.4,797820.9,886617.7,277057.1,1019230.4,753059.6,707618.1,731726.7,734592.1,785826.3,783931.5,576584.5,686754.0,609967.4
1027,17424,53.95,14.1667,Mecklenburg-Vorpommern,MV,Vorpommern-Greifswald,13075.0,"(53.95, 14.1667)",755694.4,673338.7,407664.0,804339.6,893136.4,283575.8,1025749.1,759578.3,714136.7,738245.4,741110.8,792345.0,790450.2,583103.1,693272.6,616486.0
1028,17429,53.94764,14.06762,Mecklenburg-Vorpommern,MV,Vorpommern-Greifswald,13075.0,"(53.94764, 14.06762)",746531.5,664175.7,398501.1,795176.7,883973.4,274412.8,1016586.1,750415.3,704973.8,729082.4,731947.9,783182.0,781287.2,573940.2,684109.7,607323.1
1029,17438,54.0528,13.772,Mecklenburg-Vorpommern,MV,Vorpommern-Greifswald,13075.0,"(54.0528, 13.772)",770803.3,636128.4,422773.0,819448.5,908245.3,298684.7,1040858.0,774687.2,676926.4,701035.1,703900.5,807453.9,753239.9,568376.0,656062.4,601758.9
1030,17440,54.011709090909086,13.7899,Mecklenburg-Vorpommern,MV,Vorpommern-Greifswald,13075.0,"(54.011709090909086, 13.7899)",777980.6,643305.6,429950.2,826625.8,915422.5,305861.9,1048035.2,781864.4,684103.7,708212.3,711077.7,814631.1,760417.1,575553.2,663239.6,608936.1
1031,17449,54.1023,13.8252,Mecklenburg-Vorpommern,MV,Vorpommern-Greifswald,13075.0,"(54.1023, 13.8252)",783370.1,648695.2,435339.7,832015.3,920812.1,311251.5,1053424.8,787254.0,689493.2,713601.8,716467.3,820020.7,765806.7,580942.8,668629.1,614325.7
1032,17454,54.0667,13.9,Mecklenburg-Vorpommern,MV,Vorpommern-Greifswald,13075.0,"(54.0667, 13.9)",779478.6,644803.6,431448.2,828123.7,916920.5,307359.9,1049533.2,783362.4,685601.7,709710.3,712575.7,816129.1,761915.1,577051.2,664737.6,610434.1
1033,17459,54.0379,14.0033,Mecklenburg-Vorpommern,MV,Vorpommern-Greifswald,13075.0,"(54.0379, 14.0033)",756484.5,653489.3,408454.1,805129.6,893926.4,284365.8,1026539.1,760368.3,694287.4,718396.0,721261.4,793135.0,770600.8,585736.9,673423.3,619119.8
1034,17489,54.0881,13.3876,Mecklenburg-Vorpommern,MV,Vorpommern-Greifswald,13075.0,"(54.0881, 13.3876)",758913.6,600203.7,410883.2,749796.1,896355.6,286795.0,975679.0,762797.5,641001.7,665110.4,667975.8,795564.2,717315.2,532451.3,620137.7,565834.2
1035,17491,54.083,13.4058,Mecklenburg-Vorpommern,MV,Vorpommern-Greifswald,13075.0,"(54.083, 13.4058)",759481.8,601583.8,411451.4,751176.2,896923.7,287363.1,977059.2,763365.6,642381.9,666490.5,669355.9,796132.3,718695.3,533831.4,621517.8,567214.3
1036,17493,54.0902,13.4464,Mecklenburg-Vorpommern,MV,Vorpommern-Greifswald,13075.0,"(54.0902, 13.4464)",760448.7,603650.2,412418.3,753242.6,897890.7,288330.1,979125.5,764332.6,644448.2,668556.8,671422.3,797099.3,720761.7,535897.7,623584.1,569280.6
1037,17495,53.98918333333333,13.565833333333332,Mecklenburg-Vorpommern,MV,Vorpommern-Greifswald,13075.0,"(53.98918333333333, 13.565833333333332)",755086.2,620411.3,407055.8,803731.4,892528.2,282967.6,1025140.9,758970.1,661209.3,685317.9,688183.4,791736.8,737522.8,552658.9,640345.2,586041.8
1038,17498,54.064710000000005,13.358250000000002,Mecklenburg-Vorpommern,MV,Vorpommern-Greifswald,13075.0,"(54.064710000000005, 13.358250000000002)",754736.3,599265.5,406705.9,748858.0,892178.3,282617.7,974740.9,758620.1,640063.6,664172.2,667037.7,791386.8,716377.0,531513.1,619199.5,564896.0
1039,17506,53.94824285714286,13.425814285714283,Mecklenburg-Vorpommern,MV,Vorpommern-Greifswald,13075.0,"(53.94824285714286, 13.425814285714283)",743733.7,609058.8,395703.3,792378.9,881175.7,271615.1,1013788.4,747617.6,649856.8,673965.5,676830.9,780384.3,726170.3,541306.4,628992.7,574689.3
1040,17509,54.08883333333333,13.599077777777778,Mecklenburg-Vorpommern,MV,Vorpommern-Greifswald,13075.0,"(54.08883333333333, 13.599077777777778)",772906.1,618868.8,424875.7,768461.2,910348.1,300787.5,994344.2,776790.0,659666.9,683775.5,686640.9,809556.7,735980.3,551116.4,638802.8,584499.3
1041,18055,54.0865,12.1544,Mecklenburg-Vorpommern,MV,Kreisfreie Stadt Rostock,13003.0,"(54.0865, 12.1544)",686970.5,524914.1,338940.1,674506.5,824412.5,216838.5,900389.4,690854.3,565712.1,589820.8,592686.2,723621.0,642025.6,457161.7,544848.1,490544.6
1042,18057,54.0872,12.1062,Mecklenburg-Vorpommern,MV,Kreisfreie Stadt Rostock,13003.0,"(54.0872, 12.1062)",690300.8,516894.7,342270.4,666487.1,827742.8,220168.9,892370.0,694184.7,557692.7,581801.4,584666.8,726951.4,634006.2,449142.3,536828.6,482525.2
1043,18059,54.028525,12.097625,Mecklenburg-Vorpommern,MV,Kreisfreie Stadt Rostock,13003.0,"(54.028525, 12.097625)",686821.3,510052.2,338790.9,659644.6,824263.2,216689.3,885527.6,690705.1,550850.3,574958.9,577824.3,723471.8,627163.7,442299.8,529986.2,475682.7
1044,18069,54.10525,12.04255,Mecklenburg-Vorpommern,MV,Landkreis Rostock,13072.0,"(54.10525, 12.04255)",700427.1,519652.6,352396.7,669245.1,837869.1,230295.1,895128.0,704310.9,560450.7,584559.3,587424.8,737077.6,636764.1,451900.2,539586.6,485283.1
1045,18106,54.0833,12.1333,Mecklenburg-Vorpommern,MV,Kreisfreie Stadt Rostock,13003.0,"(54.0833, 12.1333)",688505.3,516242.8,340474.9,665835.2,825947.3,218373.4,891718.1,692389.2,557040.8,581149.4,584014.9,725155.9,633354.3,448490.4,536176.7,481873.3
1046,18107,54.15095,12.0246,Mecklenburg-Vorpommern,MV,Landkreis Rostock,13072.0,"(54.15095, 12.0246)",699830.9,525552.1,351800.5,675144.5,837272.9,229698.9,901027.4,703714.7,566350.1,590458.8,593324.2,736481.4,642663.6,457799.7,545486.1,491182.6
1047,18109,54.1471,12.0689,Mecklenburg-Vorpommern,MV,Kreisfreie Stadt Rostock,13003.0,"(54.1471, 12.0689)",696951.6,523011.5,348921.2,672603.9,834393.6,226819.7,898486.8,700835.5,563809.5,587918.1,590783.6,733602.2,640123.0,455259.1,542945.4,488641.9
1048,18119,54.0833,12.1333,Mecklenburg-Vorpommern,MV,Kreisfreie Stadt Rostock,13003.0,"(54.0833, 12.1333)",688505.3,516242.8,340474.9,665835.2,825947.3,218373.4,891718.1,692389.2,557040.8,581149.4,584014.9,725155.9,633354.3,448490.4,536176.7,481873.3
1049,18146,54.1282,12.1761,Mecklenburg-Vorpommern,MV,Kreisfreie Stadt Rostock,13003.0,"(54.1282, 12.1761)",690283.6,528227.2,342253.2,677819.7,827725.6,220151.7,903702.6,694167.5,569025.3,593133.9,595999.4,726934.2,645338.7,460474.8,548161.2,493857.7
1050,18147,54.1243,12.1243,Mecklenburg-Vorpommern,MV,Kreisfreie Stadt Rostock,13003.0,"(54.1243, 12.1243)",692593.7,530537.3,344563.3,680129.7,830035.7,222461.8,906012.7,696477.6,571335.4,595444.0,598309.4,729244.3,647648.8,462784.9,550471.3,496167.8
1051,18181,54.2512,12.2514,Mecklenburg-Vorpommern,MV,Landkreis Rostock,13072.0,"(54.2512, 12.2514)",706747.7,544691.3,358717.3,694283.7,844189.7,236615.8,920166.7,710631.5,585489.4,609598.0,612463.4,743398.2,661802.8,476938.9,564625.3,510321.8
1052,18182,54.16988,12.27634,Mecklenburg-Vorpommern,MV,Landkreis Rostock,13072.0,"(54.16988, 12.27634)",697438.9,535382.5,349408.5,684974.9,834880.8,227306.9,910857.8,701322.7,576180.5,600289.2,603154.6,734089.4,652494.0,467630.1,555316.4,501013.0
1053,18184,54.1113375,12.2428125,Mecklenburg-Vorpommern,MV,Landkreis Rostock,13072.0,"(54.1113375, 12.2428125)",690541.8,528485.5,342511.5,678077.9,827983.8,220409.9,903960.8,694425.7,569283.5,593392.1,596257.6,727192.4,645597.0,460733.1,548419.4,494116.0
1054,18190,54.0776,12.3756,Mecklenburg-Vorpommern,MV,Landkreis Rostock,13072.0,"(54.0776, 12.3756)",698360.7,536076.5,350330.3,685668.9,835802.7,228228.8,911551.9,702244.6,576874.6,600983.2,603848.7,735011.3,653188.0,468324.1,556010.5,501707.0
1055,18195,54.037055555555554,12.514833333333334,Mecklenburg-Vorpommern,MV,Landkreis Rostock,13072.0,"(54.037055555555554, 12.514833333333334)",706094.5,543810.3,358064.1,693402.7,843536.5,235962.5,919285.7,709978.3,584608.3,608717.0,611582.4,742745.0,660921.8,476057.9,563744.3,509440.8
1056,18196,54.01788333333334,12.216683333333334,Mecklenburg-Vorpommern,MV,Landkreis Rostock,13072.0,"(54.01788333333334, 12.216683333333334)",678895.1,518606.5,330864.7,668198.9,816337.0,208763.1,894081.8,682778.9,559404.5,583513.1,586378.6,715545.6,635718.0,450854.1,538540.4,484236.9
1057,18198,54.046800000000005,12.03825,Mecklenburg-Vorpommern,MV,Landkreis Rostock,13072.0,"(54.046800000000005, 12.03825)",691272.9,510498.4,343242.5,660090.8,828714.8,221140.9,885973.8,695156.7,551296.5,575405.1,578270.5,727923.4,627609.9,442746.0,530432.4,476128.9
1058,18209,54.10086,11.8678,Mecklenburg-Vorpommern,MV,Landkreis Rostock,13072.0,"(54.10086, 11.8678)",706727.4,512670.8,358697.0,662263.3,844169.3,236595.4,888146.2,710611.2,553468.9,577577.5,580443.0,743377.9,629782.3,444918.4,532604.8,478301.3
1059,18211,54.119675,11.938825,Mecklenburg-Vorpommern,MV,Landkreis Rostock,13072.0,"(54.119675, 11.938825)",707449.1,517434.7,359418.7,667027.1,844891.1,237317.2,892910.0,711333.0,558232.7,582341.4,585206.8,744099.7,634546.2,449682.3,537368.6,483065.2
1060,18225,54.15,11.75,Mecklenburg-Vorpommern,MV,Landkreis Rostock,13072.0,"(54.15, 11.75)",717810.0,506460.2,369779.6,656052.6,855252.0,247678.1,881935.6,721693.9,547258.2,571366.9,574232.3,754460.6,623571.7,438707.8,526394.2,472090.7
1061,18230,54.098725,11.70105,Mecklenburg-Vorpommern,MV,Landkreis Rostock,13072.0,"(54.098725, 11.70105)",667344.8,495636.0,378323.6,645228.4,863796.0,256222.1,871111.3,730237.9,536434.0,560542.7,563408.1,763004.6,612747.5,427883.6,515570.0,461266.5
1062,18233,54.01078,11.68442,Mecklenburg-Vorpommern,MV,Landkreis Rostock,13072.0,"(54.01078, 11.68442)",661599.5,489890.7,375682.3,639483.1,861154.7,253580.8,865366.0,727596.5,530688.7,554797.3,557662.8,760363.2,607002.1,422138.2,509824.6,455521.1
1063,18236,54.04616666666666,11.804266666666669,Mecklenburg-Vorpommern,MV,Landkreis Rostock,13072.0,"(54.04616666666666, 11.804266666666669)",712375.5,503547.9,364345.1,653140.3,849817.5,242243.6,879023.3,716259.4,544346.0,568454.6,571320.0,749026.1,620659.4,435795.5,523481.9,469178.4
1064,18239,54.00683333333333,11.922266666666664,Mecklenburg-Vorpommern,MV,Landkreis Rostock,13072.0,"(54.00683333333333, 11.922266666666664)",698160.7,500967.0,350130.3,650559.4,835602.7,228028.8,876442.3,702044.6,541765.0,565873.6,568739.1,734811.3,618078.5,433214.6,520900.9,466597.4
1065,18246,53.864325,11.9473,Mecklenburg-Vorpommern,MV,Landkreis Rostock,13072.0,"(53.864325, 11.9473)",679169.3,503708.3,331139.0,653300.7,816611.3,209037.4,879183.6,683053.2,544506.3,568615.0,571480.4,715819.9,620819.8,435955.9,523642.3,469338.8
