,zipcode,lat,long,state,state_code,community_name,community_code,coor,AKB Kitzingen,AKB Dortmund,AKB Zörbig,AKB Schöneck,AKB Buch,Mosolf Etzin,Mosolf Kippenheim,BLG Kelheim,BLG Duisburg,BLG Neuss,Carservice Erkens,ARS Altmann Wolnzach,CAT Zülpich,Autohaus Siebrecht,Neu: FleetParQ Essen ,Neu: FleetParQ Kassel
492,08321,50.5667,12.65,Sachsen,SN,Erzgebirgskreis,14521.0,"(50.5667, 12.65)",278715.8,456404.6,179882.3,403909.0,416157.8,307338.2,548770.5,264768.8,535485.7,524357.6,562459.7,310766.9,555477.3,351887.7,493056.3,289834.0
493,08324,50.5421,12.6864,Sachsen,SN,Erzgebirgskreis,14521.0,"(50.5421, 12.6864)",283521.3,469436.8,183129.2,408714.5,420963.3,310585.1,553576.0,269574.3,548517.9,537389.8,575492.0,315572.4,568509.5,355134.6,506088.6,302866.3
494,08328,50.5333,12.5333,Sachsen,SN,Erzgebirgskreis,14521.0,"(50.5333, 12.5333)",262770.8,454591.4,190252.2,387964.0,400212.8,317708.2,532825.5,248823.8,533672.5,522544.5,560646.6,294821.9,553664.2,329324.7,491243.2,288020.9
495,08340,50.55185,12.78725,Sachsen,SN,Erzgebirgskreis,14521.0,"(50.55185, 12.78725)",298989.0,468612.3,180003.1,424182.2,436431.0,307459.0,569043.7,285042.0,547693.4,536565.3,574667.5,331040.1,567685.0,352008.5,505264.1,302041.8
496,08344,50.5802,12.8069,Sachsen,SN,Erzgebirgskreis,14521.0,"(50.5802, 12.8069)",297714.3,464981.4,175746.1,422907.4,435156.2,303202.1,567768.9,283767.3,544062.5,532934.4,571036.5,329765.3,564054.1,347751.6,501633.1,298410.8
497,08349,50.45255,12.70935,Sachsen,SN,Erzgebirgskreis,14521.0,"(50.45255, 12.70935)",284995.3,484091.7,197784.1,410188.5,422437.3,325240.0,555050.0,232833.0,563172.8,552044.8,590146.9,278831.1,583164.5,369789.5,520743.5,317521.2
498,08352,50.52603333333334,12.837833333333334,Sachsen,SN,Erzgebirgskreis,14521.0,"(50.52603333333334, 12.837833333333334)",303059.1,472682.4,188567.9,428252.3,440501.1,316023.8,573113.8,245923.0,551763.5,540635.5,578737.6,291921.1,571755.2,360573.4,509334.2,306111.9
499,08359,50.4667,12.7667,Sachsen,SN,Erzgebirgskreis,14521.0,"(50.4667, 12.7667)",298422.7,480305.5,193997.9,423615.8,435864.7,321453.8,568477.4,239969.7,559386.6,548258.6,586360.7,285967.8,579378.3,366003.4,516957.3,313735.0
500,08371,50.8199,12.5449,Sachsen,SN,Zwickau,14524.0,"(50.8199, 12.5449)",292841.1,425715.5,138463.4,368426.0,430283.1,265919.3,562895.8,278894.2,504796.6,493668.5,531770.6,324892.2,524788.2,300448.8,462367.2,259144.9
501,08373,50.85,12.5667,Sachsen,SN,Zwickau,14524.0,"(50.85, 12.5667)",303566.5,425625.5,135870.7,368336.0,441008.5,263326.6,573621.2,289619.5,504706.6,493578.5,531680.7,335617.6,524698.2,307876.2,462277.2,259055.0
502,08393,50.84283333333334,12.473733333333334,Sachsen,SN,Zwickau,14524.0,"(50.84283333333334, 12.473733333333334)",297975.2,420034.2,132782.1,362744.7,435417.2,260238.0,568029.9,284028.2,499115.3,487987.2,526089.3,330026.3,519106.9,294767.5,456685.9,253463.6
503,08396,50.8799,12.5496,Sachsen,SN,Zwickau,14524.0,"(50.8799, 12.5496)",304606.3,426665.3,136553.7,369375.8,442048.3,264009.7,574661.0,290659.4,505746.4,494618.3,532720.5,336657.4,525738.0,308559.2,463317.1,260094.8
504,08412,50.72955,12.36595,Sachsen,SN,Zwickau,14524.0,"(50.72955, 12.36595)",268170.8,421304.6,134052.5,364015.1,405612.8,261508.4,538225.5,254223.8,500385.7,489257.6,527359.7,300221.9,520377.3,296037.9,457956.3,254734.0
505,08427,50.7,12.35,Sachsen,SN,Zwickau,14524.0,"(50.7, 12.35)",266282.2,425309.3,138057.2,368019.8,403724.1,265513.1,536336.8,252335.2,504390.4,493262.3,531364.5,298333.2,524382.0,300042.6,461961.1,258738.8
506,08428,50.7558,12.3267,Sachsen,SN,Zwickau,14524.0,"(50.7558, 12.3267)",276199.6,419845.0,132592.9,362555.5,413641.6,260048.8,546254.3,262252.6,498926.1,487798.1,525900.2,308250.7,518917.8,294578.3,456496.8,253274.5
507,08451,50.809,12.3461,Sachsen,SN,Zwickau,14524.0,"(50.809, 12.3461)",280076.2,414188.5,126936.4,356899.0,417518.2,254392.3,550130.9,266129.2,493269.6,482141.6,520243.7,312127.3,513261.3,288921.8,450840.3,247618.0
508,08459,50.8,12.3667,Sachsen,SN,Zwickau,14524.0,"(50.8, 12.3667)",277312.0,413600.6,126348.4,356311.1,414754.0,253804.4,547366.7,263365.0,492681.6,481553.6,519655.7,309363.1,512673.3,288333.8,450252.3,247030.0
509,08468,50.6225,12.3378,Sachsen,SN,Vogtlandkreis,14523.0,"(50.6225, 12.3378)",254035.8,439186.3,151934.2,379229.0,391477.8,279390.1,524090.5,240088.8,518267.4,507139.4,545241.5,286086.9,538259.0,313919.6,475838.1,272615.8
510,08485,50.5694,12.3641,Sachsen,SN,Vogtlandkreis,14523.0,"(50.5694, 12.3641)",251276.2,445204.2,157952.0,376469.3,388718.2,285408.0,521330.9,237329.2,524285.2,513157.2,551259.3,283327.3,544276.9,319937.4,481855.9,278633.6
511,08491,50.5987,12.2469,Sachsen,SN,Vogtlandkreis,14523.0,"(50.5987, 12.2469)",248482.0,420615.7,153591.7,373675.2,385924.0,281047.6,518536.7,234535.0,499696.8,488568.8,526670.9,280533.1,519688.5,318815.3,457267.5,254045.2
512,08496,50.6601,12.3562,Sachsen,SN,Vogtlandkreis,14523.0,"(50.6601, 12.3562)",257400.0,429950.9,142698.8,382593.1,394841.9,270154.7,527454.6,243453.0,509032.0,497903.9,536006.1,289451.0,529023.6,304684.2,466602.7,263380.4
513,08499,50.6186,12.2654,Sachsen,SN,Vogtlandkreis,14523.0,"(50.6186, 12.2654)",249833.2,420868.6,153844.6,375026.4,387275.2,281300.5,519887.9,235886.3,499949.7,488821.7,526923.8,281884.3,519941.3,319068.1,457520.4,254298.1
514,08523,50.4942,12.1353,Sachsen,SN,Vogtlandkreis,14523.0,"(50.4942, 12.1353)",228400.6,440812.7,173788.7,353593.7,365842.6,301244.6,498455.3,214453.6,519893.8,508765.7,546867.9,260451.7,565554.5,339012.2,477464.5,274242.2
515,08525,50.5106,12.13,Sachsen,SN,Vogtlandkreis,14523.0,"(50.5106, 12.13)",230770.6,436837.0,169813.0,355963.7,368212.5,297268.9,500825.2,216823.6,515918.1,504790.1,542892.2,262821.6,535909.7,335036.6,473488.8,270266.5
516,08527,50.4935,12.1272,Sachsen,SN,Vogtlandkreis,14523.0,"(50.4935, 12.1272)",228433.1,440453.6,173429.5,353626.3,365875.1,300885.5,498487.8,214486.2,519534.7,508406.6,546508.7,260484.2,565587.0,338653.1,477105.3,273883.1
517,08529,50.4921,12.1775,Sachsen,SN,Vogtlandkreis,14523.0,"(50.4921, 12.1775)",236073.7,444491.7,177467.6,361266.8,373515.6,304923.6,506128.3,222126.7,523572.8,512444.7,550546.9,268124.7,573227.5,342691.2,481143.5,277921.2
518,08538,50.44116666666667,11.995766666666668,Sachsen,SN,Vogtlandkreis,14523.0,"(50.44116666666667, 11.995766666666668)",229036.3,435109.8,168085.7,354229.4,366478.3,295541.6,499091.0,215089.3,514190.8,503062.8,541164.9,261087.4,534182.5,333309.3,471761.5,268539.2
519,08539,50.5453,12.037,Sachsen,SN,Vogtlandkreis,14523.0,"(50.5453, 12.037)",241009.0,428031.3,161007.3,366202.2,378451.0,288463.2,511063.7,225625.0,507112.4,495984.3,534086.5,277659.6,527104.0,326230.8,464683.1,261460.8
520,08541,50.48505,12.2193,Sachsen,SN,Vogtlandkreis,14523.0,"(50.48505, 12.2193)",236101.8,453814.9,186790.8,361295.0,373543.8,314246.8,506156.5,222154.8,532896.0,521767.9,559870.1,268152.9,573255.7,352014.4,490466.7,287244.4
521,08543,50.55,12.1833,Sachsen,SN,Vogtlandkreis,14523.0,"(50.55, 12.1833)",242651.4,427925.5,160901.4,367844.6,380093.4,288357.3,512706.1,228704.4,507006.6,495878.5,533980.6,274702.5,579805.3,326125.0,464577.2,261354.9
522,08547,50.5,12.1333,Sachsen,SN,Vogtlandkreis,14523.0,"(50.5, 12.1333)",229486.3,437919.1,170895.0,354679.5,366928.3,298351.0,499541.0,215539.3,517000.2,505872.1,543974.3,261537.4,566640.2,336118.6,474570.9,271348.6
523,08548,50.543,12.0793,Sachsen,SN,Vogtlandkreis,14523.0,"(50.543, 12.0793)",235992.0,431184.8,164160.8,361185.2,373434.0,291616.7,506046.7,222045.0,510265.9,499137.9,537240.0,268043.1,530257.6,329384.4,467836.6,264614.3
524,08606,50.40938,12.22686,Sachsen,SN,Vogtlandkreis,14523.0,"(50.40938, 12.22686)",234037.9,451750.9,184726.9,359231.0,371479.8,312182.8,504092.5,220090.9,530832.0,519704.0,557806.1,266088.9,571191.7,349950.5,488402.7,285180.4
525,08626,50.33505,12.2133,Sachsen,SN,Vogtlandkreis,14523.0,"(50.33505, 12.2133)",235684.7,478040.1,211016.1,360877.8,373126.6,338472.0,505739.3,200991.3,557121.2,545993.1,584095.3,246989.4,572838.5,376239.6,514691.9,311469.6
526,08645,50.2819,12.2343,Sachsen,SN,Vogtlandkreis,14523.0,"(50.2819, 12.2343)",242580.1,462136.4,195112.3,367773.2,380022.0,322568.2,512634.7,184229.7,541217.5,530089.4,568191.5,230227.7,579733.9,360335.9,498788.1,295565.8
527,08648,50.2167,12.3167,Sachsen,SN,Vogtlandkreis,14523.0,"(50.2167, 12.3167)",237176.1,471472.4,204448.4,362369.2,379663.3,331904.3,512275.9,171833.6,550553.5,539425.5,577527.6,217831.6,574330.0,369672.0,508124.2,304901.9
528,09111,50.8351,12.9222,Sachsen,SN,"Chemnitz, Stadt",14511.0,"(50.8351, 12.9222)",301739.9,452597.7,145311.2,395308.2,439181.9,272767.1,571794.6,287792.9,531678.8,520550.8,558652.9,333791.0,551670.5,317316.7,489249.5,286027.2
529,09112,50.827,12.9043,Sachsen,SN,"Chemnitz, Stadt",14511.0,"(50.827, 12.9043)",299738.0,452017.7,144829.6,394728.2,437180.0,272285.6,569792.7,285791.0,531098.8,519970.7,558072.9,331789.1,551090.4,316835.1,488669.5,285447.2
530,09113,50.8507,12.8951,Sachsen,SN,"Chemnitz, Stadt",14511.0,"(50.8507, 12.8951)",304674.5,449218.2,141931.7,391928.7,442116.5,269387.6,574729.2,290727.5,528299.3,517171.2,555273.4,336725.6,548290.9,313937.1,485870.0,282647.7
531,09114,50.8574,12.8977,Sachsen,SN,"Chemnitz, Stadt",14511.0,"(50.8574, 12.8977)",305142.9,449686.6,142400.1,392397.1,442584.9,269856.0,575197.6,291195.9,528767.7,517639.7,555741.8,337194.0,548759.4,314405.6,486338.4,283116.1
532,09116,50.8213,12.884,Sachsen,SN,"Chemnitz, Stadt",14511.0,"(50.8213, 12.884)",298275.7,452988.6,145422.6,395699.1,435717.7,272878.6,568330.4,284328.7,532069.7,520941.6,559043.8,330326.8,552061.3,317428.1,489640.4,286418.1
533,09117,50.8179,12.8379,Sachsen,SN,"Chemnitz, Stadt",14511.0,"(50.8179, 12.8379)",300211.2,449387.2,141821.2,392097.7,437653.1,269277.2,570265.8,286264.2,528468.3,517340.2,555442.4,332262.2,548459.9,313826.7,486039.0,282816.7
534,09119,50.8203,12.9056,Sachsen,SN,"Chemnitz, Stadt",14511.0,"(50.8203, 12.9056)",300041.6,454754.5,147188.6,397465.0,437483.6,274644.5,570096.3,286094.6,533835.6,522707.6,560809.7,332092.7,553827.3,319194.0,491406.3,288184.0
535,09120,50.8056,12.9067,Sachsen,SN,"Chemnitz, Stadt",14511.0,"(50.8056, 12.9067)",300698.8,455411.7,147845.8,398122.2,438140.8,275301.7,570753.5,286751.8,534492.8,523364.7,561466.9,332749.9,554484.4,319851.2,492063.5,288841.2
536,09122,50.7945,12.8875,Sachsen,SN,"Chemnitz, Stadt",14511.0,"(50.7945, 12.8875)",299282.8,453995.7,146429.8,396706.2,436724.8,273885.7,569337.5,285335.9,533076.8,521948.8,560050.9,331333.9,553068.5,318435.2,490647.5,287425.2
537,09123,50.7659,12.946,Sachsen,SN,"Chemnitz, Stadt",14511.0,"(50.7659, 12.946)",307480.0,462192.9,154627.0,404903.4,444922.0,282082.9,577534.7,293533.0,541274.0,530146.0,568248.1,339531.1,561265.6,326632.4,498844.7,295622.4
538,09125,50.7963,12.9199,Sachsen,SN,"Chemnitz, Stadt",14511.0,"(50.7963, 12.9199)",301822.9,456535.8,148969.8,399246.3,439264.9,276425.8,571877.6,287875.9,535616.9,524488.8,562591.0,333874.0,555608.5,320975.3,493187.6,289965.3
539,09126,50.8197,12.9403,Sachsen,SN,"Chemnitz, Stadt",14511.0,"(50.8197, 12.9403)",302772.4,454577.1,147290.6,397287.6,440214.4,274746.5,572827.1,288825.4,533658.2,522530.1,560632.2,334823.5,553649.8,319296.0,491228.8,288006.5
540,09127,50.8284,12.9586,Sachsen,SN,"Chemnitz, Stadt",14511.0,"(50.8284, 12.9586)",304550.6,456031.7,148745.2,398742.2,441992.5,276201.1,574605.2,290603.6,535112.8,523984.7,562086.8,336601.6,555104.4,320750.6,492683.4,289461.1
541,09128,50.8333,12.9167,Sachsen,SN,"Chemnitz, Stadt",14511.0,"(50.8333, 12.9167)",301221.6,452355.8,145069.2,395066.3,438663.6,272525.2,571276.3,287274.6,531436.9,520308.8,558410.9,333272.7,551428.5,317074.7,489007.5,285785.2
542,09130,50.8376,12.9345,Sachsen,SN,"Chemnitz, Stadt",14511.0,"(50.8376, 12.9345)",302357.8,453699.4,146412.9,396409.9,439799.8,273868.8,572412.5,288410.9,532780.5,521652.4,559754.6,334408.9,552772.1,318418.3,490351.1,287128.9
543,09131,50.8333,12.9167,Sachsen,SN,"Chemnitz, Stadt",14511.0,"(50.8333, 12.9167)",301221.6,452355.8,145069.2,395066.3,438663.6,272525.2,571276.3,287274.6,531436.9,520308.8,558410.9,333272.7,551428.5,317074.7,489007.5,285785.2
544,09212,50.85003333333333,12.7733,Sachsen,SN,Zwickau,14524.0,"(50.85003333333333, 12.7733)",306819.7,441612.7,135657.0,384323.2,444261.6,263112.9,576874.3,292872.7,520693.8,509565.7,547667.9,338870.7,540685.4,307662.4,478264.5,275042.2
545,09217,50.9133,12.806,Sachsen,SN,Landkreis Mittelsachsen,14522.0,"(50.9133, 12.806)",311060.8,468384.1,134541.2,398525.3,448502.8,261997.1,581115.5,297113.8,547465.2,536337.1,574439.2,343111.9,554887.5,306546.6,505035.8,302317.3
546,09221,50.7835,12.87,Sachsen,SN,Erzgebirgskreis,14521.0,"(50.7835, 12.87)",295110.0,455175.6,147609.6,397886.1,432552.0,275065.6,565164.7,281163.0,534256.7,523128.6,561230.8,327161.1,554248.3,319615.1,491827.3,288605.1
547,09224,50.794,12.786,Sachsen,SN,"Chemnitz, Stadt",14511.0,"(50.794, 12.786)",302273.3,441664.3,149001.2,384374.8,439715.3,276457.1,572328.0,288326.4,520745.4,509617.3,547719.4,334324.4,540737.0,321006.6,478316.0,275093.7
548,09228,50.8832,12.8703,Sachsen,SN,"Chemnitz, Stadt",14511.0,"(50.8832, 12.8703)",309864.4,474128.7,140285.8,397328.8,447306.3,267741.7,579919.0,295917.4,553209.8,542081.7,580183.8,341915.4,553691.1,312291.2,510780.4,308061.9
549,09232,50.9,12.8,Sachsen,SN,Landkreis Mittelsachsen,14522.0,"(50.9, 12.8)",308966.6,468076.4,134233.5,396431.0,446408.5,261689.4,579021.2,295019.6,547157.5,536029.4,574131.5,341017.6,552793.3,306238.9,504728.1,302009.6
550,09235,50.7333,12.9167,Sachsen,SN,Erzgebirgskreis,14521.0,"(50.7333, 12.9167)",298232.6,455442.7,156672.0,398153.2,435674.6,284127.9,568287.3,284285.6,534523.8,523395.7,561497.8,330283.7,554515.4,328677.4,492094.4,288872.2
551,09236,50.9333,12.8833,Sachsen,SN,Landkreis Mittelsachsen,14522.0,"(50.9333, 12.8833)",315606.8,473625.2,139782.3,402861.0,453048.8,267238.3,585661.5,301659.8,552706.3,541578.3,579680.4,347657.9,559223.3,311787.8,510277.0,307558.4
552,09241,50.9,12.7667,Sachsen,SN,Landkreis Mittelsachsen,14522.0,"(50.9, 12.7667)",309524.0,463631.2,129788.3,396988.5,446965.9,257244.2,579578.6,295577.0,542712.3,531584.2,569686.4,341575.0,553350.7,301793.8,500283.0,297564.4
553,09243,50.9,12.7167,Sachsen,SN,Zwickau,14524.0,"(50.9, 12.7167)",312663.3,462398.7,128555.8,400127.8,450105.3,256011.7,582718.0,298716.3,541479.7,530351.7,568453.8,344714.4,556490.0,300561.2,499050.4,296331.9
554,09244,50.9083,12.9917,Sachsen,SN,Landkreis Mittelsachsen,14522.0,"(50.9083, 12.9917)",314076.8,458620.6,151334.0,401331.1,451518.8,278790.0,584131.5,300129.8,537701.7,526573.6,564675.7,346127.9,557693.3,323339.5,495272.3,292050.0
555,09247,50.8621,12.8339,Sachsen,SN,"Chemnitz, Stadt",14511.0,"(50.8621, 12.8339)",305455.8,447875.1,139476.6,390585.6,442897.8,266932.6,575510.4,291508.8,526956.2,515828.2,553930.3,337506.8,546947.9,311482.1,484526.9,281304.6
556,09249,50.9167,12.85,Sachsen,SN,Landkreis Mittelsachsen,14522.0,"(50.9167, 12.85)",312387.5,470589.6,136746.7,399852.0,449829.4,264202.7,582442.1,298440.5,549670.7,538542.7,576644.8,344438.5,556214.2,308752.2,507241.4,304522.8
557,09306,51.028442857142856,12.826014285714283,Sachsen,SN,Landkreis Mittelsachsen,14522.0,"(51.028442857142856, 12.826014285714283)",336874.6,463004.9,108005.1,401566.9,474316.6,235461.0,606929.3,322927.7,542086.0,530958.0,569060.1,368925.7,557929.1,301167.5,499656.7,296938.2
558,09322,50.9334,12.7042,Sachsen,SN,Landkreis Mittelsachsen,14522.0,"(50.9334, 12.7042)",316418.3,456684.9,122842.0,382275.8,453860.3,250297.9,586473.0,302471.3,535765.9,524637.9,562740.0,348469.4,538638.0,294847.4,493336.6,290618.1
559,09326,51.0768,12.9072,Sachsen,SN,Landkreis Mittelsachsen,14522.0,"(51.0768, 12.9072)",335725.1,475475.5,114786.8,408557.0,473167.1,242242.8,605779.8,321778.2,554556.6,543428.5,581530.7,367776.2,590017.1,313638.1,512127.3,309408.7
560,09328,50.9627,12.7559,Sachsen,SN,Landkreis Mittelsachsen,14522.0,"(50.9627, 12.7559)",323087.6,458057.2,124214.3,387370.7,460529.5,251670.3,593142.2,309140.6,537138.3,526010.3,564112.4,355138.6,543732.9,296219.8,494709.0,291990.4
561,09337,50.80576666666667,12.670966666666668,Sachsen,SN,Zwickau,14524.0,"(50.80576666666667, 12.670966666666668)",293638.7,432043.1,155134.3,374753.6,431080.7,282590.2,563693.4,279691.7,511124.2,499996.2,538098.3,325689.8,531115.9,306776.4,468694.9,265472.6
562,09350,50.7438,12.6453,Sachsen,SN,Zwickau,14524.0,"(50.7438, 12.6453)",287014.2,436741.5,164688.1,379452.0,424456.2,292144.1,557068.9,273067.3,515822.6,504694.5,542796.6,319065.3,535814.2,311474.8,473393.2,270170.9
563,09353,50.7823,12.7079,Sachsen,SN,Zwickau,14524.0,"(50.7823, 12.7079)",290690.8,436400.1,152046.2,379110.6,428132.7,279502.1,560745.4,276743.8,515481.2,504353.1,542455.2,322741.8,535472.8,324051.6,473051.8,269829.5
564,09355,50.75,12.7167,Sachsen,SN,Zwickau,14524.0,"(50.75, 12.7167)",287513.6,440852.4,163943.6,383562.9,424955.6,291399.5,557568.3,273566.6,519933.5,508805.4,546907.5,319564.7,539925.1,315585.7,477504.1,274281.9
565,09356,50.7862,12.624,Sachsen,SN,Zwickau,14524.0,"(50.7862, 12.624)",285841.6,433890.4,158160.6,376600.9,423283.5,285616.6,555896.2,271894.6,512971.5,501843.4,539945.5,317892.6,532963.1,308623.7,470542.1,267319.9
566,09366,50.71545,12.7752,Sachsen,SN,Erzgebirgskreis,14521.0,"(50.71545, 12.7752)",284855.0,446880.0,155759.6,410048.1,422296.9,283215.6,554909.6,270908.0,525961.1,514833.1,552935.2,316906.0,545952.8,327765.1,483531.8,280309.5
567,09376,50.717,12.7217,Sachsen,SN,Erzgebirgskreis,14521.0,"(50.717, 12.7217)",284679.5,445317.3,159333.0,409872.6,422121.5,286788.9,554734.1,270732.5,524398.4,513270.3,551372.5,316730.5,544390.0,331338.4,481969.0,278746.8
568,09380,50.7,12.85,Sachsen,SN,Erzgebirgskreis,14521.0,"(50.7, 12.85)",291574.0,454089.5,162126.1,416767.2,429016.0,289582.0,561628.7,277627.0,533170.6,522042.5,560144.6,323625.1,553162.2,334131.5,490741.2,287518.9
569,09385,50.75,12.75835,Sachsen,SN,Erzgebirgskreis,14521.0,"(50.75, 12.75835)",287959.1,443156.6,155020.4,385867.1,425401.1,282476.3,558013.8,274012.1,522237.7,511109.7,549211.8,320010.2,542229.3,327025.8,479808.4,276586.1
570,09387,50.75,12.85,Sachsen,SN,Erzgebirgskreis,14521.0,"(50.75, 12.85)",291794.7,450138.7,159835.1,392849.2,429236.7,287291.0,561849.4,277847.7,529219.7,518091.7,556193.8,323845.8,549211.4,331840.5,486790.4,283568.1
571,09390,50.7,12.8833,Sachsen,SN,Erzgebirgskreis,14521.0,"(50.7, 12.8833)",295956.6,457458.7,166390.3,421149.7,433398.5,293846.2,566011.2,282009.6,536539.8,525411.7,563513.8,328007.6,556531.4,338395.7,494110.4,290888.1
572,09392,50.6833,12.9167,Sachsen,SN,Erzgebirgskreis,14521.0,"(50.6833, 12.9167)",297830.4,462460.8,163548.8,423023.5,435272.4,291004.7,567885.1,283883.4,541541.9,530413.8,568516.0,329881.5,561533.5,335554.2,499112.6,295890.3
573,09394,50.7404,12.6806,Sachsen,SN,Erzgebirgskreis,14521.0,"(50.7404, 12.6806)",286390.0,444575.3,161499.1,387285.8,423832.0,288955.0,556444.7,272443.0,523656.4,512528.4,550630.5,318441.1,543648.1,333504.6,481227.1,278004.8
