,zipcode,lat,long,state,state_code,community_name,community_code,coor,AKB Kitzingen,AKB Dortmund,AKB Zörbig,AKB Schöneck,AKB Buch,Mosolf Etzin,Mosolf Kippenheim,BLG Kelheim,BLG Duisburg,BLG Neuss,Carservice Erkens,ARS Altmann Wolnzach,CAT Zülpich,Autohaus Siebrecht,Neu: FleetParQ Essen ,Neu: FleetParQ Kassel
6554,86687,48.7675,10.7964,Bayern,BY,Landkreis Donau-Ries,9779.0,"(48.7675, 10.7964)",159907.6,525044.0,384208.3,296132.5,136152.2,511664.2,354108.3,106969.7,530787.3,511889.9,563927.8,85734.1,500572.2,423908.6,537316.6,369955.9
6555,86688,48.7415,10.945,Bayern,BY,Landkreis Donau-Ries,9779.0,"(48.7415, 10.945)",175802.1,540938.5,399850.2,312026.9,139759.3,527306.2,357715.4,91892.6,546681.7,527784.4,579822.3,70657.0,516466.7,439803.1,553211.1,385850.4
6556,86690,48.657,10.8056,Bayern,BY,Landkreis Donau-Ries,9779.0,"(48.657, 10.8056)",167595.4,532731.8,399522.5,303820.2,124821.7,526978.5,342777.7,102948.2,538475.0,519577.7,571615.5,81712.7,508260.0,431596.4,545004.3,377643.6
6557,86692,48.6225,10.9017,Bayern,BY,Landkreis Donau-Ries,9779.0,"(48.6225, 10.9017)",179840.1,544976.4,411767.2,316064.9,121650.4,539223.2,339606.5,98211.1,550719.7,531822.3,583860.2,76975.5,520504.7,443841.0,557249.0,389888.3
6558,86694,48.7167,10.9333,Bayern,BY,Landkreis Donau-Ries,9779.0,"(48.7167, 10.9333)",172670.4,537806.8,404597.6,308895.3,136627.6,532053.5,354583.7,89960.5,543550.1,524652.7,576690.6,68725.0,513335.0,436671.4,550079.4,382718.7
6559,86695,48.6037,10.82055,Bayern,BY,Landkreis Augsburg,9772.0,"(48.6037, 10.82055)",175326.4,540462.8,407253.6,311551.2,117377.4,534709.5,335333.5,110679.3,546206.0,527308.7,579346.6,89443.7,515991.0,439327.4,552735.4,385374.7
6560,86697,48.722,11.1115,Bayern,BY,Neuburg-Schrobenhausen,9185.0,"(48.722, 11.1115)",185887.5,551023.9,408612.5,322112.3,149844.7,536068.4,367800.7,73672.2,556767.1,537869.8,589907.7,52436.6,526552.1,449888.5,563296.5,395935.8
6561,86698,48.6667,10.8667,Bayern,BY,Landkreis Donau-Ries,9779.0,"(48.6667, 10.8667)",168850.2,533986.6,400777.3,305075.0,125341.0,528233.3,343297.1,95458.3,539729.8,520832.5,572870.4,74222.7,509514.8,432851.2,546259.1,378898.4
6562,86700,48.8725,10.8002,Bayern,BY,Landkreis Donau-Ries,9779.0,"(48.8725, 10.8002)",144835.2,509971.6,373859.2,281060.0,120454.9,501315.2,332789.6,105658.4,515714.9,496817.5,548855.4,84422.9,485499.8,408836.2,522244.2,354883.5
6563,86701,48.6865,11.1562,Bayern,BY,Neuburg-Schrobenhausen,9185.0,"(48.6865, 11.1562)",191400.6,556537.0,406711.2,327625.4,138392.2,534167.1,356348.3,71770.8,562280.2,543382.9,595420.8,50535.3,532065.2,455401.6,568809.6,401448.9
6564,86703,48.85,10.95,Bayern,BY,Landkreis Donau-Ries,9779.0,"(48.85, 10.95)",159163.3,524299.7,377327.6,295388.1,155878.7,504783.5,347117.6,94598.4,530042.9,511145.6,563183.5,73362.9,499827.9,423164.3,536572.2,369211.6
6565,86704,48.8167,10.9667,Bayern,BY,Landkreis Donau-Ries,9779.0,"(48.8167, 10.9667)",160795.2,525931.6,383127.7,297020.1,157510.7,510583.6,348749.6,89478.1,531674.9,512777.5,564815.4,68242.6,501459.9,424796.2,538204.2,370843.5
6566,86706,48.7171,11.3214,Bayern,BY,Neuburg-Schrobenhausen,9185.0,"(48.7171, 11.3214)",211375.8,574462.4,391733.7,343776.2,157045.5,519189.7,375001.6,56793.4,578431.0,559533.7,611571.5,35557.9,548216.0,473327.0,584960.3,419374.3
6567,86707,48.5694,10.828600000000002,Bayern,BY,Landkreis Augsburg,9772.0,"(48.5694, 10.828600000000002)",177081.7,542218.1,409008.9,313306.6,114550.6,536464.8,332506.6,112434.6,547961.4,529064.0,581101.9,91199.0,517746.3,441082.7,554490.7,387130.0
6568,86709,48.9035,10.7813,Bayern,BY,Landkreis Donau-Ries,9779.0,"(48.9035, 10.7813)",145840.7,510977.1,374955.4,282065.5,121460.4,502411.3,333795.1,108340.5,516720.3,497823.0,549860.9,87951.5,486505.3,409841.7,523249.7,355889.0
6569,86720,48.8512,10.4887,Bayern,BY,Landkreis Donau-Ries,9779.0,"(48.8512, 10.4887)",129089.9,494226.3,382448.8,265314.8,97095.0,509904.7,317044.3,130210.8,499969.6,481072.2,533110.1,108975.2,469754.6,393090.9,506498.9,339138.2
6570,86732,48.9527,10.6046,Bayern,BY,Landkreis Donau-Ries,9779.0,"(48.9527, 10.6046)",125091.6,490228.0,366447.4,261316.4,112243.2,493903.3,313046.0,135204.0,495971.3,477073.9,529111.8,113968.4,465756.2,389092.6,502500.6,335139.9
6571,86733,48.85,10.6167,Bayern,BY,Landkreis Donau-Ries,9779.0,"(48.85, 10.6167)",138556.7,503693.0,378920.7,274781.5,107703.6,506376.6,326511.0,123638.2,509436.3,490538.9,542576.8,102402.6,479221.3,402557.6,515965.6,348604.9
6572,86735,48.7462,10.4678,Bayern,BY,Landkreis Donau-Ries,9779.0,"(48.7462, 10.4678)",145901.5,511037.8,399704.9,282126.3,89301.9,527160.8,307501.5,132839.3,516781.1,497883.8,549921.6,111603.8,486566.1,409902.4,523310.4,355949.7
6573,86736,49.0079,10.6224,Bayern,BY,Landkreis Donau-Ries,9779.0,"(49.0079, 10.6224)",123634.1,488770.5,361949.2,259859.0,118934.1,489405.2,311588.5,141894.9,494513.8,475616.4,527654.3,120659.4,464298.8,387635.1,501043.1,333682.4
6574,86738,48.8667,10.5667,Bayern,BY,Landkreis Donau-Ries,9779.0,"(48.8667, 10.5667)",134160.3,499296.6,377736.2,270385.1,103307.2,505192.2,322114.6,128194.3,505039.9,486142.6,538180.4,106958.7,474824.9,398161.2,511569.2,344208.5
6575,86739,48.8083,10.4661,Bayern,BY,Landkreis Donau-Ries,9779.0,"(48.8083, 10.4661)",134672.8,499809.1,388594.7,270897.6,92166.3,516050.6,310365.9,130916.6,505552.4,486655.1,538692.9,109681.1,475337.4,398673.8,512081.7,344721.0
6576,86741,48.9642,10.5543,Bayern,BY,Landkreis Donau-Ries,9779.0,"(48.9642, 10.5543)",120773.8,485910.1,370732.0,256998.6,117298.5,498188.0,308728.1,140259.3,491653.4,472756.1,524793.9,119023.7,461438.4,384774.7,498182.7,330822.0
6577,86742,48.9724,10.4575,Bayern,BY,Landkreis Donau-Ries,9779.0,"(48.9724, 10.4575)",113148.4,478284.7,378153.5,249373.2,114654.4,505609.4,301102.7,146718.9,484028.0,465130.7,517168.5,125483.4,453813.0,377149.4,490557.3,323196.6
6578,86744,48.9584,10.6249,Bayern,BY,Landkreis Donau-Ries,9779.0,"(48.9584, 10.6249)",126546.8,491683.2,366642.5,262771.7,114041.3,494098.4,314501.2,137002.1,497426.5,478529.1,530567.0,115766.5,467211.5,390547.8,503955.8,336595.1
6579,86745,48.784,10.5349,Bayern,BY,Landkreis Donau-Ries,9779.0,"(48.784, 10.5349)",140743.3,505879.7,390936.4,276968.1,98823.3,518392.4,317022.9,123999.0,511622.9,492725.6,544763.5,102763.4,481407.9,404744.3,518152.2,350791.6
6580,86747,48.9275,10.4987,Bayern,BY,Landkreis Donau-Ries,9779.0,"(48.9275, 10.4987)",120981.0,486117.4,380045.1,257205.8,111272.4,507501.0,308935.4,143336.9,491860.7,472963.3,525001.2,122101.4,461645.6,384982.0,498390.0,331029.3
6581,86748,48.9257,10.4708,Bayern,BY,Landkreis Donau-Ries,9779.0,"(48.9257, 10.4708)",118474.7,483611.0,382548.2,254699.5,109043.5,510004.1,306429.0,141108.0,489354.3,470457.0,522494.8,119872.5,459139.3,382475.6,495883.6,328522.9
6582,86750,48.9333,10.65,Bayern,BY,Landkreis Donau-Ries,9779.0,"(48.9333, 10.65)",129613.4,494749.8,370166.7,265838.2,117107.8,497622.7,317567.7,119599.3,500493.0,481595.7,533633.6,98363.7,470278.0,393614.4,507022.4,339661.7
6583,86751,48.776,10.5804,Bayern,BY,Landkreis Donau-Ries,9779.0,"(48.776, 10.5804)",142802.7,507939.1,404365.6,279027.5,102945.9,531821.6,321145.5,119876.3,513682.3,494785.0,546822.9,98640.8,483467.3,406803.7,520211.7,352851.0
6584,86753,48.8092,10.5902,Bayern,BY,Landkreis Donau-Ries,9779.0,"(48.8092, 10.5902)",138499.1,503635.5,388692.2,274723.9,105105.0,516148.2,326453.4,120582.5,509378.7,490481.4,542519.3,99346.9,479163.7,402500.1,515908.0,348547.4
6585,86754,48.9167,10.6,Bayern,BY,Landkreis Donau-Ries,9779.0,"(48.9167, 10.6)",129766.0,494902.3,370769.7,265990.8,110400.4,498225.6,317720.3,131012.2,500645.6,481748.2,533786.1,109776.6,470430.6,393766.9,507174.9,339814.2
6586,86756,48.8167,10.5167,Bayern,BY,Landkreis Donau-Ries,9779.0,"(48.8167, 10.5167)",135278.8,500415.2,385472.0,271503.6,97842.4,512927.9,323233.1,126924.0,506158.4,487261.1,539299.0,105688.5,475943.4,399279.8,512687.8,345327.1
6587,86757,48.8874,10.4759,Bayern,BY,Landkreis Donau-Ries,9779.0,"(48.8874, 10.4759)",122876.7,488013.1,384907.0,259101.5,106211.6,512363.0,310831.1,135229.5,493756.3,474859.0,526896.9,113994.0,463541.3,386877.7,500285.7,332925.0
6588,86759,48.8923,10.6133,Bayern,BY,Landkreis Donau-Ries,9779.0,"(48.8923, 10.6133)",133078.8,498215.1,374082.5,269303.6,109827.4,501538.4,321033.1,127971.4,503958.4,485061.0,537098.9,106735.8,473743.4,397079.7,510487.7,343127.0
6589,86807,48.0372,10.7255,Bayern,BY,Landkreis Ostallgäu,9777.0,"(48.0372, 10.7255)",267445.9,632582.3,511583.9,403670.7,78482.1,639039.8,352222.8,167657.8,638325.5,619428.2,671466.0,121573.1,559725.0,531446.9,644854.8,477494.1
6590,86825,48.0067,10.5967,Bayern,BY,Landkreis Unterallgäu,9778.0,"(48.0067, 10.5967)",258016.8,623153.2,524938.0,394241.6,69053.1,652393.9,342793.7,181011.9,628896.5,609999.1,662037.0,134927.3,550296.0,522017.8,635425.8,468065.1
6591,86830,48.1793,10.7568,Bayern,BY,Landkreis Augsburg,9772.0,"(48.1793, 10.7568)",262099.7,627236.1,463625.1,398324.5,57718.0,591081.0,346636.5,180701.8,632979.4,614082.0,666119.9,134617.1,554138.8,526100.7,639508.7,472148.0
6592,86833,48.1,10.65,Bayern,BY,Landkreis Unterallgäu,9778.0,"(48.1, 10.65)",266568.9,631705.3,476072.8,402793.7,77605.2,603528.8,351345.8,184465.2,637448.6,618551.2,670589.1,138380.6,558848.1,530569.9,643977.9,476617.2
6593,86836,48.1627,10.816325,Bayern,BY,Landkreis Landsberg am Lech,9181.0,"(48.1627, 10.816325)",257733.1,622869.5,459258.5,393958.0,102168.8,586714.5,342269.9,174127.7,628612.8,609715.4,661753.3,128043.1,549772.2,521734.1,635142.1,467781.4
6594,86842,48.064,10.6416,Bayern,BY,Landkreis Unterallgäu,9778.0,"(48.064, 10.6416)",262345.4,627481.8,524167.8,398570.2,73381.7,651623.7,347122.3,180241.7,633225.0,614327.7,666365.6,134157.0,554624.6,526346.4,639754.4,472393.7
6595,86845,48.2275,10.7795,Bayern,BY,Landkreis Augsburg,9772.0,"(48.2275, 10.7795)",254280.6,619417.0,455806.0,390505.4,58593.5,583261.9,338817.4,144330.3,625160.2,606262.9,658300.8,107981.9,546319.6,518281.6,631689.5,464328.9
6596,86850,48.2905,10.6559,Bayern,BY,Landkreis Augsburg,9772.0,"(48.2905, 10.6559)",224786.3,589922.7,458149.4,361011.1,46844.3,585605.3,309323.1,146483.8,595665.9,576768.6,628806.5,110135.3,516825.4,488787.3,602195.3,434834.6
6597,86853,48.1459,10.7589,Bayern,BY,Landkreis Augsburg,9772.0,"(48.1459, 10.7589)",263764.9,628901.2,465290.3,399989.7,90004.5,592746.2,348301.7,182366.9,634644.5,615747.2,667785.0,136282.3,555803.9,527765.8,641173.8,473813.1
6598,86854,48.0667,10.6833,Bayern,BY,Landkreis Unterallgäu,9778.0,"(48.0667, 10.6833)",265650.2,630786.6,519066.8,401875.0,76686.4,646522.8,350427.1,175140.7,636529.8,617632.5,669670.4,129056.1,557929.4,529651.2,643059.2,475698.5
6599,86856,48.1609,10.7175,Bayern,BY,Landkreis Augsburg,9772.0,"(48.1609, 10.7175)",240139.4,605275.8,466815.6,376364.2,54207.2,594271.5,324676.2,183892.2,611019.0,592121.7,644159.6,137807.6,532178.5,504140.4,617548.4,450187.7
6600,86857,48.1184,10.8111,Bayern,BY,Landkreis Landsberg am Lech,9181.0,"(48.1184, 10.8111)",262880.5,628016.9,464405.9,399105.3,98945.6,591861.8,347417.3,165225.9,633760.2,614862.8,666900.7,119141.3,554919.6,526881.5,640289.5,472928.8
6601,86859,48.0667,10.8,Bayern,BY,Landkreis Landsberg am Lech,9181.0,"(48.0667, 10.8)",269291.9,634428.2,470817.3,405516.7,93712.2,598273.2,353828.7,165671.1,640171.5,621274.2,673312.0,119586.5,561330.9,533292.8,646700.8,479340.1
6602,86860,47.9993,10.7257,Bayern,BY,Landkreis Ostallgäu,9777.0,"(47.9993, 10.7257)",269899.4,635035.8,515277.3,406124.2,80935.6,642733.3,354676.3,171351.2,640779.0,621881.7,673919.6,125266.6,562178.6,533900.4,647308.4,479947.7
6603,86862,48.092,10.7398,Bayern,BY,Landkreis Ostallgäu,9777.0,"(48.092, 10.7398)",274136.6,639273.0,472803.4,410361.4,85172.8,600259.3,358913.5,173727.1,645016.2,626118.9,678156.8,127642.5,566415.7,538137.6,651545.5,484184.8
6604,86863,48.2667,10.6,Bayern,BY,Landkreis Augsburg,9772.0,"(48.2667, 10.6)",221700.5,586836.8,463527.3,357925.3,38891.4,590983.2,306237.2,151861.7,592580.1,573682.7,625720.6,115513.3,513739.5,485701.4,599109.4,431748.7
6605,86865,48.1368,10.582,Bayern,BY,Landkreis Unterallgäu,9778.0,"(48.1368, 10.582)",234055.2,599191.6,481853.7,370280.0,43778.6,609309.6,318592.0,191474.2,604934.9,586037.5,638075.4,145389.6,526094.3,498056.2,611464.2,444103.5
6606,86866,48.2417,10.6403,Bayern,BY,Landkreis Augsburg,9772.0,"(48.2417, 10.6403)",227555.9,592692.2,464514.4,363780.7,44746.8,591970.4,312092.7,152848.9,598435.5,579538.2,631576.0,116500.4,519594.9,491556.8,604964.8,437604.1
6607,86868,48.1764,10.5975,Bayern,BY,Landkreis Augsburg,9772.0,"(48.1764, 10.5975)",230296.7,595433.0,476897.8,366521.5,44364.5,604353.7,314833.5,193503.8,601176.3,582279.0,634316.8,147419.2,522335.7,494297.7,607705.6,440344.9
6608,86869,47.9436,10.7427,Bayern,BY,Landkreis Ostallgäu,9777.0,"(47.9436, 10.7427)",276911.2,642047.6,522289.2,413136.0,87947.5,649745.1,361688.1,178363.0,647790.9,628893.5,680931.4,132278.4,569190.4,540912.2,654320.2,486959.5
6609,86871,48.0667,10.5833,Bayern,BY,Landkreis Unterallgäu,9778.0,"(48.0667, 10.5833)",264687.6,629824.0,526510.0,400912.4,75723.8,653965.9,349464.5,182583.8,635567.2,616669.9,668707.8,136499.2,556966.8,528688.6,642096.6,474735.9
6610,86872,48.1803,10.6401,Bayern,BY,Landkreis Augsburg,9772.0,"(48.1803, 10.6401)",234546.1,599682.5,472727.4,370770.9,48613.9,600183.4,319082.9,161251.8,605425.8,586528.4,638566.3,124903.3,526585.2,498547.1,611955.1,444594.4
6611,86874,48.1022,10.5607,Bayern,BY,Landkreis Unterallgäu,9778.0,"(48.1022, 10.5607)",238629.3,603765.6,530737.0,374854.1,42272.9,658192.9,323166.1,186810.8,609508.9,590611.6,642649.4,140726.2,530668.3,502630.2,616038.2,448677.5
6612,86875,47.9968,10.7779,Bayern,BY,Landkreis Ostallgäu,9777.0,"(47.9968, 10.7779)",274415.9,639552.2,516432.0,410640.7,85452.1,643887.9,359192.8,172505.9,645295.5,626398.1,678436.0,126421.2,566695.0,538416.8,651824.8,484464.1
6613,86877,48.2261,10.5884,Bayern,BY,Landkreis Augsburg,9772.0,"(48.2261, 10.5884)",226842.5,591978.9,468044.4,363067.3,40910.3,595500.3,311379.3,156378.9,597722.1,578824.8,630862.7,120030.4,518881.5,490843.5,604251.4,436890.8
6614,86879,48.0395,10.6741,Bayern,BY,Landkreis Unterallgäu,9778.0,"(48.0395, 10.6741)",263030.7,628167.1,517257.2,399255.5,74066.9,644713.1,347807.6,173331.0,633910.3,615013.0,667050.9,127246.4,555309.8,527031.7,640439.6,473079.0
6615,86899,48.0482,10.8828,Bayern,BY,Landkreis Landsberg am Lech,9181.0,"(48.0482, 10.8828)",283415.3,648551.7,499361.1,419640.2,94451.6,626817.0,368192.3,155435.0,654295.0,635397.6,687435.5,109350.3,575694.5,547416.3,660824.3,493463.6
6616,86911,47.9508,11.1031,Bayern,BY,Landkreis Landsberg am Lech,9181.0,"(47.9508, 11.1031)",303861.1,668997.4,497222.8,440085.9,114897.3,624678.7,388638.0,153296.7,674740.7,655843.3,707881.2,107212.1,596140.2,567862.0,681270.0,513909.3
6617,86916,48.0912,10.8791,Bayern,BY,Landkreis Landsberg am Lech,9181.0,"(48.0912, 10.8791)",267922.7,633059.1,503976.2,404147.5,93542.7,631432.1,352459.5,160050.1,638802.4,619905.0,671942.9,113965.5,559961.8,531923.7,645331.7,477971.0
6618,86919,48.0261,11.0861,Bayern,BY,Landkreis Landsberg am Lech,9181.0,"(48.0261, 11.0861)",302392.2,667528.5,487986.2,438617.0,113428.4,615442.1,387169.1,144060.0,673271.8,654374.5,706412.3,97975.4,594671.3,566393.2,679801.1,512440.4
6619,86920,47.9167,10.85,Bayern,BY,Landkreis Landsberg am Lech,9181.0,"(47.9167, 10.85)",291507.9,656644.3,519451.8,427732.8,102544.2,646907.7,376284.8,175525.7,662387.6,643490.2,695528.1,129441.1,583787.1,555508.9,668916.9,501556.2
6620,86922,48.087,11.0239,Bayern,BY,Landkreis Landsberg am Lech,9181.0,"(48.087, 11.0239)",292249.9,657386.3,488257.9,428474.8,103286.2,615713.8,377026.8,144331.8,663129.6,644232.2,696270.1,98247.2,584529.1,556250.9,669658.9,502298.2
6621,86923,48.0222,11.011,Bayern,BY,Landkreis Landsberg am Lech,9181.0,"(48.0222, 11.011)",294889.3,660025.7,494698.7,431114.2,105925.6,622154.6,379666.2,150772.6,665769.0,646871.6,698909.5,104688.0,587168.5,558890.3,672298.3,504937.6
6622,86925,47.9333,10.8167,Bayern,BY,Landkreis Landsberg am Lech,9181.0,"(47.9333, 10.8167)",285420.3,650556.7,519521.2,421645.1,96456.5,646977.2,370197.2,175595.1,656299.9,637402.6,689440.5,129510.5,577699.4,549421.3,662829.2,495468.6
6623,86926,48.0706,11.0835,Bayern,BY,Landkreis Landsberg am Lech,9181.0,"(48.0706, 11.0835)",298101.6,663238.0,483101.1,434326.4,109137.8,610557.0,382878.5,139175.0,668981.2,650083.9,702121.8,93090.4,590380.7,562102.6,675510.6,508149.9
6624,86928,48.0085,10.9711,Bayern,BY,Landkreis Landsberg am Lech,9181.0,"(48.0085, 10.9711)",290265.9,655402.3,498829.1,426490.8,101302.2,626285.0,375042.8,154903.0,661145.6,642248.2,694286.1,108818.4,582545.1,554266.9,667674.9,500314.2
6625,86929,48.0748,10.9274,Bayern,BY,Landkreis Landsberg am Lech,9181.0,"(48.0748, 10.9274)",284546.6,649683.0,499316.6,420771.4,95582.9,626772.5,369323.5,155390.5,655426.2,636528.9,688566.8,109305.9,576825.8,548547.6,661955.6,494594.9
6626,86931,48.2007,10.928,Bayern,BY,Landkreis Landsberg am Lech,9181.0,"(48.2007, 10.928)",257723.2,622859.6,465107.6,393948.0,109461.1,592563.5,342260.0,153036.5,628602.8,609705.5,661743.4,106951.9,549762.3,521724.2,635132.2,467771.5
6627,86932,48.0247,10.9221,Bayern,BY,Landkreis Landsberg am Lech,9181.0,"(48.0247, 10.9221)",285740.1,650876.5,501674.1,421964.9,96776.4,629130.0,370517.0,157747.9,656619.7,637722.4,689760.3,111663.3,578019.3,549741.1,663149.1,495788.4
6628,86934,47.9228,10.9285,Bayern,BY,Landkreis Landsberg am Lech,9181.0,"(47.9228, 10.9285)",296957.7,662094.1,514797.1,433182.5,107993.9,642253.0,381734.6,170871.0,667837.3,648940.0,700977.9,124786.4,589236.8,560958.7,674366.6,507006.0
6629,86935,47.9047,10.9729,Bayern,BY,Landkreis Landsberg am Lech,9181.0,"(47.9047, 10.9729)",301116.6,666253.0,517050.6,437341.5,112152.9,644506.5,385893.5,173124.5,671996.3,653098.9,705136.8,127039.8,593395.8,565117.6,678525.6,511164.9
6630,86937,48.1677,10.8957,Bayern,BY,Landkreis Landsberg am Lech,9181.0,"(48.1677, 10.8957)",262703.0,627839.3,464228.3,398927.8,104719.9,591684.3,347239.8,153321.3,633582.6,614685.2,666723.1,107236.6,554742.0,526703.9,640111.9,472751.2
6631,86938,48.053,11.0914,Bayern,BY,Landkreis Landsberg am Lech,9181.0,"(48.053, 11.0914)",299216.4,664352.8,484810.4,435441.2,110252.6,612266.3,383993.3,140884.3,670096.0,651198.7,703236.6,94799.7,591495.6,563217.4,676625.4,509264.7
6632,86940,48.0456,10.9276,Bayern,BY,Landkreis Landsberg am Lech,9181.0,"(48.0456, 10.9276)",284111.8,649248.2,500045.8,420336.7,95148.1,627501.7,368888.7,156119.7,654991.5,636094.1,688132.0,110035.0,576391.0,548112.8,661520.8,494160.1
6633,86941,48.0957,11.0452,Bayern,BY,Landkreis Landsberg am Lech,9181.0,"(48.0957, 11.0452)",294858.4,659994.8,490866.4,431083.3,105894.7,618322.3,379635.3,146940.3,665738.1,646840.7,698878.6,100855.7,587137.6,558859.4,672267.4,504906.7
6634,86943,47.973,10.9577,Bayern,BY,Landkreis Landsberg am Lech,9181.0,"(47.973, 10.9577)",294423.7,659560.0,510357.6,430648.5,105459.9,637813.5,379200.6,166431.5,665303.3,646405.9,698443.8,120346.9,586702.8,558424.6,671832.6,504471.9
