,zipcode,lat,long,state,state_code,community_name,community_code,coor,AKB Kitzingen,AKB Dortmund,AKB Zörbig,AKB Schöneck,AKB Buch,Mosolf Etzin,Mosolf Kippenheim,BLG Kelheim,BLG Duisburg,BLG Neuss,Carservice Erkens,ARS Altmann Wolnzach,CAT Zülpich,Autohaus Siebrecht,Neu: FleetParQ Essen ,Neu: FleetParQ Kassel
7445,93464,49.4333,12.5833,Bayern,BY,Cham,9372.0,"(49.4333, 12.5833)",222526.4,585613.1,330873.3,354926.8,322119.8,458329.2,454732.5,108054.3,589581.6,570684.3,622722.2,154052.3,559366.6,496096.9,596111.0,430525.0
7446,93466,49.2,12.75,Bayern,BY,Cham,9372.0,"(49.2, 12.75)",239097.4,602184.1,360793.8,371497.8,325877.5,488249.7,471303.5,84951.0,606152.6,587255.3,639293.2,130949.0,575937.6,501048.7,612682.0,447096.0
7447,93468,49.162,12.7684,Bayern,BY,Cham,9372.0,"(49.162, 12.7684)",245932.7,609019.4,367629.1,378333.1,319691.5,495085.0,478138.8,92767.5,612988.0,594090.6,646128.5,138765.6,582772.9,507884.0,619517.3,453931.3
7448,93470,49.176,13.1055,Bayern,BY,Cham,9372.0,"(49.176, 13.1055)",272025.8,635112.5,393722.2,404426.2,347804.4,521178.1,504231.9,123347.5,639081.0,620183.7,672221.6,169345.6,608866.0,533977.1,645610.3,480024.4
7449,93471,49.1301,12.9982,Bayern,BY,Landkreis Regen,9276.0,"(49.1301, 12.9982)",262042.4,625129.1,383738.8,394442.8,325038.1,511194.7,494248.5,110645.1,629097.7,610200.3,662238.2,156643.2,598882.6,523993.7,635627.0,470041.0
7450,93473,49.2766,12.8159,Bayern,BY,Cham,9372.0,"(49.2766, 12.8159)",247964.0,611050.6,364548.6,380364.4,334744.0,492004.5,480170.0,93817.5,615019.2,596121.8,648159.7,139815.6,584804.2,509915.2,621548.5,455962.5
7451,93474,49.1915,12.9939,Bayern,BY,Cham,9372.0,"(49.1915, 12.9939)",262445.9,625532.5,384142.2,394846.3,336925.0,511598.2,494651.9,113767.6,629501.1,610603.8,662641.6,159765.6,599286.1,524397.2,636030.4,470444.4
7452,93476,49.1667,12.8167,Bayern,BY,Cham,9372.0,"(49.1667, 12.8167)",246337.0,609423.7,368033.4,378737.4,323642.3,495489.3,478543.1,96718.4,613392.2,594494.9,646532.8,142716.4,583177.2,508288.3,619921.6,454335.6
7453,93477,49.3167,12.7333,Bayern,BY,Cham,9372.0,"(49.3167, 12.7333)",240004.0,603090.7,356387.1,372404.4,335616.5,483843.0,472210.1,94690.0,607059.2,588161.9,640199.8,140688.0,576844.2,501955.3,613588.6,448002.6
7454,93479,49.2,12.8833,Bayern,BY,Cham,9372.0,"(49.2, 12.8833)",254204.9,617291.6,375901.3,386605.3,335482.4,503357.2,486411.0,105526.6,621260.2,602362.8,654400.7,151524.7,591045.1,516156.2,627789.5,462203.5
7455,93480,49.2,12.9333,Bayern,BY,Cham,9372.0,"(49.2, 12.9333)",256660.9,619747.6,378357.3,389061.3,337938.4,505813.2,488867.0,107982.6,623716.1,604818.8,656856.7,153980.7,593501.1,518612.2,630245.5,464659.5
7456,93482,49.2667,12.6167,Bayern,BY,Cham,9372.0,"(49.2667, 12.6167)",231357.3,594443.9,347740.4,363757.7,330079.0,475196.3,463563.3,89152.5,598412.5,579515.1,631553.0,135150.6,568197.5,493308.5,604941.8,439355.8
7457,93483,49.2333,12.55,Bayern,BY,Cham,9372.0,"(49.2333, 12.55)",224566.1,587652.8,353238.6,356966.5,288240.8,480694.5,456772.2,72862.4,591621.3,572724.0,624761.9,118860.4,561406.3,486517.4,598150.7,432564.7
7458,93485,49.2333,12.8833,Bayern,BY,Cham,9372.0,"(49.2333, 12.8833)",259700.1,622786.8,381396.5,392100.5,339460.8,508852.4,491906.2,105553.7,626755.3,607858.0,659895.9,151551.7,596540.3,521651.4,633284.7,467698.7
7459,93486,49.2151,12.7621,Bayern,BY,Cham,9372.0,"(49.2151, 12.7621)",242716.4,605803.0,364412.7,375116.8,329496.4,491868.7,474922.4,88569.9,609771.6,590874.2,642912.1,134568.0,579556.6,504667.6,616300.9,450714.9
7460,93488,49.35,12.6,Bayern,BY,Cham,9372.0,"(49.35, 12.6)",220186.3,583273.0,336569.4,352586.7,319779.7,464025.3,452392.4,83317.3,587241.5,568344.2,620382.1,129315.3,557026.5,482137.6,593770.8,428184.9
7461,93489,49.1604,12.5932,Bayern,BY,Cham,9372.0,"(49.1604, 12.5932)",227846.0,590932.7,364968.4,360246.4,285347.3,492424.3,460052.0,69968.9,594901.2,576003.9,628041.7,115967.0,564686.2,489797.3,601430.5,435844.5
7462,93491,49.2676,12.5305,Bayern,BY,Cham,9372.0,"(49.2676, 12.5305)",217153.4,580240.1,349053.6,349553.8,316746.8,476509.5,449359.5,71869.7,584208.7,565311.3,617349.2,117867.7,553993.6,479104.7,590738.0,425152.0
7463,93492,49.4225,12.6157,Bayern,BY,Cham,9372.0,"(49.4225, 12.6157)",226190.9,589277.6,334537.8,358591.3,325784.3,461993.7,458397.0,111718.8,593246.2,574348.8,626386.7,157716.8,563031.1,499761.4,599775.5,434189.5
7464,93494,49.2667,12.6667,Bayern,BY,Cham,9372.0,"(49.2667, 12.6667)",239787.0,602873.7,352089.5,372187.4,326567.1,479545.5,471993.1,85640.6,606842.2,587944.9,639982.8,131638.6,576627.2,501738.3,613371.6,447785.6
7465,93495,49.2628,12.7631,Bayern,BY,Cham,9372.0,"(49.2628, 12.7631)",243328.6,606415.2,365024.9,375729.0,330108.6,492480.8,475534.6,89182.1,610383.8,591486.4,643524.3,135180.2,580168.7,505279.8,616913.1,451327.1
7466,93497,49.25,12.6667,Bayern,BY,Cham,9372.0,"(49.25, 12.6667)",237716.7,600803.3,352089.5,370117.1,324496.7,479545.4,469922.7,83570.2,604771.9,585874.6,637912.4,129568.3,574556.9,499667.9,611301.2,445715.2
7467,93499,49.15,12.7333,Bayern,BY,Cham,9372.0,"(49.15, 12.7333)",240989.6,604076.3,378112.0,373390.0,317340.2,505567.9,473195.7,90416.3,608044.8,589147.5,641185.4,136414.4,577829.8,502940.9,614574.2,448988.2
7468,94032,48.5732,13.4506,Bayern,BY,Passau,9262.0,"(48.5732, 13.4506)",314629.1,677715.7,481859.0,447029.5,332316.6,609314.9,547172.1,137072.2,681684.3,662787.0,714824.8,183070.3,651469.3,576580.4,688213.6,522627.6
7469,94034,48.589,13.3971,Bayern,BY,Passau,9262.0,"(48.589, 13.3971)",309010.5,672097.2,476240.4,441410.9,326698.0,603696.3,541553.5,131453.6,676065.7,657168.4,709206.3,177451.7,645850.7,570961.8,682595.0,517009.1
7470,94036,48.5693,13.4122,Bayern,BY,Passau,9262.0,"(48.5693, 13.4122)",312774.9,675861.6,480004.8,445175.3,330462.4,607460.7,545317.9,135218.1,679830.1,660932.8,712970.7,181216.1,649615.1,574726.2,686359.5,520773.5
7471,94051,48.6496,13.6265,Bayern,BY,Landkreis Passau,9275.0,"(48.6496, 13.6265)",329539.5,692626.1,496769.4,461939.9,347227.0,624225.3,562082.5,151982.6,696594.7,677697.3,729735.2,197980.7,666379.7,591490.7,703124.0,537538.0
7472,94060,48.4015,13.3132,Bayern,BY,Landkreis Passau,9275.0,"(48.4015, 13.3132)",332701.2,695787.9,499931.1,465101.6,306146.1,627387.0,524102.2,155144.3,699756.4,680859.1,732897.0,201142.4,669541.4,594652.5,706285.7,540699.8
7473,94065,48.7327,13.6008,Bayern,BY,Freyung-Grafenau,9272.0,"(48.7327, 13.6008)",327508.7,690595.3,494738.6,459909.1,345196.2,622194.5,560051.7,149951.8,694563.9,675666.6,727704.4,195949.9,664348.9,589460.0,701093.2,535507.2
7474,94072,48.351,13.312,Bayern,BY,Landkreis Passau,9275.0,"(48.351, 13.312)",338826.4,701913.0,506056.3,471226.8,302045.3,633512.2,520001.3,161269.5,705881.6,686984.3,739022.1,191494.3,675666.6,600777.7,712410.9,546824.9
7475,94078,48.8095,13.5477,Bayern,BY,Freyung-Grafenau,9272.0,"(48.8095, 13.5477)",335841.9,698928.6,503071.9,468242.3,353529.5,630527.8,568385.0,158285.1,702897.2,683999.8,736037.7,204283.2,672682.1,597793.2,709426.5,543840.5
7476,94081,48.5216,13.3175,Bayern,BY,Landkreis Passau,9275.0,"(48.5216, 13.3175)",321842.5,684929.1,489072.4,454242.9,339530.0,616528.3,554385.5,144285.6,688897.7,670000.3,722038.2,190283.7,658682.6,583793.7,695427.0,529841.0
7477,94086,48.4557,13.1939,Bayern,BY,Landkreis Passau,9275.0,"(48.4557, 13.1939)",322508.5,685595.2,489738.4,454908.9,308142.0,617194.4,526098.0,144951.7,689563.7,670666.4,722704.3,190949.7,659348.7,584459.8,696093.1,530507.1
7478,94089,48.7486,13.747,Bayern,BY,Freyung-Grafenau,9272.0,"(48.7486, 13.747)",341658.4,704745.1,508888.3,474058.8,359345.9,636344.2,574201.4,164101.6,708713.6,689816.3,741854.2,210099.6,678498.6,603609.7,715242.9,549657.0
7479,94094,48.3595,13.197,Bayern,BY,Landkreis Passau,9275.0,"(48.3595, 13.197)",345846.6,708933.3,513076.5,478247.0,296806.4,640532.4,514762.4,168289.7,712901.8,694004.5,746042.4,186255.4,682686.8,607797.9,719431.1,553845.1
7480,94099,48.4333,13.3333,Bayern,BY,Landkreis Passau,9275.0,"(48.4333, 13.3333)",330697.5,693784.1,497927.4,463097.9,311430.8,625383.3,563240.5,153140.6,697752.7,678855.4,730893.2,199138.7,667537.7,592648.7,704282.0,538696.0
7481,94104,48.72145,13.39945,Bayern,BY,Landkreis Passau,9275.0,"(48.72145, 13.39945)",312520.3,675607.0,479750.3,444920.7,330207.9,607206.2,545063.4,134963.5,679575.6,660678.2,712716.1,180961.5,649360.5,574471.6,686104.9,520518.9
7482,94107,48.5743,13.6672,Bayern,BY,Landkreis Passau,9275.0,"(48.5743, 13.6672)",336226.5,699313.2,503456.4,468626.9,353914.0,630912.3,568769.5,158669.7,703281.7,684384.4,736422.3,204667.7,673066.7,598177.8,709811.1,544225.1
7483,94110,48.6014,13.7873,Bayern,BY,Landkreis Passau,9275.0,"(48.6014, 13.7873)",347154.9,710241.5,514384.8,479555.3,364842.4,641840.7,579697.9,169598.0,714210.1,695312.7,747350.6,215596.1,683995.0,609106.1,720739.4,555153.4
7484,94113,48.6242,13.4003,Bayern,BY,Landkreis Passau,9275.0,"(48.6242, 13.4003)",310438.0,673524.6,477667.9,442838.4,328125.5,605123.8,542981.0,132881.1,677493.2,658595.9,710633.7,178879.2,647278.2,572389.2,684022.5,518436.5
7485,94116,48.6728,13.4715,Bayern,BY,Landkreis Passau,9275.0,"(48.6728, 13.4715)",314447.0,677533.6,481676.9,446847.4,332134.5,609132.8,546990.0,136890.1,681502.2,662604.9,714642.7,182888.2,651287.2,576398.3,688031.5,522445.5
7486,94118,48.7333,13.7,Bayern,BY,Freyung-Grafenau,9272.0,"(48.7333, 13.7)",335651.4,698738.0,502881.3,468051.8,353338.9,630337.2,568194.4,158094.5,702706.6,683809.3,735847.1,204092.6,672491.6,597602.7,709235.9,543649.9
7487,94121,48.6167,13.4833,Bayern,BY,Landkreis Passau,9275.0,"(48.6167, 13.4833)",322054.7,685141.4,489284.6,454455.1,339742.2,616740.5,554597.7,144497.9,689109.9,670212.6,722250.5,190495.9,658894.9,584006.0,695639.2,530053.3
7488,94124,48.6711,13.521,Bayern,BY,Landkreis Passau,9275.0,"(48.6711, 13.521)",319358.8,682445.5,486588.7,451759.2,337046.4,614044.7,551901.8,141802.0,686414.0,667516.7,719554.6,187800.0,656199.0,581310.1,692943.4,527357.4
7489,94127,48.5,13.45,Bayern,BY,Landkreis Passau,9275.0,"(48.5, 13.45)",326678.2,689764.9,493908.2,459078.6,323888.6,621364.1,559221.3,149121.4,693733.5,674836.1,726874.0,195119.5,663518.4,588629.5,700262.8,534676.8
7490,94130,48.5549,13.6373,Bayern,BY,Landkreis Passau,9275.0,"(48.5549, 13.6373)",330703.9,693790.5,497933.8,463104.3,348391.4,625389.7,563246.9,153147.0,697759.1,678861.8,730899.6,199145.1,667544.1,592655.2,704288.4,538702.4
7491,94133,48.7386,13.5227,Bayern,BY,Freyung-Grafenau,9272.0,"(48.7386, 13.5227)",323417.6,686504.2,490647.5,455818.0,341105.1,618103.4,555960.6,145860.7,690472.8,671575.4,723613.3,191858.8,660257.8,585368.8,697002.1,531416.1
7492,94136,48.6167,13.5333,Bayern,BY,Landkreis Passau,9275.0,"(48.6167, 13.5333)",324075.5,687162.2,491305.5,456475.9,341763.1,618761.4,556618.6,146518.7,691130.8,672233.4,724271.3,192516.8,660915.7,586026.8,697660.1,532074.1
7493,94137,48.4102,13.1441,Bayern,BY,Landkreis Rottal-Inn,9277.0,"(48.4102, 13.1441)",345862.9,708949.6,513092.8,478263.3,299073.2,640548.8,517029.2,168306.1,712918.1,694020.8,746058.7,136724.5,682703.1,607814.2,719447.5,553861.5
7494,94139,48.7044,13.7933,Bayern,BY,Landkreis Passau,9275.0,"(48.7044, 13.7933)",344830.4,707917.1,512060.4,477230.8,362518.0,639516.3,577373.5,167273.6,711885.7,692988.3,745026.2,213271.6,681670.6,606781.7,718415.0,552829.0
7495,94140,48.2992,13.1503,Bayern,BY,Landkreis Rottal-Inn,9277.0,"(48.2992, 13.1503)",352109.9,715196.6,519339.9,484510.3,287394.1,646795.8,505350.2,174553.1,719165.2,700267.8,752305.7,176843.2,688950.1,614061.2,725694.5,560108.5
7496,94142,48.7167,13.4667,Bayern,BY,Freyung-Grafenau,9272.0,"(48.7167, 13.4667)",318661.6,681748.2,485891.5,451062.0,336349.1,613347.4,551204.6,141104.7,685716.8,666819.4,718857.3,187102.8,655501.8,580612.8,692246.1,526660.1
7497,94143,48.8,13.65,Bayern,BY,Freyung-Grafenau,9272.0,"(48.8, 13.65)",338105.9,701192.5,505335.8,470506.3,355793.4,632791.7,570648.9,160549.0,705161.1,686263.7,738301.6,206547.1,674946.1,600057.1,711690.4,546104.4
7498,94145,48.8257,13.7765,Bayern,BY,Freyung-Grafenau,9272.0,"(48.8257, 13.7765)",351741.3,714828.0,518971.3,484141.7,369428.9,646427.2,584284.4,174184.5,718796.6,699899.2,751937.1,220182.5,688581.5,613692.6,725325.9,559739.9
7499,94146,48.8234,13.6037,Bayern,BY,Freyung-Grafenau,9272.0,"(48.8234, 13.6037)",341975.8,705062.5,509205.7,474376.2,359663.3,636661.6,574518.8,164418.9,709031.0,690133.7,742171.6,210417.0,678816.0,603927.1,715560.3,549974.4
7500,94148,48.3464,13.2672,Bayern,BY,Landkreis Passau,9275.0,"(48.3464, 13.2672)",340231.6,703318.2,507461.5,472632.0,298617.2,634917.4,516573.2,162674.7,707286.8,688389.4,740427.3,188066.2,677071.8,602182.8,713816.1,548230.1
7501,94149,48.3667,13.1167,Bayern,BY,Landkreis Passau,9275.0,"(48.3667, 13.1167)",351539.5,714626.2,518769.4,483939.9,294068.1,646225.3,512024.1,154395.2,718594.7,699697.4,751735.2,183517.1,688379.7,613490.8,725124.0,559538.0
7502,94151,48.8897,13.5846,Bayern,BY,Freyung-Grafenau,9272.0,"(48.8897, 13.5846)",337224.2,700310.8,504454.1,469624.6,354911.7,631910.0,569767.2,159667.3,704279.4,685382.0,737419.9,205665.4,674064.3,599175.4,710808.7,545222.7
7503,94152,48.4609,13.4208,Bayern,BY,Landkreis Passau,9275.0,"(48.4609, 13.4208)",331405.4,694492.1,498635.4,463805.8,316787.5,626091.3,563948.5,153848.6,698460.7,679563.3,731601.2,199846.6,668245.6,593356.7,704990.0,539404.0
7504,94154,48.6833,13.3833,Bayern,BY,Landkreis Passau,9275.0,"(48.6833, 13.3833)",305975.1,669061.8,473205.1,438375.5,323662.7,600661.0,538518.2,128418.3,673030.4,654133.0,706170.9,174416.3,642815.3,567926.4,679559.7,513973.7
7505,94157,48.7818,13.4384,Bayern,BY,Freyung-Grafenau,9272.0,"(48.7818, 13.4384)",318893.6,681980.3,486123.5,451294.0,336581.1,613579.5,551436.6,141336.8,685948.8,667051.5,719089.4,187334.8,655733.8,580844.9,692478.2,526892.2
7506,94158,48.8667,13.6833,Bayern,BY,Freyung-Grafenau,9272.0,"(48.8667, 13.6833)",349986.1,713072.8,517216.0,482386.5,367673.6,644671.9,582529.1,172429.3,717041.3,698144.0,750181.9,218427.3,686826.3,611937.4,723570.7,557984.7
7507,94160,48.8134,13.4713,Bayern,BY,Freyung-Grafenau,9272.0,"(48.8134, 13.4713)",323198.2,686284.9,490428.1,455598.6,340885.8,617884.1,555741.2,145641.4,690253.4,671356.1,723394.0,191639.4,660038.4,585149.5,696782.8,531196.8
7508,94161,48.65,13.4167,Bayern,BY,Landkreis Passau,9275.0,"(48.65, 13.4167)",309684.5,672771.2,476914.4,442084.9,327372.1,604370.4,542227.5,132127.7,676739.7,657842.4,709880.3,178125.7,646524.7,571635.8,683269.1,517683.1
7509,94163,48.7731,13.3559,Bayern,BY,Freyung-Grafenau,9272.0,"(48.7731, 13.3559)",305673.3,668759.9,472903.2,438073.7,323360.8,600359.1,538216.3,128116.4,672728.5,653831.1,705869.0,174114.5,642513.5,567624.5,679257.8,513671.8
7510,94164,48.6833,13.7167,Bayern,BY,Landkreis Passau,9275.0,"(48.6833, 13.7167)",337764.8,700851.4,504994.7,470165.2,355452.3,632450.6,570307.8,160207.9,704820.0,685922.6,737960.5,206206.0,674605.0,599716.0,711349.3,545763.3
7511,94166,48.3167,13.0833,Bayern,BY,Landkreis Rottal-Inn,9277.0,"(48.3167, 13.0833)",361528.0,724614.7,528757.9,493928.4,285702.8,656213.8,503658.8,160185.2,728583.2,709685.9,761723.7,175151.8,698368.2,623479.3,735112.5,569526.5
7512,94167,48.4428,13.2696,Bayern,BY,Landkreis Passau,9275.0,"(48.4428, 13.2696)",336268.4,699355.0,503498.3,468668.8,311909.3,630954.2,529865.4,158711.5,703323.6,684426.3,736464.1,204709.6,673108.6,598219.6,709852.9,544266.9
7513,94169,48.7663,13.3155,Bayern,BY,Freyung-Grafenau,9272.0,"(48.7663, 13.3155)",303932.1,667018.8,471162.0,436332.5,321619.6,598617.9,536475.1,126375.3,670987.3,652090.0,704127.9,172373.3,640772.3,565883.4,677516.7,511930.7
7514,94209,48.9719,13.1282,Bayern,BY,Landkreis Regen,9276.0,"(48.9719, 13.1282)",294311.0,657397.6,404174.0,426711.4,311643.5,531629.9,526854.0,116754.1,661366.2,642468.8,694506.7,162752.2,631151.2,556262.2,667895.5,502309.5
7515,94227,49.02685,13.24595,Bayern,BY,Landkreis Regen,9276.0,"(49.02685, 13.24595)",308010.0,671096.7,410913.7,440410.4,325342.5,538369.6,540553.0,130453.2,675065.2,656167.9,708205.8,176451.2,644850.2,569961.3,681594.6,516008.6
7516,94234,49.08,12.8857,Bayern,BY,Landkreis Regen,9276.0,"(49.08, 12.8857)",275602.0,638688.7,381353.7,408002.4,317517.0,508809.6,508145.0,98045.2,642657.2,623759.9,675797.8,144043.2,612442.2,537553.3,649186.5,483600.6
7517,94239,48.97223333333333,12.983399999999998,Bayern,BY,Landkreis Regen,9276.0,"(48.97223333333333, 12.983399999999998)",285248.3,648335.0,395562.6,417648.7,302580.8,523018.5,517791.3,107691.4,652303.5,633406.2,685444.1,153689.5,622088.5,547199.6,658832.8,493246.9
7518,94244,49.0434,12.98475,Bayern,BY,Landkreis Regen,9276.0,"(49.0434, 12.98475)",284171.9,647258.5,390908.0,416572.3,311123.5,518363.9,516714.9,106615.0,651227.1,632329.7,684367.6,152613.1,621012.1,546123.1,657756.4,492170.4
7519,94249,49.0667,13.1,Bayern,BY,Landkreis Regen,9276.0,"(49.0667, 13.1)",273619.7,636706.4,395316.1,406020.1,319559.5,522772.0,505825.8,117624.0,640674.9,621777.6,673815.5,163622.1,610459.9,535571.0,647204.2,481618.3
7520,94250,48.9717,12.9351,Bayern,BY,Landkreis Regen,9276.0,"(48.9717, 12.9351)",278712.6,641799.3,398956.7,411113.0,303849.5,526412.6,511255.6,101155.7,645767.8,626870.5,678908.4,147153.8,615552.8,540663.9,652297.1,486711.2
7521,94252,49.1167,13.2,Bayern,BY,Landkreis Regen,9276.0,"(49.1167, 13.2)",321115.3,684201.9,412633.5,453515.7,338447.8,540089.4,553658.3,143558.4,688170.5,669273.1,721311.0,189556.5,657955.4,583066.5,694699.8,529113.8
7522,94253,48.918,13.0818,Bayern,BY,Landkreis Regen,9276.0,"(48.918, 13.0818)",285616.9,648703.5,452846.8,418017.3,302949.4,580302.7,518159.9,108060.0,652672.1,633774.7,685812.6,154058.1,622457.0,547568.1,659201.4,493615.4
7523,94255,49.0562,13.0347,Bayern,BY,Landkreis Regen,9276.0,"(49.0562, 13.0347)",289999.6,653086.2,396735.7,422400.0,314378.2,524191.6,522542.6,112442.7,657054.8,638157.4,690195.3,158440.8,626839.7,551950.8,663584.1,497998.1
7524,94256,49.1076,13.0118,Bayern,BY,Landkreis Regen,9276.0,"(49.1076, 13.0118)",265409.5,628496.1,387105.8,397809.9,321478.3,514561.8,497615.5,114012.1,632464.7,613567.4,665605.2,160010.2,602249.7,527360.8,638994.0,473408.0
7525,94258,48.9889,13.3007,Bayern,BY,Landkreis Regen,9276.0,"(48.9889, 13.3007)",312247.5,675334.1,416301.7,444647.9,329580.0,543757.7,544790.5,134690.6,679302.7,660405.4,712443.2,180688.7,649087.7,574198.8,685832.0,520246.0
