,zipcode,lat,long,state,state_code,community_name,community_code,coor,AKB Kitzingen,AKB Dortmund,AKB Zörbig,AKB Schöneck,AKB Buch,Mosolf Etzin,Mosolf Kippenheim,BLG Kelheim,BLG Duisburg,BLG Neuss,Carservice Erkens,ARS Altmann Wolnzach,CAT Zülpich,Autohaus Siebrecht,Neu: FleetParQ Essen ,Neu: FleetParQ Kassel
5986,82343,47.9667,11.3,Bayern,BY,Starnberg,9188.0,"(47.9667, 11.3)",309510.1,674646.4,482723.7,445734.9,142010.9,610179.7,394046.9,138797.6,680389.7,661492.4,713530.2,92713.0,601549.1,573511.0,686919.0,519558.3
5987,82346,47.9746,11.1828,Bayern,BY,Starnberg,9188.0,"(47.9746, 11.1828)",305264.4,670400.8,487390.8,441489.3,129359.6,614846.7,389801.2,143464.7,676144.1,657246.7,709284.6,97380.1,597303.5,569265.4,682673.4,515312.7
5988,82347,47.866,11.2939,Bayern,BY,Landkreis Weilheim-Schongau,9190.0,"(47.866, 11.2939)",325620.6,690756.9,498834.2,461845.4,136890.0,626290.1,410157.4,154908.1,696500.2,677602.8,729640.7,108823.5,617659.6,589621.5,703029.5,535668.8
5989,82349,48.1,11.4,Bayern,BY,Starnberg,9188.0,"(48.1, 11.4)",289888.8,655025.2,463102.5,426113.6,134085.8,590558.4,374425.6,119176.4,660768.5,641871.1,693909.0,73091.8,581927.9,553889.8,667297.8,499937.1
5990,82362,47.8376,11.1489,Bayern,BY,Landkreis Weilheim-Schongau,9190.0,"(47.8376, 11.1489)",321403.9,686540.3,503330.9,457628.7,132440.1,630786.8,414654.0,159404.7,692283.5,673386.2,725424.1,113320.1,622156.2,585404.9,698812.9,531452.2
5991,82377,47.7529,11.377,Bayern,BY,Landkreis Weilheim-Schongau,9190.0,"(47.7529, 11.377)",336926.8,702063.2,501482.7,473151.6,175605.2,628938.6,421463.6,157556.6,707806.4,688909.1,740947.0,111472.0,628965.9,600927.8,714335.8,546975.1
5992,82380,47.8047,11.0699,Bayern,BY,Landkreis Weilheim-Schongau,9190.0,"(47.8047, 11.0699)",320632.8,685769.1,511518.8,456857.6,131669.0,638974.7,405409.7,167592.7,691512.4,672615.1,724652.9,121508.1,612911.9,584633.7,698041.7,530681.0
5993,82383,47.8,11.0,Bayern,BY,Landkreis Weilheim-Schongau,9190.0,"(47.8, 11.0)",318318.7,683455.1,519680.0,454543.5,129354.9,647135.9,403095.6,175753.9,689198.3,670301.0,722338.9,129669.3,610597.9,582319.7,695727.7,528367.0
5994,82386,47.775,11.15,Bayern,BY,Landkreis Weilheim-Schongau,9190.0,"(47.775, 11.15)",334739.9,699876.3,512683.3,470964.7,145776.2,640139.3,419516.8,168757.2,705619.6,686722.2,738760.1,122672.6,627019.1,598740.9,712148.9,544788.2
5995,82387,47.7513,11.3085,Bayern,BY,Landkreis Weilheim-Schongau,9190.0,"(47.7513, 11.3085)",337269.8,702406.1,501825.7,473494.6,149271.1,629281.6,421806.6,157899.6,708149.4,689252.0,741289.9,111814.9,629308.8,601270.7,714678.7,547318.0
5996,82389,47.7556,10.9888,Bayern,BY,Landkreis Weilheim-Schongau,9190.0,"(47.7556, 10.9888)",322571.6,687707.9,521147.0,458796.4,133607.8,648602.9,407348.5,177220.9,693451.2,674553.9,726591.7,131136.3,614850.7,586572.5,699980.5,532619.8
5997,82390,47.7917,11.2,Bayern,BY,Landkreis Weilheim-Schongau,9190.0,"(47.7917, 11.2)",341997.7,707134.1,506553.6,478222.5,139516.3,634009.5,426534.5,162627.5,712877.3,693980.0,746017.9,116542.9,634036.8,605998.7,719406.7,552046.0
5998,82392,47.7333,11.2833,Bayern,BY,Landkreis Weilheim-Schongau,9190.0,"(47.7333, 11.2833)",342585.9,707722.2,507141.8,478810.7,152847.3,634597.7,427122.7,163215.7,713465.5,694568.1,746606.0,117131.0,634624.9,606586.8,719994.8,552634.1
5999,82393,47.7667,11.3167,Bayern,BY,Landkreis Weilheim-Schongau,9190.0,"(47.7667, 11.3167)",335448.9,700585.2,500004.8,471673.7,174127.3,627460.7,419985.7,156078.7,706328.5,687431.2,739469.0,109994.0,627487.9,599449.8,712857.8,545497.1
6000,82395,47.7333,11.2167,Bayern,BY,Landkreis Weilheim-Schongau,9190.0,"(47.7333, 11.2167)",348107.2,713243.6,512663.1,484332.0,146901.6,640119.0,432644.0,168737.0,718986.8,700089.5,752127.4,122652.4,640146.3,612108.2,725516.2,558155.5
6001,82396,47.9,11.1833,Bayern,BY,Landkreis Weilheim-Schongau,9190.0,"(47.9, 11.1833)",322970.0,688106.4,496183.7,459194.9,123982.6,623639.6,407506.8,152257.6,693849.7,674952.3,726990.2,106173.0,615009.1,586971.0,700379.0,533018.3
6002,82398,47.811,11.1324,Bayern,BY,Landkreis Weilheim-Schongau,9190.0,"(47.811, 11.1324)",323891.5,689027.9,506526.0,460116.3,134927.7,633981.9,417849.1,162599.9,694771.1,675873.8,727911.7,116515.3,625351.4,587892.5,701300.5,533939.8
6003,82399,47.9167,11.1,Bayern,BY,Landkreis Weilheim-Schongau,9190.0,"(47.9167, 11.1)",308715.8,673852.2,502622.4,444940.7,119752.1,630078.4,393492.7,158696.3,679595.5,660698.1,712736.0,112611.7,600995.0,572716.8,686124.8,518764.1
6004,82401,47.7333,10.9667,Bayern,BY,Landkreis Weilheim-Schongau,9190.0,"(47.7333, 10.9667)",318668.1,683804.5,546611.9,454892.9,129704.3,674067.8,403445.0,202685.8,689547.7,670650.4,722688.3,156601.2,610947.2,582669.1,696077.0,528716.4
6005,82402,47.8247,11.3022,Bayern,BY,Landkreis Weilheim-Schongau,9190.0,"(47.8247, 11.3022)",331927.0,697063.4,496482.9,468151.8,142512.6,623938.8,416463.8,152556.8,702806.6,683909.3,735947.2,106472.2,623966.0,595928.0,709336.0,541975.3
6006,82404,47.7246,11.3329,Bayern,BY,Landkreis Weilheim-Schongau,9190.0,"(47.7246, 11.3329)",339697.4,704833.8,504253.3,475922.2,178375.8,631709.2,424234.2,160327.2,710577.0,691679.7,743717.6,114242.6,631736.4,603698.4,717106.4,549745.7
6007,82405,47.8741,11.0246,Bayern,BY,Landkreis Weilheim-Schongau,9190.0,"(47.8741, 11.0246)",309932.5,675068.9,513581.9,446157.3,120968.7,641037.8,394709.4,169655.8,680812.1,661914.8,713952.7,123571.2,602211.6,573933.5,687341.4,519980.8
6008,82407,47.874,11.1592,Bayern,BY,Landkreis Weilheim-Schongau,9190.0,"(47.874, 11.1592)",326497.5,691633.9,499711.1,462722.3,126879.9,627167.1,411034.3,155785.0,697377.1,678479.8,730517.7,109700.4,618536.5,590498.5,703906.4,536545.8
6009,82409,47.7015,10.9375,Bayern,BY,Landkreis Weilheim-Schongau,9190.0,"(47.7015, 10.9375)",313145.8,678282.2,552671.1,449370.6,124182.0,680127.0,397922.7,208745.0,684025.4,665128.1,717166.0,162660.4,605425.0,577146.8,690554.8,523194.1
6010,82418,47.689600000000006,11.2067,Bayern,BY,Landkreis Garmisch-Partenkirchen,9180.0,"(47.689600000000006, 11.2067)",351239.5,716375.9,515795.4,487464.3,148694.3,643251.4,435776.3,171869.3,722119.2,703221.8,755259.7,125784.7,643278.6,615240.5,728648.5,561287.8
6011,82431,47.6586,11.3682,Bayern,BY,Landkreis Bad Tölz-Wolfratshausen,9173.0,"(47.6586, 11.3682)",354463.0,719599.3,519018.9,490687.8,193141.4,646474.8,438999.8,175092.8,725342.6,706445.3,758483.1,129008.2,646502.0,618463.9,731871.9,564511.2
6012,82432,47.6167,11.35,Bayern,BY,Landkreis Bad Tölz-Wolfratshausen,9173.0,"(47.6167, 11.35)",363595.7,728732.0,528151.6,499820.5,202274.1,655607.5,448132.5,184225.5,734475.3,715577.9,767615.8,138140.8,655634.7,627596.6,741004.6,573643.9
6013,82433,47.6667,11.05,Bayern,BY,Landkreis Garmisch-Partenkirchen,9180.0,"(47.6667, 11.05)",324022.7,689159.1,528688.3,460247.5,135058.9,656144.2,408799.6,184762.2,694902.3,676005.0,728042.9,138677.6,616301.9,588023.7,701431.7,534071.0
6014,82435,47.6833,11.0,Bayern,BY,Landkreis Garmisch-Partenkirchen,9180.0,"(47.6833, 11.0)",320001.3,685137.6,534374.4,456226.1,131037.5,661830.3,404778.2,190448.3,690880.9,671983.6,724021.4,144363.6,612280.4,584002.3,697410.2,530049.5
6015,82436,47.7333,11.1833,Bayern,BY,Landkreis Weilheim-Schongau,9190.0,"(47.7333, 11.1833)",350533.5,715669.8,515089.4,486758.3,145746.3,642545.3,435070.3,171163.3,721413.1,702515.8,754553.6,125078.7,642572.5,614534.5,727942.4,560581.7
6016,82438,47.6,11.1833,Bayern,BY,Landkreis Garmisch-Partenkirchen,9180.0,"(47.6, 11.1833)",358202.1,723338.4,522758.0,494426.9,156664.2,650213.9,442738.9,178831.9,729081.7,710184.3,762222.2,132747.2,650241.1,622203.0,735611.0,568250.3
6017,82439,47.676,11.3011,Bayern,BY,Landkreis Garmisch-Partenkirchen,9180.0,"(47.676, 11.3011)",347449.8,712586.1,512005.7,483674.6,186128.2,639461.6,431986.6,168079.6,718329.4,699432.1,751469.9,121995.0,639488.8,611450.8,724858.7,557498.0
6018,82441,47.6333,11.2333,Bayern,BY,Landkreis Garmisch-Partenkirchen,9180.0,"(47.6333, 11.2333)",352699.3,717835.7,517255.2,488924.1,155380.2,644711.2,437236.1,173329.1,723578.9,704681.6,756719.5,127244.5,644738.4,616700.3,730108.3,562747.6
6019,82442,47.6664,11.0247,Bayern,BY,Landkreis Garmisch-Partenkirchen,9180.0,"(47.6664, 11.0247)",322591.0,687727.4,531008.5,458815.8,133627.2,658464.5,407367.9,187082.4,693470.6,674573.3,726611.2,140997.8,614870.2,586592.0,700000.0,532639.3
6020,82444,47.658,11.3149,Bayern,BY,Landkreis Bad Tölz-Wolfratshausen,9173.0,"(47.658, 11.3149)",349808.5,714944.9,514364.4,486033.3,188486.9,641820.3,434345.3,170438.3,720688.1,701790.8,753828.6,124353.7,641847.5,613809.5,727217.4,559856.7
6021,82445,47.6167,11.15,Bayern,BY,Landkreis Garmisch-Partenkirchen,9180.0,"(47.6167, 11.15)",360179.8,725316.2,524735.7,496404.6,148455.9,652191.6,444716.6,180809.6,731059.4,712162.1,764200.0,134725.0,652218.8,624180.8,737588.7,570228.1
6022,82447,47.7167,11.2,Bayern,BY,Landkreis Garmisch-Partenkirchen,9180.0,"(47.7167, 11.2)",348948.6,714085.0,513504.5,485173.4,147080.2,640960.5,433485.4,169578.4,719828.2,700930.9,752968.8,123493.8,640987.7,612949.6,726357.6,558996.9
6023,82449,47.7167,11.15,Bayern,BY,Landkreis Garmisch-Partenkirchen,9180.0,"(47.7167, 11.15)",353318.3,718454.7,517874.3,489543.2,148917.5,645330.2,437855.1,173948.2,724198.0,705300.6,757338.5,127863.5,645357.4,617319.3,730727.3,563366.6
6024,82467,47.4921,11.0958,Bayern,BY,Landkreis Garmisch-Partenkirchen,9180.0,"(47.4921, 11.0958)",347848.0,712984.4,537960.2,484072.8,158884.2,665416.1,432624.9,194034.1,718727.6,699830.3,751868.2,147949.5,640127.1,611849.0,725256.9,557896.3
6025,82475,,,,,,,"(nan, nan)",0.0,0.0,0.0,0.0,0.0,0.0,0.0,0.0,0.0,0.0,0.0,0.0,0.0,0.0,0.0,0.0
6026,82481,47.4422,11.2619,Bayern,BY,Landkreis Garmisch-Partenkirchen,9180.0,"(47.4422, 11.2619)",365496.2,730632.5,554213.4,501721.0,176532.4,681669.3,450273.1,210287.3,736375.8,717478.5,769516.3,164202.6,657775.3,629497.1,742905.1,575544.4
6027,82487,47.5981,11.0669,Bayern,BY,Landkreis Garmisch-Partenkirchen,9180.0,"(47.5981, 11.0669)",332597.7,697734.1,538477.5,468822.5,143633.9,665933.4,417374.6,194551.4,703477.3,684580.0,736617.9,148466.8,624876.9,596598.7,710006.7,542646.0
6028,82488,47.5667,11.1,Bayern,BY,Landkreis Garmisch-Partenkirchen,9180.0,"(47.5667, 11.1)",337313.7,702450.1,533407.8,473538.5,148349.9,660863.7,422090.6,189481.7,708193.3,689296.0,741333.9,143397.0,629592.9,601314.7,714722.7,547362.0
6029,82490,47.5304,11.1115,Bayern,BY,Landkreis Garmisch-Partenkirchen,9180.0,"(47.5304, 11.1115)",368210.6,733346.9,532766.5,504435.4,163237.0,660222.4,452747.4,188840.4,739090.2,720192.9,772230.7,142755.8,660249.6,632211.6,745619.5,578258.8
6030,82491,47.4761,11.0241,Bayern,BY,Landkreis Garmisch-Partenkirchen,9180.0,"(47.4761, 11.0241)",344949.8,710086.1,544171.1,481174.6,155986.0,671627.1,429726.7,200245.0,715829.4,696932.0,748969.9,154160.4,637228.9,608950.7,722358.7,554998.0
6031,82493,47.5,11.2833,Bayern,BY,Landkreis Garmisch-Partenkirchen,9180.0,"(47.5, 11.2833)",365622.6,730759.0,554339.8,501847.4,176658.8,681795.7,450399.5,210413.7,736502.2,717604.9,769642.8,164329.1,657901.8,629623.6,743031.6,575670.9
6032,82494,47.5052,11.2792,Bayern,BY,Landkreis Garmisch-Partenkirchen,9180.0,"(47.5052, 11.2792)",364917.2,730053.6,553634.5,501142.1,175953.5,681090.4,449694.1,209708.3,735796.9,716899.5,768937.4,163623.7,657196.4,628918.2,742326.2,574965.5
6033,82496,47.5598,11.1392,Bayern,BY,Landkreis Garmisch-Partenkirchen,9180.0,"(47.5598, 11.1392)",363685.4,728821.8,528241.3,499910.2,153747.9,655697.3,448222.2,184315.2,734565.0,715667.7,767705.6,138230.6,655724.5,627686.4,741094.4,573733.7
6034,82497,47.6166,11.0272,Bayern,BY,Landkreis Garmisch-Partenkirchen,9180.0,"(47.6166, 11.0272)",328568.1,693704.4,542447.3,464792.9,139604.3,669903.2,413345.0,198521.2,699447.7,680550.4,732588.2,152436.6,620847.2,592569.1,705977.0,538616.3
6035,82499,47.5167,11.2833,Bayern,BY,Landkreis Garmisch-Partenkirchen,9180.0,"(47.5167, 11.2833)",366251.4,731387.7,542127.0,502476.2,177287.6,669582.9,451028.3,198200.8,737131.0,718233.7,770271.5,152116.2,658530.5,630252.3,743660.3,576299.6
6036,82515,47.9129,11.4217,Bayern,BY,Landkreis Bad Tölz-Wolfratshausen,9173.0,"(47.9129, 11.4217)",320793.2,685929.6,485349.1,457018.0,159471.6,612805.0,405330.0,141423.0,691672.8,672775.5,724813.4,95338.4,612832.2,584794.2,698202.1,530841.5
6037,82538,47.8577,11.4805,Bayern,BY,Landkreis Bad Tölz-Wolfratshausen,9173.0,"(47.8577, 11.4805)",327690.1,681560.8,498832.1,463914.9,166368.6,626288.0,412226.9,154905.9,698569.8,679672.4,731710.3,108821.3,619729.2,580425.4,705099.1,526472.7
6038,82541,47.9,11.3667,Bayern,BY,Landkreis Bad Tölz-Wolfratshausen,9173.0,"(47.9, 11.3667)",319874.1,685010.5,484430.1,456098.9,158552.6,611886.0,404410.9,140503.9,690753.8,671856.4,723894.3,94419.3,611913.2,583875.1,697283.1,529922.4
6039,82544,47.9232,11.5052,Bayern,BY,Landkreis Bad Tölz-Wolfratshausen,9173.0,"(47.9232, 11.5052)",307906.1,670992.7,488264.0,440306.5,166379.9,615719.9,412238.2,144337.9,674961.3,656063.9,708101.8,98253.3,644746.3,569857.3,681490.6,515904.6
6040,82547,47.8539,11.4059,Bayern,BY,Landkreis Bad Tölz-Wolfratshausen,9173.0,"(47.8539, 11.4059)",324375.9,689512.3,488931.8,460600.7,163054.4,616387.8,408912.7,145005.7,695255.6,676358.2,728396.1,98921.1,616415.0,588376.9,701784.9,534424.2
6041,82549,47.8155,11.4806,Bayern,BY,Landkreis Bad Tölz-Wolfratshausen,9173.0,"(47.8155, 11.4806)",331886.3,684847.6,502118.9,468111.1,170564.7,629574.8,416423.1,158192.8,702765.9,683868.6,735906.5,112108.1,623925.3,583712.2,709295.3,529759.5
6042,83022,47.855,12.1232,Bayern,BY,Rosenheim,9163.0,"(47.855, 12.1232)",338547.6,701634.2,518905.5,470948.0,239445.8,646361.5,457401.9,174979.4,705602.8,686705.5,738743.3,128894.8,675387.8,600498.9,712132.1,546546.1
6043,83024,47.8748,12.111,Bayern,BY,Rosenheim,9163.0,"(47.8748, 12.111)",339724.9,702811.5,520082.8,472125.3,240623.1,647538.8,458579.2,176156.7,706780.1,687882.8,739920.6,130072.1,676565.1,601676.1,713309.4,547723.4
6044,83026,47.8391,12.1026,Bayern,BY,Rosenheim,9163.0,"(47.8391, 12.1026)",336282.2,699368.9,516640.2,468682.6,237180.5,644096.1,455136.5,172714.1,703337.5,684440.1,736478.0,126629.5,673122.4,598233.5,709866.8,544280.8
6045,83043,47.8638,12.0105,Bayern,BY,Landkreis Rosenheim,9187.0,"(47.8638, 12.0105)",332592.3,695679.0,512950.3,464992.7,233490.6,640406.2,451446.6,169024.2,699647.6,680750.2,732788.1,122939.6,669432.5,594543.6,706176.9,540590.9
6046,83052,47.8786,11.911,Bayern,BY,Landkreis Rosenheim,9187.0,"(47.8786, 11.911)",311825.8,674912.5,492183.8,444226.2,212724.0,619639.7,430680.1,148257.7,678881.0,659983.7,712021.6,102173.0,648666.0,573777.1,685410.4,519824.4
6047,83059,47.8496,12.067,Bayern,BY,Landkreis Rosenheim,9187.0,"(47.8496, 12.067)",336434.2,699520.8,516792.1,468834.6,237332.4,644248.0,455288.4,172866.0,703489.4,684592.0,736629.9,126781.4,673274.4,598385.4,710018.7,544432.7
6048,83064,47.7905,12.1109,Bayern,BY,Landkreis Rosenheim,9187.0,"(47.7905, 12.1109)",336999.9,700086.6,517357.9,469400.3,237898.1,644813.8,455854.2,173431.8,704055.1,685157.8,737195.7,127347.1,673840.1,598951.2,710584.5,544998.5
6049,83071,47.8539,12.1856,Bayern,BY,Landkreis Rosenheim,9187.0,"(47.8539, 12.1856)",344900.0,707986.7,525258.0,477300.4,245798.3,652713.9,463754.3,181331.9,711955.3,693057.9,745095.8,135247.3,681740.2,606851.3,718484.6,552898.6
6050,83075,47.7733,12.0097,Bayern,BY,Landkreis Rosenheim,9187.0,"(47.7733, 12.0097)",332329.5,695416.2,512687.4,464729.9,233227.7,640143.4,451183.8,168761.3,699384.7,680487.4,732525.2,122676.7,669169.7,594280.8,705914.0,540328.0
6051,83080,47.6482,12.1724,Bayern,BY,Landkreis Rosenheim,9187.0,"(47.6482, 12.1724)",354287.2,717373.8,534645.1,486687.6,255185.4,662101.0,473141.4,190719.0,721342.4,702445.0,754482.9,144634.4,691127.3,616238.4,727871.7,562285.7
6052,83083,47.8387,12.2078,Bayern,BY,Landkreis Rosenheim,9187.0,"(47.8387, 12.2078)",345176.6,708263.3,525534.6,477577.1,246074.9,652990.5,464030.9,181608.5,712231.9,693334.5,745372.4,135523.9,682016.8,607127.9,718761.2,553175.2
6053,83088,47.6141,12.191,Bayern,BY,Landkreis Rosenheim,9187.0,"(47.6141, 12.191)",358097.3,721183.9,538455.2,490497.7,258995.5,665911.1,476951.5,194529.1,725152.5,706255.1,758293.0,148444.5,694937.4,620048.5,731681.8,566095.8
6054,83093,47.909,12.2979,Bayern,BY,Landkreis Rosenheim,9187.0,"(47.909, 12.2979)",329146.8,692233.5,509504.8,461547.2,230045.0,636960.7,448001.1,165578.6,696202.0,677304.7,729342.6,119494.0,665987.0,591098.1,702731.3,537145.4
6055,83098,47.74,12.0917,Bayern,BY,Landkreis Rosenheim,9187.0,"(47.74, 12.0917)",342050.9,705137.6,522408.9,474451.3,242949.1,649864.8,460905.2,178482.8,709106.1,690208.8,742246.7,132398.1,678891.1,604002.2,715635.5,550049.5
6056,83101,47.7971,12.1701,Bayern,BY,Landkreis Rosenheim,9187.0,"(47.7971, 12.1701)",338664.9,701751.6,519022.9,471065.3,239563.2,646478.8,457519.2,175096.8,705720.2,686822.8,738860.7,129012.2,675505.1,600616.2,712249.5,546663.5
6057,83104,47.9351,12.0152,Bayern,BY,Landkreis Rosenheim,9187.0,"(47.9351, 12.0152)",307727.8,670814.4,488085.7,440128.2,208626.0,615541.6,426582.0,144159.6,674783.0,655885.6,707923.5,98075.0,644567.9,569679.0,681312.3,515726.3
6058,83109,47.891,12.081,Bayern,BY,Landkreis Rosenheim,9187.0,"(47.891, 12.081)",317739.1,680825.8,498097.1,450139.5,218637.3,625553.0,436593.4,154170.9,684794.3,665897.0,717934.9,108086.3,654579.3,579690.4,691323.7,525737.7
6059,83112,47.8038,12.2851,Bayern,BY,Landkreis Rosenheim,9187.0,"(47.8038, 12.2851)",348896.0,711982.6,529253.9,481296.4,249794.2,656709.8,467750.2,185327.8,715951.2,697053.8,749091.7,139243.2,685736.2,610847.2,722480.5,556894.5
6060,83115,47.7737,12.14,Bayern,BY,Landkreis Rosenheim,9187.0,"(47.7737, 12.14)",341903.0,704989.6,522260.9,474303.4,242801.2,649716.9,460757.3,178334.8,708958.2,690060.9,742098.7,132250.2,678743.2,603854.2,715487.5,549901.5
6061,83119,48.0005,12.4053,Bayern,BY,Landkreis Traunstein,9189.0,"(48.0005, 12.4053)",332062.5,695149.1,512420.4,464462.9,232960.7,639876.3,450916.7,168494.3,699117.7,680220.3,732258.2,122409.7,668902.7,594013.7,705647.0,540061.0
6062,83122,47.7765,12.1914,Bayern,BY,Landkreis Rosenheim,9187.0,"(47.7765, 12.1914)",343454.8,706541.4,523812.7,475855.2,244353.0,651268.6,462309.0,179886.6,710510.0,691612.6,743650.5,133802.0,680295.0,605406.0,717039.3,551453.3
6063,83123,47.9914,12.3079,Bayern,BY,Landkreis Rosenheim,9187.0,"(47.9914, 12.3079)",328467.9,691554.6,508825.9,460868.3,229366.1,636281.8,447322.2,164899.8,695523.1,676625.8,728663.7,118815.1,665308.1,590419.2,702052.5,536466.5
6064,83125,47.927,12.3792,Bayern,BY,Landkreis Rosenheim,9187.0,"(47.927, 12.3792)",334106.7,697193.4,514464.7,466507.1,235004.9,641920.6,452961.0,170538.6,701161.9,682264.6,734302.5,124453.9,670946.9,596058.0,707691.3,542105.3
6065,83126,47.7258,12.1242,Bayern,BY,Landkreis Rosenheim,9187.0,"(47.7258, 12.1242)",343456.4,706543.1,523814.4,475856.8,244354.6,651270.3,462310.7,179888.3,710511.6,691614.3,743652.2,133803.7,680296.6,605407.7,717041.0,551455.0
6066,83128,47.952,12.2752,Bayern,BY,Landkreis Rosenheim,9187.0,"(47.952, 12.2752)",323908.1,686994.7,504266.0,456308.5,224806.3,631722.0,442762.3,160339.9,690963.3,672066.0,724103.8,114255.3,660748.3,585859.3,697492.6,531906.6
6067,83129,47.9538,12.3291,Bayern,BY,Landkreis Rosenheim,9187.0,"(47.9538, 12.3291)",328626.1,691712.7,508984.0,461026.5,229524.3,636439.9,447480.3,165057.9,695681.3,676783.9,728821.8,118973.3,665466.3,590577.3,702210.6,536624.6
