,zipcode,lat,long,state,state_code,community_name,community_code,coor,AKB Kitzingen,AKB Dortmund,AKB Zörbig,AKB Schöneck,AKB Buch,Mosolf Etzin,Mosolf Kippenheim,BLG Kelheim,BLG Duisburg,BLG Neuss,Carservice Erkens,ARS Altmann Wolnzach,CAT Zülpich,Autohaus Siebrecht,Neu: FleetParQ Essen ,Neu: FleetParQ Kassel
7931,97494,50.2167,10.5167,Bayern,BY,Landkreis Haßberge,9674.0,"(50.2167, 10.5167)",88144.6,341809.6,285938.6,171199.0,283075.2,413394.5,376697.6,232295.8,420890.7,387397.2,447864.8,239988.6,425298.5,240674.2,378461.4,186721.5
7932,97496,50.1415,10.6498,Bayern,BY,Landkreis Haßberge,9674.0,"(50.1415, 10.6498)",85227.0,385454.0,298978.5,210420.2,280157.6,426434.4,373780.1,210621.0,464535.1,433698.6,491509.1,218313.8,422380.9,284318.6,422105.7,230365.9
7933,97497,49.9071,10.3903,Bayern,BY,Landkreis Schweinfurt,9678.0,"(49.9071, 10.3903)",40361.5,367355.5,310202.7,172761.9,235292.1,437658.6,328600.9,203781.0,407416.7,388519.4,440557.3,211473.9,377201.7,266220.1,404007.3,212267.4
7934,97499,49.9667,10.4167,Bayern,BY,Landkreis Schweinfurt,9678.0,"(49.9667, 10.4167)",42053.7,367550.6,306441.9,192516.8,245762.7,433897.8,339071.4,218654.4,417887.3,398990.0,473605.8,226347.3,387672.3,266415.2,404202.4,212462.5
7935,97500,49.9857,10.6744,Bayern,BY,Landkreis Haßberge,9674.0,"(49.9857, 10.6744)",81760.3,381987.3,284114.6,206953.5,276690.9,411570.5,370313.4,196327.1,461068.4,430231.9,488042.4,204020.0,418914.2,280851.9,418639.0,226899.2
7936,97502,50.062,10.1369,Bayern,BY,Landkreis Schweinfurt,9678.0,"(50.062, 10.1369)",49060.5,334821.4,307565.5,159787.6,243991.0,435021.4,337613.5,240895.3,413902.5,384301.7,440876.6,248588.1,386214.3,233686.0,371473.2,179733.3
7937,97503,50.0333,10.35,Bayern,BY,Landkreis Haßberge,9674.0,"(50.0333, 10.35)",60850.9,361077.8,316010.6,186044.0,255781.5,443466.6,349403.9,228223.2,440158.9,409322.5,467133.0,235916.0,398004.8,259942.4,397729.6,205989.7
7938,97505,50.0429,10.1561,Bayern,BY,Landkreis Schweinfurt,9678.0,"(50.0429, 10.1561)",43659.1,343886.0,308875.1,168852.3,238589.7,436331.0,332212.1,241825.4,422967.1,392130.7,449941.2,249518.2,380813.0,242750.7,380537.8,188797.9
7939,97506,50.0,10.2,Bayern,BY,Landkreis Schweinfurt,9678.0,"(50.0, 10.2)",48021.7,348248.7,321238.7,173214.9,242952.3,448694.6,336574.8,233451.2,427329.8,396493.3,454303.9,241144.1,385175.6,247113.3,384900.5,193160.6
7940,97508,49.9833,10.3167,Bayern,BY,Landkreis Schweinfurt,9678.0,"(49.9833, 10.3167)",56443.3,356670.3,317557.9,181636.5,251373.9,445013.8,344996.4,229770.4,435751.4,404914.9,462725.4,237463.3,393597.2,255534.9,393322.0,201582.2
7941,97509,49.9167,10.2333,Bayern,BY,Landkreis Schweinfurt,9678.0,"(49.9167, 10.2333)",27171.3,361084.1,330191.8,162086.4,224616.6,457647.7,317925.4,215200.6,396741.2,377843.9,429881.8,222893.5,366526.2,259948.8,397735.9,205996.0
7942,97511,49.8681,10.3213,Bayern,BY,Landkreis Schweinfurt,9678.0,"(49.8681, 10.3213)",26948.3,370791.9,319973.2,161863.4,224393.6,447429.1,317702.4,200195.0,396518.2,377620.9,429658.8,207887.8,366303.2,269656.5,407443.7,215703.8
7943,97513,49.9,10.4333,Bayern,BY,Landkreis Schweinfurt,9678.0,"(49.9, 10.4333)",44012.4,371006.4,308000.0,176412.8,238943.0,435455.9,332251.8,197711.4,411067.6,392170.3,444208.2,205404.2,380852.6,269871.0,407658.2,215918.3
7944,97514,49.9271,10.6333,Bayern,BY,Landkreis Haßberge,9674.0,"(49.9271, 10.6333)",83502.2,383729.1,288434.7,208695.3,278432.8,415890.6,354687.2,200647.2,433503.0,414605.7,489784.3,208340.1,403288.0,282593.7,420380.9,228641.0
7945,97516,49.8605,10.41,Bayern,BY,Landkreis Schweinfurt,9678.0,"(49.8605, 10.41)",29448.9,372035.3,314179.2,169231.3,231761.5,441635.1,325070.2,194467.1,403886.1,384988.7,437026.6,202160.0,373671.1,270899.9,408687.1,216947.2
7946,97517,50.1654,10.2048,Bayern,BY,Landkreis Bad Kissingen,9672.0,"(50.1654, 10.2048)",64404.5,333258.1,296445.4,158224.3,259335.1,423901.3,352957.6,256239.3,412339.2,382738.4,439313.3,263932.2,382391.1,232122.7,369909.9,178170.0
7947,97519,50.1,10.4667,Bayern,BY,Landkreis Haßberge,9674.0,"(50.1, 10.4667)",72140.0,372366.9,307826.8,197333.2,267070.6,435282.7,360693.0,220039.3,451448.0,420611.6,478422.1,227732.2,409293.9,271231.6,409018.7,217278.8
7948,97520,49.9833,10.2167,Bayern,BY,Landkreis Schweinfurt,9678.0,"(49.9833, 10.2167)",52857.0,353084.0,322191.6,178050.2,247787.6,449647.5,341410.1,234404.1,432165.1,401328.6,459139.1,242097.0,390010.9,251948.6,389735.7,197995.9
7949,97522,49.9833,10.6,Bayern,BY,Landkreis Haßberge,9674.0,"(49.9833, 10.6)",77573.5,377800.5,290060.8,202766.7,272504.1,417516.7,366126.6,202273.3,456881.6,426045.1,483855.6,209966.2,414727.4,276665.1,414452.2,222712.4
7950,97523,49.9217,10.1387,Bayern,BY,Landkreis Schweinfurt,9678.0,"(49.9217, 10.1387)",29492.7,353528.1,333377.0,150142.7,224423.3,460832.9,305981.7,245589.5,384797.5,365900.2,417938.1,253282.4,354582.5,252392.7,390179.9,198440.0
7951,97525,49.9904,10.2478,Bayern,BY,Landkreis Schweinfurt,9678.0,"(49.9904, 10.2478)",51783.6,352010.5,321118.2,176976.7,246714.2,448574.1,340336.6,233330.7,431091.6,400255.2,458065.7,241023.6,388937.5,250875.1,388662.3,196922.4
7952,97526,50.039,10.2599,Bayern,BY,Landkreis Schweinfurt,9678.0,"(50.039, 10.2599)",51278.9,351505.8,315604.2,176472.0,246209.4,443060.1,339831.9,227816.7,430586.9,399750.4,457561.0,235509.6,388432.7,250370.4,388157.6,196417.7
7953,97528,50.2408,10.5628,Bayern,BY,Landkreis Rhön-Grabfeld,9673.0,"(50.2408, 10.5628)",92103.6,340997.8,285126.8,170387.2,287034.2,412582.7,380656.7,222255.5,420078.9,386585.3,447053.0,229948.4,394554.0,239862.4,377649.6,185909.7
7954,97529,49.95,10.3333,Bayern,BY,Landkreis Schweinfurt,9678.0,"(49.95, 10.3333)",35907.5,363922.1,313674.6,177086.3,239616.5,441130.6,332925.2,208105.4,411741.1,392843.7,444881.6,215798.3,381526.1,262786.7,400573.9,208834.0
7955,97531,50.0111,10.4278,Bayern,BY,Landkreis Haßberge,9674.0,"(50.0111, 10.4278)",67712.8,367939.8,306264.4,192906.0,262643.4,433720.3,356265.9,218476.9,447020.9,416184.4,473994.9,226169.8,404866.7,266804.4,404591.5,212851.7
7956,97532,50.0918,10.2686,Bayern,BY,Landkreis Schweinfurt,9678.0,"(50.0918, 10.2686)",57134.0,357360.9,323643.6,182327.1,252064.6,451099.5,345687.0,235856.1,436442.0,405605.6,463416.1,243549.0,394287.9,256225.5,394012.7,202272.8
7957,97534,49.9643,10.12,Bayern,BY,Landkreis Schweinfurt,9678.0,"(49.9643, 10.12)",34887.6,343686.4,331541.0,168652.7,229818.2,458996.9,311376.5,243753.5,390192.4,371295.0,423332.9,251446.3,359977.4,242551.1,380338.2,188598.3
7958,97535,50.0948,10.0302,Bayern,BY,Landkreis Schweinfurt,9678.0,"(50.0948, 10.0302)",47564.5,332122.4,316944.6,157088.6,242495.1,444400.5,336117.6,253324.5,411203.5,381602.7,438177.6,261017.4,381255.4,230987.0,368774.2,177034.3
7959,97537,49.9167,10.1667,Bayern,BY,Landkreis Schweinfurt,9678.0,"(49.9167, 10.1667)",33476.5,354343.1,334192.0,154126.4,228407.0,461647.9,309965.4,219834.3,388781.2,369883.9,421921.8,227527.1,358566.2,253207.7,390994.9,199255.0
7960,97539,50.0167,10.4667,Bayern,BY,Landkreis Haßberge,9674.0,"(50.0167, 10.4667)",67710.5,367937.4,306262.1,192903.6,262641.1,433718.0,356263.5,218474.6,447018.5,416182.0,473992.6,226167.5,404864.4,266802.0,404589.2,212849.3
7961,97616,50.31505,10.20935,Bayern,BY,Landkreis Rhön-Grabfeld,9673.0,"(50.31505, 10.20935)",82029.3,312322.7,280089.6,141712.1,276959.9,407545.5,370582.3,273864.1,391403.7,357910.2,418377.8,281557.0,365878.9,211187.3,348974.4,157234.6
7962,97618,50.333133333333336,10.251233333333332,Bayern,BY,Landkreis Rhön-Grabfeld,9673.0,"(50.333133333333336, 10.251233333333332)",86746.6,313562.6,276631.1,142952.0,281677.2,404087.0,375299.7,278581.4,392643.7,359150.1,419617.7,286274.3,367118.8,212427.2,350214.3,158474.5
7963,97631,50.3008,10.4689,Bayern,BY,Landkreis Rhön-Grabfeld,9673.0,"(50.3008, 10.4689)",96206.8,329639.7,270862.7,159029.1,291137.4,398318.7,384759.9,233930.6,408720.8,375227.3,435694.9,241623.5,383195.9,228504.3,366291.5,174551.6
7964,97633,50.312025,10.4365875,Bayern,BY,Landkreis Rhön-Grabfeld,9673.0,"(50.312025, 10.4365875)",94008.1,327441.0,284467.7,156830.4,288938.7,411923.6,382561.2,238955.9,406522.1,373028.6,433496.2,246648.8,380997.3,226305.6,364092.8,172352.9
7965,97638,50.4285,10.3033,Bayern,BY,Landkreis Rhön-Grabfeld,9673.0,"(50.4285, 10.3033)",96553.7,315536.3,266473.0,145513.9,291484.3,393928.9,385106.7,288388.5,394617.4,361123.8,421591.5,296081.4,369680.8,214400.9,352188.1,160448.2
7966,97640,50.4192,10.304266666666669,Bayern,BY,Landkreis Rhön-Grabfeld,9673.0,"(50.4192, 10.304266666666669)",95457.5,317900.1,265376.8,146271.6,290388.1,392832.7,384010.5,287292.3,396981.2,363487.6,423955.2,294985.2,370438.4,216764.7,354551.8,162812.0
7967,97645,50.46,10.2306,Bayern,BY,Landkreis Rhön-Grabfeld,9673.0,"(50.46, 10.2306)",103637.2,307862.8,273112.8,141578.4,298567.8,400568.7,392190.3,295472.1,386943.9,353450.4,413918.0,303164.9,365745.2,206727.4,344514.6,152774.7
7968,97647,50.487425,10.179375,Bayern,BY,Landkreis Rhön-Grabfeld,9673.0,"(50.487425, 10.179375)",108922.9,302499.7,278398.5,143727.3,303853.4,405854.4,379341.6,300757.7,381580.8,348087.3,408554.9,308450.6,358008.9,201364.3,339151.5,147411.6
7969,97650,50.5205,10.1458,Bayern,BY,Landkreis Rhön-Grabfeld,9673.0,"(50.5205, 10.1458)",113555.4,297881.2,283031.0,139108.7,308486.0,410486.9,374723.0,305390.3,376962.3,343468.7,403936.3,313083.1,353390.3,196745.8,334532.9,142793.1
7970,97653,50.4024,10.0075,Bayern,BY,Landkreis Rhön-Grabfeld,9673.0,"(50.4024, 10.0075)",99887.0,291826.1,297034.1,121689.6,294817.6,424490.0,357303.9,298984.4,370907.2,337413.6,397881.2,306677.3,345856.4,190690.7,328477.8,136738.0
7971,97654,50.4008,10.2037,Bayern,BY,Landkreis Rhön-Grabfeld,9673.0,"(50.4008, 10.2037)",96225.9,308530.7,276323.7,137920.1,291156.5,403779.6,384778.9,288060.7,387611.8,354118.2,414585.9,295753.6,362086.9,207395.3,345182.5,153442.6
7972,97656,50.4412,10.1169,Bayern,BY,Landkreis Rhön-Grabfeld,9673.0,"(50.4412, 10.1169)",105230.3,301264.8,280982.9,130654.2,300160.9,408438.8,366268.5,297065.1,380345.9,346852.3,407320.0,304758.0,354821.0,200129.4,337916.6,146176.7
7973,97657,50.3482,10.0081,Bayern,BY,Landkreis Rhön-Grabfeld,9673.0,"(50.3482, 10.0081)",85205.5,300697.7,296616.4,130855.0,280136.1,424072.3,366469.3,284259.5,379778.8,346285.2,406752.8,291952.3,355021.8,199562.3,337349.4,145609.6
7974,97659,50.381,10.1044,Bayern,BY,Landkreis Rhön-Grabfeld,9673.0,"(50.381, 10.1044)",98378.5,299343.9,288263.0,128733.3,293309.0,415718.9,364347.6,290213.3,378425.0,344931.5,405399.1,297906.1,352900.1,198208.5,335995.7,144255.8
7975,97688,50.2023,10.0778,Bayern,BY,Landkreis Bad Kissingen,9672.0,"(50.2023, 10.0778)",67177.1,320128.9,298617.2,145095.1,262107.7,426073.1,355730.2,262563.0,399210.0,369609.2,426184.1,270255.8,369261.9,218993.5,356780.7,165040.8
7976,97702,50.2464,10.2019,Bayern,BY,Landkreis Bad Kissingen,9672.0,"(50.2464, 10.2019)",71924.1,333648.8,287168.1,158615.0,266854.7,414624.0,360477.1,263758.9,412729.9,383129.0,439703.9,271451.8,382781.8,232513.4,370300.5,178560.7
7977,97705,50.2713,9.9916,Bayern,BY,Landkreis Bad Kissingen,9672.0,"(50.2713, 9.9916)",73237.1,310198.9,307596.5,135165.1,268167.7,435052.4,361790.1,278997.1,389280.0,359679.2,416254.1,286689.9,359332.0,209063.5,346850.7,155110.8
7978,97708,50.2665,10.079,Bayern,BY,Landkreis Bad Kissingen,9672.0,"(50.2665, 10.079)",77906.7,316114.8,298303.6,141081.0,272837.3,425759.6,366459.8,269741.6,395195.9,365595.1,422170.0,277434.4,365247.9,214979.4,352766.6,161026.7
7979,97711,50.1921,10.29715,Bayern,BY,Landkreis Bad Kissingen,9672.0,"(50.1921, 10.29715)",72426.5,345577.2,296265.1,170543.4,267357.1,423721.0,360979.6,264261.4,424658.3,395057.5,451632.4,271954.2,409580.4,244441.8,382229.0,190489.1
7980,97714,50.15,10.1333,Bayern,BY,Landkreis Bad Kissingen,9672.0,"(50.15, 10.1333)",60877.3,327837.7,299800.1,152803.9,255807.9,427256.0,349430.3,252712.1,406918.8,377318.0,433892.9,260405.0,376970.8,226702.3,364489.5,172749.6
7981,97717,50.148266666666665,10.021666666666668,Bayern,BY,Landkreis Bad Kissingen,9672.0,"(50.148266666666665, 10.021666666666668)",58347.5,318273.6,309224.6,143239.8,253278.1,436680.5,346900.6,264107.5,397354.6,367753.8,424328.7,271800.4,367406.6,217138.2,354925.3,163185.5
7982,97720,50.2206,10.123,Bayern,BY,Landkreis Bad Kissingen,9672.0,"(50.2206, 10.123)",70156.3,325637.2,293748.5,150603.4,265086.9,421204.4,358709.3,261991.1,404718.3,375117.5,431692.4,269684.0,374770.2,224501.8,362289.0,170549.1
7983,97723,50.199,9.9588,Bayern,BY,Landkreis Bad Kissingen,9672.0,"(50.199, 9.9588)",63218.8,309982.5,309550.6,134948.8,258149.4,437006.5,351771.9,268978.8,389063.6,359462.8,416037.7,276671.7,359115.6,208847.2,346634.3,154894.4
7984,97724,50.2764,10.1794,Bayern,BY,Landkreis Rhön-Grabfeld,9673.0,"(50.2764, 10.1794)",76052.5,318545.7,285555.2,147935.1,270983.1,413011.2,364605.5,267887.3,397626.8,364133.2,424600.9,275580.2,372101.9,217410.3,355197.5,163457.6
7985,97725,50.1474,9.9615,Bayern,BY,Landkreis Bad Kissingen,9672.0,"(50.1474, 9.9615)",57904.7,317675.4,315562.2,142641.6,252835.3,443018.1,346457.8,263664.7,396756.5,367155.7,423730.6,271357.6,366808.5,216540.0,354327.2,162587.3
7986,97727,50.1082,9.9337,Bayern,BY,Landkreis Bad Kissingen,9672.0,"(50.1082, 9.9337)",56006.9,319742.6,317472.3,144708.8,250937.5,444928.2,344559.9,261766.9,398823.7,369222.9,425797.8,269459.7,368875.6,218607.2,356394.4,164654.5
7987,97729,50.1404,10.0678,Bayern,BY,Landkreis Bad Kissingen,9672.0,"(50.1404, 10.0678)",62436.3,322362.4,305474.4,147328.6,257366.9,432930.4,350989.4,254277.3,401443.5,371842.7,428417.5,261970.1,371495.4,221227.0,359014.1,167274.3
7988,97737,50.0495,9.7059,Bayern,BY,Main-Spessart,9677.0,"(50.0495, 9.7059)",54267.2,341594.7,339324.4,94533.2,251123.5,466780.3,317345.4,283619.0,343585.8,324688.4,376726.3,291311.9,313370.7,240459.3,350115.1,186506.6
7989,97753,49.9603,9.7724,Bayern,BY,Main-Spessart,9677.0,"(49.9603, 9.7724)",40384.9,348918.5,356705.4,111797.9,237241.3,484161.3,303463.1,245157.7,346452.7,327555.3,379593.2,252850.6,316237.7,247783.1,352982.0,193830.4
7990,97762,50.1163,9.8914,Bayern,BY,Landkreis Bad Kissingen,9672.0,"(50.1163, 9.8914)",59066.2,322802.0,320531.7,147768.2,253996.8,447987.6,347619.3,264826.2,401883.1,372282.2,428857.1,272519.1,331220.6,221666.6,359453.7,167713.9
7991,97769,50.3085,9.7898,Bayern,BY,Landkreis Bad Kissingen,9672.0,"(50.3085, 9.7898)",83144.9,290973.2,320614.0,115939.4,278075.5,448069.9,351553.7,288904.9,370054.3,340453.5,397028.4,296597.8,340106.3,189837.8,327625.0,135885.1
7992,97772,50.3776,9.9109,Bayern,BY,Landkreis Bad Kissingen,9672.0,"(50.3776, 9.9109)",89616.4,307579.5,306537.7,132545.7,284547.0,433993.6,368160.0,295376.4,386660.6,357059.8,413634.6,303069.2,356712.5,206444.1,344231.2,152491.4
7993,97773,50.1782,9.5755,Bayern,BY,Main-Spessart,9677.0,"(50.1782, 9.5755)",76191.7,274286.8,356172.4,72543.3,273048.1,483628.3,308157.6,300466.9,318770.3,297057.4,351910.8,308159.8,296710.1,226667.3,296244.3,172714.6
7994,97775,50.1497,9.6512,Bayern,BY,Main-Spessart,9677.0,"(50.1497, 9.6512)",68792.6,281713.8,348302.5,79970.3,265649.0,475758.4,315584.6,292597.1,326197.3,304484.3,359337.8,300289.9,304137.1,220720.6,303671.3,166767.9
7995,97776,49.9859,9.809,Bayern,BY,Main-Spessart,9677.0,"(49.9859, 9.809)",45133.5,343984.0,356475.8,114504.0,241989.8,483931.7,308211.7,249906.2,349158.8,330261.5,382299.4,257599.1,318943.8,242848.6,355688.1,188895.9
7996,97778,50.15,9.5833,Bayern,BY,Main-Spessart,9677.0,"(50.15, 9.5833)",77702.3,282162.0,357683.0,80418.5,274558.7,485138.9,316032.8,301977.6,326645.5,304932.6,359786.0,309670.4,304585.3,234542.5,304119.5,180589.8
7997,97779,50.2806,9.8955,Bayern,BY,Landkreis Bad Kissingen,9672.0,"(50.2806, 9.8955)",79934.6,298496.4,322885.9,123462.6,274865.2,450341.8,359076.9,285694.6,377577.5,347976.7,404551.6,293387.5,347629.4,197361.0,335148.2,143408.3
7998,97780,50.0167,9.7833,Bayern,BY,Main-Spessart,9677.0,"(50.0167, 9.7833)",50197.1,338722.2,336451.9,102225.4,247053.5,463907.8,313275.3,280746.4,351278.0,332380.6,384418.5,288439.3,321062.9,237586.8,375373.9,183634.1
7999,97782,50.1227,9.7405,Bayern,BY,Main-Spessart,9677.0,"(50.1227, 9.7405)",74561.9,330632.2,336027.3,92283.4,269492.5,463483.3,334575.9,280321.9,338510.4,316797.5,371651.0,288014.8,323128.4,229496.8,367283.9,175544.1
8000,97783,50.0409,9.7853,Bayern,BY,Main-Spessart,9677.0,"(50.0409, 9.7853)",72164.4,335900.1,333629.8,101982.5,267095.0,461085.8,316314.2,277924.4,351035.0,332137.7,384175.6,285617.3,320820.0,234764.7,372551.9,180812.0
8001,97785,50.1922,9.617,Bayern,BY,Main-Spessart,9677.0,"(50.1922, 9.617)",90524.1,278610.7,346813.6,76867.2,285454.7,474269.5,312481.5,296284.1,323094.2,301381.3,356234.7,303977.0,301034.0,216037.4,300568.2,162084.7
8002,97786,50.3956,9.7725,Bayern,BY,Landkreis Bad Kissingen,9672.0,"(50.3956, 9.7725)",94815.0,281965.6,345771.1,98393.8,289745.6,473227.0,334008.1,300575.0,344620.8,322907.8,388020.8,308267.8,322560.6,180830.2,318617.4,126877.5
8003,97788,50.0333,9.65,Bayern,BY,Main-Spessart,9677.0,"(50.0333, 9.65)",62225.0,310664.3,346280.5,100372.2,259081.3,473736.4,316259.5,290575.1,335027.0,316129.7,368167.5,298267.9,304812.0,247415.4,341556.3,193462.7
8004,97789,50.2833,9.8,Bayern,BY,Landkreis Bad Kissingen,9672.0,"(50.2833, 9.8)",81885.3,294684.4,323672.6,119650.6,276815.9,451128.5,355264.9,287645.3,373765.5,344164.7,400739.6,295338.1,343817.4,193549.0,331336.2,139596.3
8005,97791,50.2088,9.6155,Bayern,BY,Main-Spessart,9677.0,"(50.2088, 9.6155)",92057.6,284745.1,343816.2,83001.6,286988.2,471272.1,318615.9,297817.6,329228.6,307515.6,362369.1,305510.4,307168.4,213040.1,306702.6,159087.4
8006,97792,50.3199,9.861,Bayern,BY,Landkreis Bad Kissingen,9672.0,"(50.3199, 9.861)",80758.8,298721.8,314285.0,123688.0,275689.3,441741.0,359302.4,286518.8,377802.9,348202.1,404777.0,294211.6,347854.9,197586.4,335373.6,143633.7
8007,97794,50.0935,9.648,Bayern,BY,Main-Spessart,9677.0,"(50.0935, 9.648)",61836.9,288485.4,345892.5,86741.9,258693.3,473348.4,327443.0,290187.0,332968.9,311256.0,366109.4,297879.9,315995.5,227963.0,310442.9,174010.3
8008,97795,50.2681,9.8628,Bayern,BY,Landkreis Bad Kissingen,9672.0,"(50.2681, 9.8628)",81764.0,300325.8,324715.2,125292.0,276694.5,452171.2,360906.3,287523.9,379406.9,349806.1,406381.0,295216.8,349458.8,199190.4,336977.6,145237.7
8009,97797,50.1667,9.7833,Bayern,BY,Landkreis Bad Kissingen,9672.0,"(50.1667, 9.7833)",71185.2,323020.4,325598.4,101260.8,266115.8,453054.3,359738.2,276945.2,347487.8,325774.9,429075.6,284638.0,332105.8,221885.0,359672.2,167932.3
8010,97799,50.2619,9.6724,Bayern,BY,Landkreis Bad Kissingen,9672.0,"(50.2619, 9.6724)",93909.4,301737.7,331378.5,88664.9,288840.0,458834.4,324279.2,299669.4,334891.9,313179.0,368032.4,307362.3,312831.7,200602.3,338389.5,146649.6
8011,97816,49.9892,9.5722,Bayern,BY,Main-Spessart,9677.0,"(49.9892, 9.5722)",76619.2,303863.6,376266.1,93571.4,271549.8,503722.1,309458.7,279456.4,328226.2,309328.9,361366.8,287149.3,298011.2,256027.7,334755.6,202075.0
