,zipcode,lat,long,state,state_code,community_name,community_code,coor,AKB Kitzingen,AKB Dortmund,AKB Zörbig,AKB Schöneck,AKB Buch,Mosolf Etzin,Mosolf Kippenheim,BLG Kelheim,BLG Duisburg,BLG Neuss,Carservice Erkens,ARS Altmann Wolnzach,CAT Zülpich,Autohaus Siebrecht,Neu: FleetParQ Essen ,Neu: FleetParQ Kassel
2952,40545,51.2167,6.7667,Nordrhein-Westfalen,NW,"Düsseldorf, Stadt",5111.0,"(51.2167, 6.7667)",353333.4,71964.5,463842.8,249749.0,548264.0,547320.8,434243.0,556170.7,34431.2,7031.3,61058.8,563863.5,72611.0,240918.1,42547.2,231122.9
2953,40547,51.2429,6.7428,Nordrhein-Westfalen,NW,"Düsseldorf, Stadt",5111.0,"(51.2429, 6.7428)",357859.6,70650.3,509475.1,254275.1,552790.2,546006.6,438769.1,560696.8,31846.8,7530.3,58474.3,568389.7,78759.6,251181.8,41233.0,241386.7
2954,40549,51.2302,6.7135,Nordrhein-Westfalen,NW,"Düsseldorf, Stadt",5111.0,"(51.2302, 6.7135)",358685.2,73964.8,512789.6,255100.8,553615.8,549321.1,439594.8,561522.5,30382.5,4727.0,57010.0,569215.3,75956.3,246269.9,44547.5,236474.7
2955,40589,51.1668,6.8253,Nordrhein-Westfalen,NW,"Düsseldorf, Stadt",5111.0,"(51.1668, 6.8253)",345308.3,81540.8,462085.4,241723.9,540238.9,530620.3,426217.9,548145.6,48721.9,13938.2,73131.5,555838.4,75669.1,239160.7,55664.6,229365.5
2956,40591,51.1953,6.8324,Nordrhein-Westfalen,NW,"Düsseldorf, Stadt",5111.0,"(51.1953, 6.8324)",347552.4,77517.2,458061.8,243968.0,542483.0,526596.7,428462.0,550389.7,39489.6,12028.6,66117.2,558082.5,73717.6,235137.1,51641.0,225341.9
2957,40593,51.2167,6.7667,Nordrhein-Westfalen,NW,"Düsseldorf, Stadt",5111.0,"(51.2167, 6.7667)",353333.4,71964.5,463842.8,249749.0,548264.0,547320.8,434243.0,556170.7,34431.2,7031.3,61058.8,563863.5,72611.0,240918.1,42547.2,231122.9
2958,40595,51.2167,6.7667,Nordrhein-Westfalen,NW,"Düsseldorf, Stadt",5111.0,"(51.2167, 6.7667)",353333.4,71964.5,463842.8,249749.0,548264.0,547320.8,434243.0,556170.7,34431.2,7031.3,61058.8,563863.5,72611.0,240918.1,42547.2,231122.9
2959,40597,51.1659,6.8773,Nordrhein-Westfalen,NW,"Düsseldorf, Stadt",5111.0,"(51.1659, 6.8773)",341327.2,81082.6,461627.1,237742.7,536257.7,530162.1,422236.7,544164.4,48677.1,20030.8,81817.6,551857.3,67968.0,238702.4,55206.4,228907.3
2960,40599,51.1809,6.8598,Nordrhein-Westfalen,NW,"Düsseldorf, Stadt",5111.0,"(51.1809, 6.8598)",347226.3,77191.1,457735.7,243641.9,542156.9,526270.6,428135.9,550063.6,48337.9,13596.0,72747.5,557756.4,71579.2,234811.0,51315.0,225015.8
2961,40625,51.2322,6.8567,Nordrhein-Westfalen,NW,"Düsseldorf, Stadt",5111.0,"(51.2322, 6.8567)",348169.2,71872.5,458678.6,244584.8,543099.8,527213.5,429078.8,551006.5,36102.2,15294.3,60511.8,558699.4,80778.7,235753.9,42455.1,225958.7
2962,40627,51.2167,6.7667,Nordrhein-Westfalen,NW,"Düsseldorf, Stadt",5111.0,"(51.2167, 6.7667)",353333.4,71964.5,463842.8,249749.0,548264.0,547320.8,434243.0,556170.7,34431.2,7031.3,61058.8,563863.5,72611.0,240918.1,42547.2,231122.9
2963,40629,51.2596,6.8898,Nordrhein-Westfalen,NW,"Düsseldorf, Stadt",5111.0,"(51.2596, 6.8898)",348693.0,67776.3,459495.0,245108.6,543623.6,542933.9,429602.6,551530.3,31829.6,28686.1,64970.1,559223.1,81302.5,236570.3,38358.9,226775.1
2964,40667,51.2503,6.6899,Nordrhein-Westfalen,NW,Rhein-Kreis Neuss,5162.0,"(51.2503, 6.6899)",360337.1,75616.7,514441.5,256752.7,555267.7,550973.0,441246.7,563174.4,24022.4,6088.9,48432.0,570867.2,77318.2,247921.8,46199.4,238126.6
2965,40668,51.3042,6.6718,Nordrhein-Westfalen,NW,Rhein-Kreis Neuss,5162.0,"(51.3042, 6.6718)",373603.4,75076.3,513901.1,270019.0,568534.0,550432.6,454513.0,576440.7,20256.7,17167.0,44666.3,584133.5,87299.4,255607.8,45659.0,245812.7
2966,40670,51.2734,6.6484,Nordrhein-Westfalen,NW,Rhein-Kreis Neuss,5162.0,"(51.2734, 6.6484)",368341.4,76758.5,515583.2,264514.1,563272.0,552114.7,449251.0,571178.7,21616.0,16383.9,46025.7,578871.5,86516.3,257290.0,47341.1,247494.8
2967,40699,51.2223,6.9083,Nordrhein-Westfalen,NW,Mettmann,5158.0,"(51.2223, 6.9083)",345439.2,72053.9,455948.6,241854.8,540369.8,524483.5,426348.8,548276.4,36107.2,21319.7,69247.7,555969.3,78048.7,233023.9,42636.5,223228.7
2968,40721,51.1694,6.9253,Nordrhein-Westfalen,NW,Mettmann,5158.0,"(51.1694, 6.9253)",344788.0,74752.8,455297.4,241203.6,539718.6,523832.3,425697.6,547625.3,42347.3,18954.4,75487.9,555318.1,72106.2,232372.7,48876.7,222577.5
2969,40723,51.1578,6.939,Nordrhein-Westfalen,NW,Mettmann,5158.0,"(51.1578, 6.939)",337101.9,74414.8,454959.4,233517.5,532032.5,523494.3,418011.5,539939.2,43341.4,20505.9,76482.0,547632.0,68155.7,232034.7,49870.8,222239.5
2970,40724,51.1803,6.9472,Nordrhein-Westfalen,NW,Mettmann,5158.0,"(51.1803, 6.9472)",341561.7,71526.5,452071.0,237977.2,536492.2,520605.9,422471.2,544398.9,38880.6,19983.3,72021.1,552091.8,74171.1,229146.3,45409.9,219351.1
2971,40764,51.1082,6.9483,Nordrhein-Westfalen,NW,Mettmann,5158.0,"(51.1082, 6.9483)",334945.3,84514.1,465058.7,231360.9,529875.9,533593.6,415854.9,537782.6,51868.3,26965.4,85008.8,545475.5,61049.5,242134.0,58397.6,232338.8
2972,40789,51.10266666666666,6.898133333333334,Nordrhein-Westfalen,NW,Mettmann,5158.0,"(51.10266666666666, 6.898133333333334)",335739.1,86385.1,466929.7,232154.6,530669.6,535464.6,416648.6,538576.3,53979.6,25333.3,87120.2,546269.2,62379.9,244005.0,60509.0,234209.8
2973,40822,51.2504,6.9754,Nordrhein-Westfalen,NW,Mettmann,5158.0,"(51.2504, 6.9754)",351190.6,70732.9,446173.1,247606.1,546121.1,514708.0,432100.1,554027.8,34786.2,31183.7,67926.8,561720.7,83800.0,223248.3,41315.6,213453.2
2974,40878,51.2922,6.8485,Nordrhein-Westfalen,NW,Mettmann,5158.0,"(51.2922, 6.8485)",355959.9,61981.6,500806.3,252375.4,550890.5,537337.9,436869.5,558797.1,26233.5,17961.0,59374.1,566490.0,88569.4,242513.1,32564.2,232717.9
2975,40880,51.3,6.85,Nordrhein-Westfalen,NW,Mettmann,5158.0,"(51.3, 6.85)",355189.7,60773.0,499597.8,251605.3,550120.3,536129.3,436099.3,558027.0,25025.0,20467.0,58165.5,565719.8,87799.2,241304.5,31355.7,231509.3
2976,40882,51.2984,6.8585,Nordrhein-Westfalen,NW,Mettmann,5158.0,"(51.2984, 6.8585)",354563.8,59770.4,502519.4,250979.3,549494.4,539050.9,435473.4,557401.0,27946.6,21289.4,61087.1,565093.9,87173.2,240301.9,30353.1,230506.7
2977,40883,51.3,6.85,Nordrhein-Westfalen,NW,Mettmann,5158.0,"(51.3, 6.85)",355189.7,60773.0,499597.8,251605.3,550120.3,536129.3,436099.3,558027.0,25025.0,20467.0,58165.5,565719.8,87799.2,241304.5,31355.7,231509.3
2978,40885,51.3394,6.8528,Nordrhein-Westfalen,NW,Mettmann,5158.0,"(51.3394, 6.8528)",361961.3,56611.2,497229.7,258376.8,556891.9,533761.2,442870.9,564798.5,22656.9,24117.4,55797.4,572491.4,94570.8,237142.7,27193.9,227347.6
2979,41061,51.1958,6.4387,Nordrhein-Westfalen,NW,"Mönchengladbach, Stadt",5116.0,"(51.1958, 6.4387)",390427.7,96737.8,535562.5,275309.0,536620.9,572094.0,445111.8,593265.0,38437.4,28090.6,38728.5,600957.8,77854.9,277269.2,67320.4,267474.1
2980,41063,51.2,6.4333,Nordrhein-Westfalen,NW,"Mönchengladbach, Stadt",5116.0,"(51.2, 6.4333)",390444.0,96493.7,535318.5,275065.0,536637.2,571850.0,445128.0,593281.2,38193.4,27846.5,38484.5,600974.1,77871.2,277025.2,67076.4,267230.0
2981,41065,51.1911,6.4467,Nordrhein-Westfalen,NW,"Mönchengladbach, Stadt",5116.0,"(51.1911, 6.4467)",390856.4,97547.6,536372.3,276118.8,537049.6,572903.8,445540.4,593693.6,39247.2,28900.4,39538.4,601386.5,78283.6,278079.1,68130.2,268283.9
2982,41066,51.2249,6.4838,Nordrhein-Westfalen,NW,"Mönchengladbach, Stadt",5116.0,"(51.2249, 6.4838)",372703.6,91646.0,530470.7,268876.2,567634.2,567002.2,454106.1,575540.9,33345.6,21657.8,39264.4,583233.7,86849.2,272177.5,62228.6,262382.3
2983,41068,51.1977,6.3911,Nordrhein-Westfalen,NW,"Mönchengladbach, Stadt",5116.0,"(51.1977, 6.3911)",391077.7,101047.6,539872.3,289594.2,537270.9,576403.8,445761.7,593914.9,42747.2,32400.4,34171.8,601607.8,78504.9,281579.1,71630.2,271783.9
2984,41069,51.1768,6.4021,Nordrhein-Westfalen,NW,"Mönchengladbach, Stadt",5116.0,"(51.1768, 6.4021)",387228.0,102202.7,541027.5,285744.5,533421.2,577559.0,441912.1,590065.2,43902.3,33555.5,35327.0,597758.1,74655.2,282734.2,72785.4,272939.0
2985,41169,51.2,6.4333,Nordrhein-Westfalen,NW,"Mönchengladbach, Stadt",5116.0,"(51.2, 6.4333)",390444.0,96493.7,535318.5,275065.0,536637.2,571850.0,445128.0,593281.2,38193.4,27846.5,38484.5,600974.1,77871.2,277025.2,67076.4,267230.0
2986,41179,51.1723,6.3414,Nordrhein-Westfalen,NW,"Mönchengladbach, Stadt",5116.0,"(51.1723, 6.3414)",390972.3,104301.9,543126.7,289488.8,537165.5,579658.2,445656.4,593809.5,46001.5,35654.7,37690.5,601502.4,78399.5,284833.4,74884.6,275038.2
2987,41189,51.139,6.4102,Nordrhein-Westfalen,NW,"Mönchengladbach, Stadt",5116.0,"(51.139, 6.4102)",383544.3,107687.8,500159.2,282060.9,529737.5,583044.1,438228.4,586381.6,49387.5,30305.9,40812.1,594074.4,70971.5,277234.5,78270.5,267439.3
2988,41199,51.129,6.4386,Nordrhein-Westfalen,NW,"Mönchengladbach, Stadt",5116.0,"(51.129, 6.4386)",381134.9,111104.8,497749.7,279651.4,527328.1,566284.7,435819.0,583972.1,52804.4,27896.5,44229.1,591665.0,68562.1,274825.0,81687.5,265029.9
2989,41236,51.1666,6.4427,Nordrhein-Westfalen,NW,"Mönchengladbach, Stadt",5116.0,"(51.1666, 6.4427)",386170.8,107859.9,491244.3,284687.3,532364.0,583216.2,440854.9,589008.0,49559.5,21391.0,40984.1,596700.9,73598.0,268319.6,78442.5,258524.4
2990,41238,51.1514,6.4703,Nordrhein-Westfalen,NW,"Mönchengladbach, Stadt",5116.0,"(51.1514, 6.4703)",383506.3,98337.2,488895.0,265289.4,529699.5,557429.9,438190.4,586343.6,42748.6,19041.8,44571.4,594036.5,70933.5,265970.3,68919.8,256175.1
2991,41239,51.1604,6.4172,Nordrhein-Westfalen,NW,"Mönchengladbach, Stadt",5116.0,"(51.1604, 6.4172)",385061.2,105733.6,501676.1,283577.7,531254.4,581089.9,439745.3,587898.5,47433.3,31822.8,38857.9,595591.3,72488.4,278751.3,76316.3,268956.2
2992,41334,51.3246,6.2329,Nordrhein-Westfalen,NW,Viersen,5166.0,"(51.3246, 6.2329)",413899.4,110125.5,528612.7,298059.8,560092.6,565144.2,468583.4,616736.6,48161.2,50841.4,10362.4,624429.5,101326.6,288772.2,72329.3,278977.0
2993,41352,51.1914,6.5135,Nordrhein-Westfalen,NW,Rhein-Kreis Neuss,5162.0,"(51.1914, 6.5135)",367692.4,92735.5,531560.2,263865.1,562623.0,568091.7,449077.7,570529.7,37343.4,14490.1,46514.6,578222.5,81820.8,264546.0,63318.1,254750.8
2994,41363,51.1,6.5,Nordrhein-Westfalen,NW,Rhein-Kreis Neuss,5162.0,"(51.1, 6.5)",379352.9,101397.6,489355.9,277869.4,525546.1,557890.8,434036.9,582190.1,45795.4,19502.7,49761.2,589883.0,66780.1,266431.2,71980.3,256636.0
2995,41366,51.2167,6.2667,Nordrhein-Westfalen,NW,Viersen,5166.0,"(51.2167, 6.2667)",402573.1,107925.3,546750.1,286496.5,548766.3,583281.6,457257.1,605410.3,49624.9,39278.1,26329.1,613103.2,90000.3,288456.8,78508.0,278661.6
2996,41372,51.2108,6.1775,Nordrhein-Westfalen,NW,Viersen,5166.0,"(51.2108, 6.1775)",408218.1,113570.3,552395.1,292141.6,554411.3,588926.6,462902.2,611055.3,55269.9,44923.1,26825.2,618748.2,95645.3,294101.8,84153.0,284306.6
2997,41379,51.2405,6.1838,Nordrhein-Westfalen,NW,Viersen,5166.0,"(51.2405, 6.1838)",408367.7,113720.0,552544.7,292291.2,554560.9,589076.2,463051.8,611205.0,55419.6,45072.8,23923.4,618897.8,95794.9,294251.5,84302.6,284456.3
2998,41460,51.2014,6.6944,Nordrhein-Westfalen,NW,Rhein-Kreis Neuss,5162.0,"(51.2014, 6.6944)",357998.3,77824.4,468507.7,250977.6,552928.9,537042.6,438907.9,560835.5,31525.7,0.0,55935.3,568528.4,72979.9,245583.0,48407.0,235787.8
2999,41462,51.2154,6.6631,Nordrhein-Westfalen,NW,Rhein-Kreis Neuss,5162.0,"(51.2154, 6.6631)",359490.9,77704.1,479269.2,255663.6,554421.5,553060.4,440400.5,562328.2,27406.6,3619.6,51816.2,570021.1,77665.8,256344.5,48286.7,246549.3
3000,41464,51.1843,6.6821,Nordrhein-Westfalen,NW,Rhein-Kreis Neuss,5162.0,"(51.1843, 6.6821)",353503.8,92737.5,473282.1,249676.4,548434.4,541817.0,434413.4,556341.0,31329.2,2637.0,55738.8,564033.9,71678.6,250357.3,57514.0,240562.2
3001,41466,51.1682,6.6847,Nordrhein-Westfalen,NW,Rhein-Kreis Neuss,5162.0,"(51.1682, 6.6847)",353419.3,92653.0,473197.6,249591.9,548349.9,541732.5,434328.9,556256.5,31820.0,3929.8,56229.7,563949.4,71594.1,250272.8,58004.9,240477.7
3002,41468,51.1646,6.7519,Nordrhein-Westfalen,NW,Rhein-Kreis Neuss,5162.0,"(51.1646, 6.7519)",355588.9,85553.7,466098.2,252004.4,550519.5,534633.2,436498.4,558426.1,36528.5,8772.5,60938.1,566119.0,67586.3,243173.5,59677.5,233378.3
3003,41469,51.1576,6.7328,Nordrhein-Westfalen,NW,Rhein-Kreis Neuss,5162.0,"(51.1576, 6.7328)",351360.4,87261.8,467806.4,247533.1,546291.0,536341.3,432270.0,554197.7,36731.7,6357.8,61141.3,561890.6,69535.3,244881.6,61385.6,235086.5
3004,41470,51.2,6.6833,Nordrhein-Westfalen,NW,Rhein-Kreis Neuss,5162.0,"(51.2, 6.6833)",356068.1,78565.2,469534.2,252240.8,550998.7,538069.1,436977.7,558905.4,30308.1,1203.7,54717.7,566598.2,74243.0,246609.5,49147.8,236814.3
3005,41472,51.2,6.6833,Nordrhein-Westfalen,NW,Rhein-Kreis Neuss,5162.0,"(51.2, 6.6833)",356068.1,78565.2,469534.2,252240.8,550998.7,538069.1,436977.7,558905.4,30308.1,1203.7,54717.7,566598.2,74243.0,246609.5,49147.8,236814.3
3006,41515,51.0904,6.6067,Nordrhein-Westfalen,NW,Rhein-Kreis Neuss,5162.0,"(51.0904, 6.6067)",353232.3,101785.7,489744.1,251748.8,548162.9,558279.0,428921.2,556069.5,46183.6,19890.8,59823.5,563762.4,61664.3,266819.3,72368.4,257024.2
3007,41516,51.1292,6.6245,Nordrhein-Westfalen,NW,Rhein-Kreis Neuss,5162.0,"(51.1292, 6.6245)",362022.9,93842.9,481801.2,258195.6,534080.1,550336.1,442571.0,564860.2,38240.7,11947.9,62650.3,572553.0,75314.1,258876.5,64425.5,249081.3
3008,41517,51.0833,6.5833,Nordrhein-Westfalen,NW,Rhein-Kreis Neuss,5162.0,"(51.0833, 6.5833)",355887.3,101510.9,489469.2,254403.8,521103.9,558004.1,429594.8,558724.5,45908.7,19615.9,59149.6,566417.4,62337.9,266544.5,72093.5,256749.3
3009,41539,51.0964,6.84,Nordrhein-Westfalen,NW,Rhein-Kreis Neuss,5162.0,"(51.0964, 6.84)",338165.7,98860.6,479405.1,234581.2,533096.2,547940.1,419075.2,541002.9,49716.7,21960.7,74126.3,548695.8,59730.7,256480.4,72984.4,246685.2
3010,41540,51.0923,6.8114,Nordrhein-Westfalen,NW,Rhein-Kreis Neuss,5162.0,"(51.0923, 6.8114)",339491.6,96611.5,477156.1,235664.2,534422.2,545691.0,420401.2,542328.8,47467.7,19711.7,71877.3,550021.7,57666.4,254231.4,70735.4,244436.2
3011,41541,51.127,6.8068,Nordrhein-Westfalen,NW,Rhein-Kreis Neuss,5162.0,"(51.127, 6.8068)",343860.8,89156.0,469700.6,240033.4,538791.4,538235.5,424770.3,546698.0,43759.8,16003.8,68169.4,554390.9,62035.6,246775.8,63279.8,236980.7
3012,41542,51.113,6.7752,Nordrhein-Westfalen,NW,Rhein-Kreis Neuss,5162.0,"(51.113, 6.7752)",341883.2,91803.6,472348.2,238055.8,536813.8,540883.1,422792.7,544720.4,50332.0,22576.0,74741.6,552413.3,60058.0,249423.5,65927.4,239628.3
3013,41564,51.2293,6.6188,Nordrhein-Westfalen,NW,Rhein-Kreis Neuss,5162.0,"(51.2293, 6.6188)",360633.3,81509.0,520333.7,256805.9,555563.9,556865.3,441542.9,563470.6,26116.9,8675.8,49856.4,571163.4,78808.2,257486.9,52091.6,247691.7
3014,41569,51.0333,6.6833,Nordrhein-Westfalen,NW,Rhein-Kreis Neuss,5162.0,"(51.0333, 6.6833)",343981.7,110015.6,490148.2,242498.3,538912.3,558683.2,424891.3,546819.0,56678.8,30386.0,66073.8,554511.9,52864.0,267223.5,82863.6,257428.4
3015,41747,51.2556,6.3917,Nordrhein-Westfalen,NW,Viersen,5166.0,"(51.2556, 6.3917)",380147.0,97748.3,536573.1,276319.6,544723.8,573104.6,453214.6,582984.2,39448.0,29101.2,19255.8,590677.1,85957.8,278279.8,68331.0,268484.7
3016,41748,51.25,6.3833,Nordrhein-Westfalen,NW,Viersen,5166.0,"(51.25, 6.3833)",397080.1,98205.4,537030.1,276776.6,543273.3,573561.6,451764.2,599917.4,39905.0,29558.2,28549.0,607610.2,84507.3,278736.8,68788.0,268941.7
3017,41749,51.2852,6.3871,Nordrhein-Westfalen,NW,Viersen,5166.0,"(51.2852, 6.3871)",402437.3,97109.7,524607.9,277790.2,548630.5,561139.4,457121.4,605274.6,38809.4,30571.7,16262.6,612967.4,89864.5,277641.2,67692.4,267846.1
3018,41751,51.25,6.3833,Nordrhein-Westfalen,NW,Viersen,5166.0,"(51.25, 6.3833)",397080.1,98205.4,537030.1,276776.6,543273.3,573561.6,451764.2,599917.4,39905.0,29558.2,28549.0,607610.2,84507.3,278736.8,68788.0,268941.7
3019,41812,51.0795,6.3153,Nordrhein-Westfalen,NW,Kreis Heinsberg,5370.0,"(51.0795, 6.3153)",387730.8,116387.3,504345.6,286247.3,533924.0,572880.6,442414.9,590568.0,60785.2,34492.4,53509.2,598260.9,75158.0,281420.9,86970.0,271625.8
3020,41836,51.0555,6.2266,Nordrhein-Westfalen,NW,Kreis Heinsberg,5370.0,"(51.0555, 6.2266)",395707.6,124364.2,512322.5,294224.1,541900.8,580857.4,450391.7,598544.9,68762.0,42469.2,61486.0,606237.7,83134.8,289397.8,94946.8,279602.6
3021,41844,51.1422,6.2844,Nordrhein-Westfalen,NW,Kreis Heinsberg,5370.0,"(51.1422, 6.2844)",398490.2,110836.7,549661.5,297006.7,544683.4,586193.0,453174.3,601327.5,52536.4,42189.6,44225.3,609020.3,85917.4,291368.2,81419.4,281573.1
3022,41849,51.1001,6.1548,Nordrhein-Westfalen,NW,Kreis Heinsberg,5370.0,"(51.1001, 6.1548)",403238.7,125475.6,519853.5,301755.2,549431.9,600831.8,457922.8,606075.9,67175.2,50000.3,42736.3,613768.8,90665.9,296928.8,96058.2,287133.6
3023,42103,51.2569,7.1505,Nordrhein-Westfalen,NW,"Wuppertal, Stadt",5124.0,"(51.2569, 7.1505)",356031.3,53101.9,433646.4,252446.9,550961.9,502181.3,436940.9,558868.6,54969.5,35800.4,88110.1,566561.4,88640.8,210721.7,40421.8,200926.5
3024,42105,51.2649,7.1307,Nordrhein-Westfalen,NW,"Wuppertal, Stadt",5124.0,"(51.2649, 7.1307)",356065.5,52849.6,433394.1,252481.1,550996.1,501929.1,436975.1,558902.8,55003.7,35834.6,88144.3,566595.6,88675.0,210469.4,38370.5,200674.2
3025,42107,51.2619,7.1513,Nordrhein-Westfalen,NW,"Wuppertal, Stadt",5124.0,"(51.2619, 7.1513)",357987.6,51997.0,432541.6,254403.1,552918.1,501076.5,438897.1,560824.8,56925.8,37756.6,90066.3,568517.7,90597.0,209616.9,40292.6,199821.7
3026,42109,51.2765,7.1559,Nordrhein-Westfalen,NW,"Wuppertal, Stadt",5124.0,"(51.2765, 7.1559)",358883.5,52137.4,432682.0,255299.0,553814.1,501216.9,439793.1,561720.7,57821.7,38652.5,90962.2,569413.6,91492.9,209757.2,41188.5,199962.1
3027,42111,51.2667,7.1833,Nordrhein-Westfalen,NW,"Wuppertal, Stadt",5124.0,"(51.2667, 7.1833)",361379.7,50468.4,431013.0,257795.3,556310.3,499547.9,442289.3,564217.0,60317.9,41148.8,93458.5,571909.8,93989.2,208088.3,49191.9,198293.1
3028,42113,51.2678,7.1285,Nordrhein-Westfalen,NW,"Wuppertal, Stadt",5124.0,"(51.2678, 7.1285)",356277.6,53129.3,433673.9,252693.1,551208.2,502208.8,437187.2,559114.8,55215.8,36046.6,88356.3,566807.7,88887.0,210749.2,33725.9,200954.0
3029,42115,51.2497,7.103,Nordrhein-Westfalen,NW,"Wuppertal, Stadt",5124.0,"(51.2497, 7.103)",354136.7,55314.4,435858.9,250552.2,549067.3,504393.8,435046.2,556973.9,53074.9,33905.7,86215.4,564666.8,86746.1,212934.2,34296.3,203139.0
3030,42117,51.2498,7.1239,Nordrhein-Westfalen,NW,"Wuppertal, Stadt",5124.0,"(51.2498, 7.1239)",354699.2,54891.7,435436.2,251114.8,549629.8,503971.2,435608.8,557536.5,53637.4,34468.3,86778.0,565229.3,87308.7,212511.5,37004.2,202716.3
3031,42119,51.2441,7.1661,Nordrhein-Westfalen,NW,"Wuppertal, Stadt",5124.0,"(51.2441, 7.1661)",357750.4,59358.2,439490.9,254165.9,552681.0,508025.8,438660.0,560587.6,56673.0,37503.8,89813.6,568280.5,89995.3,216566.2,42107.6,206771.0
3032,42275,51.2718,7.204,Nordrhein-Westfalen,NW,"Wuppertal, Stadt",5124.0,"(51.2718, 7.204)",358612.1,49045.7,429178.3,214178.5,553542.7,497713.3,439521.7,561449.4,60778.3,41609.2,93918.9,569142.3,90857.1,206253.6,47769.1,196458.5
3033,42277,51.2742,7.2203,Nordrhein-Westfalen,NW,"Wuppertal, Stadt",5124.0,"(51.2742, 7.2203)",358584.9,48604.2,428736.8,214151.3,553515.5,497271.7,439494.5,561422.1,62100.4,42931.3,95241.0,569115.0,90829.8,205812.1,47327.6,196016.9
