,zipcode,lat,long,state,state_code,community_name,community_code,coor,AKB Kitzingen,AKB Dortmund,AKB Zörbig,AKB Schöneck,AKB Buch,Mosolf Etzin,Mosolf Kippenheim,BLG Kelheim,BLG Duisburg,BLG Neuss,Carservice Erkens,ARS Altmann Wolnzach,CAT Zülpich,Autohaus Siebrecht,Neu: FleetParQ Essen ,Neu: FleetParQ Kassel
4510,65835,50.1185,8.4885,Hessen,HE,Main-Taunus-Kreis,6436.0,"(50.1185, 8.4885)",151403.8,228174.5,412738.5,40039.8,346334.3,540194.4,239859.3,354241.0,242686.3,223788.9,275826.8,361933.9,212471.2,247797.6,249215.6,193844.9
4511,65843,50.134,8.528,Hessen,HE,Main-Taunus-Kreis,6436.0,"(50.134, 8.528)",150460.9,227231.6,411795.6,39096.9,345391.4,539251.5,238916.4,353298.1,241513.4,222616.0,274653.9,360991.0,211298.3,246854.7,248042.7,192902.0
4512,65929,50.1045,8.5389,Hessen,HE,"Frankfurt am Main, Stadt",6412.0,"(50.1045, 8.5389)",149952.5,226723.2,411287.2,38588.5,344883.0,538743.1,238408.0,352789.7,240297.0,221399.6,273437.5,360482.6,210081.9,246346.3,246826.3,192393.6
4513,65931,50.091,8.5044,Hessen,HE,"Frankfurt am Main, Stadt",6412.0,"(50.091, 8.5044)",147118.6,230668.5,415232.5,42533.8,342049.2,542688.4,235280.0,349955.9,236254.8,217357.4,269395.3,357648.7,206039.7,250291.6,242784.1,196338.9
4514,65933,50.0979,8.5999,Hessen,HE,"Frankfurt am Main, Stadt",6412.0,"(50.0979, 8.5999)",145998.4,227215.1,411779.1,39080.4,340929.0,539235.0,234453.9,348835.6,243603.8,224706.5,276744.4,356528.5,213388.8,246838.3,250133.2,192885.5
4515,65934,50.1027,8.5749,Hessen,HE,"Frankfurt am Main, Stadt",6412.0,"(50.1027, 8.5749)",146486.7,227703.5,412267.5,39568.8,341417.3,539723.4,234942.3,349324.0,243482.3,224585.0,276622.9,357016.8,213267.3,247326.6,250011.7,193373.9
4516,65936,50.1207,8.5663,Hessen,HE,"Frankfurt am Main, Stadt",6412.0,"(50.1207, 8.5663)",145438.5,223611.6,408175.5,35476.9,340369.1,535631.5,233894.0,348275.8,242437.7,223540.4,275578.3,355968.6,212222.7,243234.7,248967.1,189282.0
4517,66111,49.2461,7.0022,Saarland,SL,Regionalverband Saarbrücken,10041.0,"(49.2461, 7.0022)",305175.6,337747.2,584544.9,206356.2,334822.9,712000.9,170504.0,466286.9,302511.8,274755.8,312865.0,456926.0,213331.5,419604.1,317019.0,365651.4
4518,66113,49.2431,6.9757,Saarland,SL,Regionalverband Saarbrücken,10041.0,"(49.2431, 6.9757)",310992.8,333695.7,590362.1,212173.4,340640.1,717818.0,171028.7,472104.1,298460.3,270704.3,308813.5,462743.1,209280.0,425421.2,312967.5,371468.5
4519,66115,49.2399,6.9696,Saarland,SL,Regionalverband Saarbrücken,10041.0,"(49.2399, 6.9696)",310468.1,334576.9,589837.4,211648.7,340115.4,717293.4,170504.0,471579.4,299341.5,271585.5,309694.7,462218.5,210161.2,424896.6,313848.7,370943.9
4520,66117,49.2146,6.9682,Saarland,SL,Regionalverband Saarbrücken,10041.0,"(49.2146, 6.9682)",309348.7,339308.1,588718.0,210529.3,338996.0,716174.0,178723.8,470460.0,304072.7,276316.7,314425.9,461099.1,214892.4,423777.2,318579.9,369824.5
4521,66119,49.2087,7.0202,Saarland,SL,Regionalverband Saarbrücken,10041.0,"(49.2087, 7.0202)",307646.0,339983.7,587015.3,208826.6,337293.3,714471.2,164393.8,468757.3,304748.3,276992.4,315101.6,459396.3,215568.0,422074.4,319255.6,368121.7
4522,66121,49.229,7.0124,Saarland,SL,Regionalverband Saarbrücken,10041.0,"(49.229, 7.0124)",307317.4,338330.2,586686.8,208498.1,336964.8,714142.7,167353.4,468428.7,303094.8,275338.8,313448.0,459067.8,213914.5,421745.9,317602.0,367793.2
4523,66123,49.2333,7.0,Saarland,SL,Regionalverband Saarbrücken,10041.0,"(49.2333, 7.0)",308072.7,338094.7,587442.0,209253.3,337720.0,714898.0,168108.6,469184.0,302859.3,275103.3,313212.5,459823.1,213679.0,422501.2,317366.5,368548.5
4524,66125,49.2718,7.0325,Saarland,SL,Regionalverband Saarbrücken,10041.0,"(49.2718, 7.0325)",302391.3,333574.3,581760.6,203571.9,332038.6,709216.5,175602.2,463502.5,298338.9,270582.9,308692.1,454141.6,209158.6,416819.7,312846.1,362867.0
4525,66126,49.2333,7.0,Saarland,SL,Regionalverband Saarbrücken,10041.0,"(49.2333, 7.0)",308072.7,338094.7,587442.0,209253.3,337720.0,714898.0,168108.6,469184.0,302859.3,275103.3,313212.5,459823.1,213679.0,422501.2,317366.5,368548.5
4526,66127,49.2333,7.0,Saarland,SL,Regionalverband Saarbrücken,10041.0,"(49.2333, 7.0)",308072.7,338094.7,587442.0,209253.3,337720.0,714898.0,168108.6,469184.0,302859.3,275103.3,313212.5,459823.1,213679.0,422501.2,317366.5,368548.5
4527,66128,49.2333,7.0,Saarland,SL,Regionalverband Saarbrücken,10041.0,"(49.2333, 7.0)",308072.7,338094.7,587442.0,209253.3,337720.0,714898.0,168108.6,469184.0,302859.3,275103.3,313212.5,459823.1,213679.0,422501.2,317366.5,368548.5
4528,66129,49.2333,7.0,Saarland,SL,Regionalverband Saarbrücken,10041.0,"(49.2333, 7.0)",308072.7,338094.7,587442.0,209253.3,337720.0,714898.0,168108.6,469184.0,302859.3,275103.3,313212.5,459823.1,213679.0,422501.2,317366.5,368548.5
4529,66130,49.247,6.9105,Saarland,SL,Regionalverband Saarbrücken,10041.0,"(49.247, 6.9105)",316144.8,335314.6,595514.1,217325.4,345792.1,722970.0,176180.7,477256.1,300079.2,272323.3,310432.5,467895.1,210898.9,430573.2,314586.4,376620.5
4530,66131,49.2333,7.0,Saarland,SL,Regionalverband Saarbrücken,10041.0,"(49.2333, 7.0)",308072.7,338094.7,587442.0,209253.3,337720.0,714898.0,168108.6,469184.0,302859.3,275103.3,313212.5,459823.1,213679.0,422501.2,317366.5,368548.5
4531,66132,49.2333,7.0,Saarland,SL,Regionalverband Saarbrücken,10041.0,"(49.2333, 7.0)",308072.7,338094.7,587442.0,209253.3,337720.0,714898.0,168108.6,469184.0,302859.3,275103.3,313212.5,459823.1,213679.0,422501.2,317366.5,368548.5
4532,66133,49.2333,7.0,Saarland,SL,Regionalverband Saarbrücken,10041.0,"(49.2333, 7.0)",308072.7,338094.7,587442.0,209253.3,337720.0,714898.0,168108.6,469184.0,302859.3,275103.3,313212.5,459823.1,213679.0,422501.2,317366.5,368548.5
4533,66265,49.3363,6.9304,Saarland,SL,Regionalverband Saarbrücken,10041.0,"(49.3363, 6.9304)",310648.0,326590.1,590017.4,211828.6,339830.3,717473.3,182854.0,471759.3,291354.7,263598.7,301707.9,462398.4,202174.4,425076.5,305861.9,371123.8
4534,66271,49.1578,7.0373,Saarland,SL,Regionalverband Saarbrücken,10041.0,"(49.1578, 7.0373)",311416.3,346938.8,590785.6,212596.9,358575.3,718241.5,157641.7,472527.6,311703.5,283947.5,322056.7,463166.6,222523.1,425844.7,326210.7,371892.0
4535,66280,49.3,7.0667,Saarland,SL,Regionalverband Saarbrücken,10041.0,"(49.3, 7.0667)",298338.9,329936.9,577708.3,199519.6,327521.2,705164.2,182116.9,459450.2,294701.5,266945.5,305054.7,450089.3,205521.2,412767.4,309208.7,358814.7
4536,66287,49.3167,7.05,Saarland,SL,Regionalverband Saarbrücken,10041.0,"(49.3167, 7.05)",300269.8,326224.6,579639.2,201450.4,329452.1,707095.1,180856.6,461381.1,290989.2,263233.2,301342.4,452020.2,201808.9,414698.3,305496.4,360745.6
4537,66292,49.3,6.9333,Saarland,SL,Regionalverband Saarbrücken,10041.0,"(49.3, 6.9333)",313282.0,328946.6,592651.4,214462.7,342464.3,720107.3,178812.7,474393.3,293711.3,265955.3,304064.5,465032.4,204530.9,427710.5,308218.5,373757.8
4538,66299,49.3279,7.0962,Saarland,SL,Regionalverband Saarbrücken,10041.0,"(49.3279, 7.0962)",295487.2,327109.8,574856.6,196667.8,324669.5,702312.5,183567.8,456598.5,291874.4,264118.4,302227.6,447237.6,202694.1,409915.7,306381.6,355963.0
4539,66333,49.2516,6.8587,Saarland,SL,Regionalverband Saarbrücken,10041.0,"(49.2516, 6.8587)",319892.7,337297.7,599262.0,221073.3,349540.0,726717.9,179928.6,481004.0,302062.4,274306.4,312415.6,471643.0,212882.0,434321.1,316569.6,380368.4
4540,66346,49.2855,6.8872,Saarland,SL,Regionalverband Saarbrücken,10041.0,"(49.2855, 6.8872)",317462.0,333126.6,596831.3,218642.6,346644.2,724287.3,181682.8,478573.3,297891.2,270135.2,308244.4,469212.4,208710.9,431890.5,312398.4,377937.8
4541,66352,49.203,6.8415,Saarland,SL,Regionalverband Saarbrücken,10041.0,"(49.203, 6.8415)",322012.3,345452.1,601381.7,223193.0,373984.0,728837.6,173050.4,483123.6,310216.7,282460.7,320569.9,473762.7,221036.4,436440.8,324723.9,382488.1
4542,66359,49.2773,6.8013,Saarland,SL,Saarlouis,10044.0,"(49.2773, 6.8013)",322956.2,338898.2,602325.5,224136.8,352138.4,729781.4,185529.5,484067.5,303662.9,275906.9,314016.1,474706.5,214482.5,437384.6,318170.1,383431.9
4543,66386,49.277,7.1167,Saarland,SL,Saarpfalz-Kreis,10045.0,"(49.277, 7.1167)",295256.4,334882.4,574625.8,196437.0,324903.7,702081.7,177029.1,456367.7,299647.0,271891.0,310000.2,447006.8,210466.7,409684.9,314154.2,355732.2
4544,66399,49.1833,7.1667,Saarland,SL,Saarpfalz-Kreis,10045.0,"(49.1833, 7.1667)",306047.4,349634.8,585416.7,207228.0,320765.6,712872.6,166027.0,467158.7,314399.4,286643.4,324752.6,457797.7,225219.1,420475.8,328906.6,366523.1
4545,66424,49.3264,7.3387,Saarland,SL,Saarpfalz-Kreis,10045.0,"(49.3264, 7.3387)",281121.5,348896.8,560490.9,182302.1,356415.3,687946.8,195397.2,442232.8,313661.5,285905.5,324014.7,432871.9,224481.1,395550.0,328168.7,341597.3
4546,66440,49.2372,7.2562,Saarland,SL,Saarpfalz-Kreis,10045.0,"(49.2372, 7.2562)",297338.4,354123.4,576707.7,198519.0,311033.4,704163.6,176192.4,458449.6,318888.0,291132.0,329241.2,449088.7,229707.7,411766.8,333395.2,357814.1
4547,66450,49.3462,7.2553,Saarland,SL,Saarpfalz-Kreis,10045.0,"(49.3462, 7.2553)",280713.4,343576.0,560082.8,181894.1,356007.3,687538.7,193860.1,441824.7,308340.7,280584.7,318693.9,432463.8,219160.3,395141.9,322847.9,341189.2
4548,66453,49.15,7.2,Saarland,SL,Saarpfalz-Kreis,10045.0,"(49.15, 7.2)",308202.7,364987.7,587572.0,209383.3,314961.1,715028.0,167030.4,469314.0,329752.4,301996.4,340105.6,459953.0,240572.0,422631.2,344259.6,368678.5
4549,66459,49.2833,7.2333,Saarland,SL,Saarpfalz-Kreis,10045.0,"(49.2833, 7.2333)",287961.3,344746.4,567330.7,189142.0,314138.6,694786.6,184136.3,449072.6,309511.0,281755.0,319864.2,439711.7,220330.7,402389.8,324018.2,348437.1
4550,66482,49.2469,7.3698,Rheinland-Pfalz,RP,"Zweibrücken, kreisfreie Stadt",7320.0,"(49.2469, 7.3698)",295734.5,352519.6,575103.9,196915.1,300440.1,702559.8,153372.1,456845.8,317284.2,289528.2,327637.4,447484.9,228103.9,410163.0,331791.4,356210.3
4551,66484,49.22756666666667,7.4541,Rheinland-Pfalz,RP,Südwestpfalz,7340.0,"(49.22756666666667, 7.4541)",296633.9,365748.6,576003.3,197814.6,291589.0,703459.2,171139.6,415661.7,330513.3,302757.3,340866.5,406300.7,241332.9,411062.4,345020.5,357109.7
4552,66497,49.25,7.4333,Rheinland-Pfalz,RP,Südwestpfalz,7340.0,"(49.25, 7.4333)",289283.5,358638.1,568652.8,190464.1,294860.4,696108.7,152309.5,418933.1,323402.7,295646.7,333755.9,409572.2,234222.4,403711.9,337909.9,349759.2
4553,66500,49.185550000000006,7.3844,Rheinland-Pfalz,RP,Südwestpfalz,7340.0,"(49.185550000000006, 7.3844)",306925.6,363710.7,586295.0,208106.3,301687.8,713750.9,143666.4,425760.5,328475.3,300719.3,338828.5,416399.6,239295.0,421354.1,342982.5,367401.4
4554,66501,49.30835,7.425,Rheinland-Pfalz,RP,Südwestpfalz,7340.0,"(49.30835, 7.425)",280700.4,357632.5,560069.7,181881.0,303634.1,687525.6,161083.1,441811.7,322397.2,294641.2,332750.4,432450.7,233216.8,395128.8,336904.4,341176.1
4555,66503,49.234,7.474,Rheinland-Pfalz,RP,Südwestpfalz,7340.0,"(49.234, 7.474)",296168.7,365283.4,575538.1,197349.4,291123.8,702994.0,170674.4,415196.5,330048.1,302292.1,340401.3,405835.5,240867.7,410597.2,344555.3,356644.5
4556,66504,49.1833,7.5,Rheinland-Pfalz,RP,Südwestpfalz,7340.0,"(49.1833, 7.5)",300963.7,369738.1,580333.1,202144.3,286075.7,707789.0,145198.2,410148.4,334502.7,306746.7,344855.9,400787.5,245322.4,415392.2,349009.9,361439.5
4557,66506,49.2667,7.5333,Rheinland-Pfalz,RP,Südwestpfalz,7340.0,"(49.2667, 7.5333)",286511.5,365033.5,565880.9,187692.1,288502.9,693336.8,168053.6,447622.8,329798.2,302042.2,340151.4,438261.9,240617.8,400940.0,344305.4,346987.3
4558,66507,49.2828,7.5096,Rheinland-Pfalz,RP,Südwestpfalz,7340.0,"(49.2828, 7.5096)",280401.3,358923.3,559770.6,181581.9,292109.6,687226.5,171660.2,441512.6,323687.9,295931.9,334041.1,432151.6,234507.6,394829.8,338195.1,340877.0
4559,66509,49.2333,7.5,Rheinland-Pfalz,RP,Südwestpfalz,7340.0,"(49.2333, 7.5)",291622.9,367377.1,570992.3,192803.5,286158.7,698448.2,165709.4,410231.4,332141.8,304385.8,342495.0,400870.5,242961.4,406051.4,346649.0,352098.7
4560,66538,49.3448,7.1799,Saarland,SL,Neunkirchen,10043.0,"(49.3448, 7.1799)",289458.7,334604.9,568828.0,190639.3,318640.9,696283.9,194876.6,450570.0,299369.6,271613.6,309722.8,441209.0,210189.2,403887.1,313876.8,349934.4
4561,66539,49.3366,7.2191,Saarland,SL,Neunkirchen,10043.0,"(49.3366, 7.2191)",286752.0,341885.8,566121.3,187932.6,315934.2,693577.3,192169.9,447863.3,306650.4,278894.5,317003.7,438502.4,217470.1,401180.5,321157.7,347227.8
4562,66540,49.367,7.1841,Saarland,SL,Neunkirchen,10043.0,"(49.367, 7.1841)",292251.1,337973.2,571620.5,193431.8,321433.4,699076.4,197669.1,453362.4,302737.8,274981.9,313091.1,444001.5,213557.5,406679.6,317245.0,352726.9
4563,66557,49.3736,7.0476,Saarland,SL,Neunkirchen,10043.0,"(49.3736, 7.0476)",304284.4,320184.0,583653.8,205465.0,333466.7,711109.7,190426.6,465395.7,284948.6,257192.6,295301.8,456034.8,195768.3,418712.9,299455.8,364760.2
4564,66564,49.4013,7.1642,Saarland,SL,Neunkirchen,10043.0,"(49.4013, 7.1642)",301264.4,323645.2,580633.7,202445.0,330446.6,708089.7,206682.3,462375.7,288409.8,260653.8,298763.0,453014.8,199229.5,415692.9,302917.0,361740.2
4565,66571,49.4,6.9667,Saarland,SL,Neunkirchen,10043.0,"(49.4, 6.9667)",310476.7,312190.6,589846.1,211657.3,339659.0,717302.0,193897.7,471588.0,276955.3,249199.3,287308.5,462227.1,187774.9,424905.2,291462.5,370952.5
4566,66578,49.3667,7.1333,Saarland,SL,Neunkirchen,10043.0,"(49.3667, 7.1333)",296702.0,332602.0,576071.4,197882.7,325884.3,703527.3,202120.0,457813.3,297366.6,269610.6,307719.8,448452.4,208186.3,411130.5,311873.8,357177.8
4567,66583,49.3167,7.1333,Saarland,SL,Neunkirchen,10043.0,"(49.3167, 7.1333)",292678.0,329585.2,572047.3,193858.6,321860.2,699503.2,182356.8,453789.3,294349.8,266593.8,304703.0,444428.3,205169.5,407106.5,308857.0,353153.7
4568,66589,49.35,7.05,Saarland,SL,Neunkirchen,10043.0,"(49.35, 7.05)",300876.5,323137.0,580245.8,202057.1,330058.7,707701.7,187018.7,461987.8,287901.7,260145.7,298254.9,452626.8,198721.3,415305.0,302408.9,361352.2
4569,66606,49.4663,7.1681,Saarland,SL,St. Wendel,10046.0,"(49.4663, 7.1681)",297318.9,315672.7,576688.2,198499.5,372612.7,704144.1,216320.1,458430.2,280437.3,252681.3,290790.5,449069.2,191257.0,411747.3,294944.5,357794.6
4570,66620,49.6076,6.9699,Saarland,SL,St. Wendel,10046.0,"(49.6076, 6.9699)",312763.5,284953.9,592132.8,213944.1,388057.3,719588.8,221351.4,473874.8,249718.6,221962.6,260071.8,464513.9,160538.2,427192.0,264225.8,373239.3
4571,66625,49.5759,7.0808,Saarland,SL,St. Wendel,10046.0,"(49.5759, 7.0808)",305625.1,298388.6,584994.4,206805.7,380918.9,712450.3,229710.1,466736.4,263153.2,235397.2,273506.4,457375.4,173972.9,420053.5,277660.4,366100.8
4572,66629,49.55,7.25,Saarland,SL,St. Wendel,10046.0,"(49.55, 7.25)",286573.4,311277.1,565942.7,187754.0,361867.2,693398.7,270358.1,447684.7,276041.7,248285.7,286394.9,438323.8,186861.4,401001.9,290548.9,347049.2
4573,66636,49.4837,7.0369,Saarland,SL,St. Wendel,10046.0,"(49.4837, 7.0369)",322078.8,302448.6,601448.1,223259.4,351261.0,728904.0,205499.7,483190.1,267213.2,239457.2,277566.4,473829.1,178032.9,436507.2,281720.4,382554.5
4574,66640,49.5217,7.1407,Saarland,SL,St. Wendel,10046.0,"(49.5217, 7.1407)",297826.5,307034.3,577195.8,199007.1,373120.3,704651.8,223965.8,458937.8,271799.0,244043.0,282152.2,449576.9,182618.6,412255.0,286306.2,358302.3
4575,66646,49.4523,7.0582,Saarland,SL,St. Wendel,10046.0,"(49.4523, 7.0582)",310288.4,307881.9,589657.7,211469.0,385582.2,717113.6,202458.1,471399.7,272646.6,244890.6,282999.8,462038.7,183466.2,424716.8,287153.8,370764.1
4576,66649,49.5126,7.0838,Saarland,SL,St. Wendel,10046.0,"(49.5126, 7.0838)",302835.1,307136.1,582204.5,204015.7,378129.0,709660.4,213686.3,463946.4,271900.7,244144.7,282253.9,454585.5,182720.4,417263.6,286407.9,363310.9
4577,66663,49.4433,6.6387,Saarland,SL,Merzig-Wadern,10042.0,"(49.4433, 6.6387)",343152.2,325645.8,622521.5,244332.8,372334.4,749977.4,213806.0,504263.4,290410.4,262654.4,300763.6,494902.5,201230.1,457580.6,304917.6,403627.9
4578,66679,49.5181,6.735,Saarland,SL,Merzig-Wadern,10042.0,"(49.5181, 6.735)",337183.1,303605.6,616552.4,238363.7,412476.9,744008.3,225598.8,498294.4,268370.2,240614.2,278723.4,488933.4,179189.9,451611.5,282877.4,397658.8
4579,66687,49.5412,6.8877,Saarland,SL,Merzig-Wadern,10042.0,"(49.5412, 6.8877)",322155.3,295274.5,601524.7,223335.9,397449.2,728980.6,226175.1,483266.6,260039.2,232283.2,270392.4,473905.7,170858.8,436583.8,274546.4,382631.1
4580,66693,49.4936,6.5969,Saarland,SL,Merzig-Wadern,10042.0,"(49.4936, 6.5969)",351099.7,306637.2,630469.0,252280.3,380281.9,757925.0,221753.5,512211.0,271401.8,243645.8,281755.0,502850.1,182221.5,465528.2,285909.0,411575.5
4581,66701,49.4,6.7,Saarland,SL,Merzig-Wadern,10042.0,"(49.4, 6.7)",337082.8,319436.9,616452.1,238263.4,366265.0,743908.0,207736.6,498194.1,284201.5,256445.5,294554.7,488833.1,195021.2,451511.2,298708.7,397558.5
4582,66706,49.4717,6.3813,Saarland,SL,Merzig-Wadern,10042.0,"(49.4717, 6.3813)",363993.2,304641.6,643362.5,265173.8,393175.4,770818.4,234647.0,525104.5,269406.3,241650.3,279759.5,515743.5,180225.9,478421.6,283913.5,424468.9
4583,66709,49.55,6.8167,Saarland,SL,Merzig-Wadern,10042.0,"(49.55, 6.8167)",327407.2,295127.3,606776.5,228587.8,402701.0,734232.4,234267.4,488518.5,259891.9,232136.0,270245.2,479157.5,170711.6,441835.7,274399.1,387883.0
4584,66740,49.3137,6.7515,Saarland,SL,Saarlouis,10044.0,"(49.3137, 6.7515)",327284.0,343226.1,606653.4,228464.6,356466.3,734109.3,194970.9,488395.3,307990.7,280234.7,318343.9,479034.4,218810.4,441712.5,322497.9,387759.8
4585,66763,49.3556,6.7278,Saarland,SL,Saarlouis,10044.0,"(49.3556, 6.7278)",327735.3,343677.3,607104.6,228915.9,356917.5,734560.5,201431.6,488846.6,308441.9,280686.0,318795.2,479485.6,219261.6,442163.7,322949.1,388211.0
4586,66773,49.3,6.8167,Saarland,SL,Saarlouis,10044.0,"(49.3, 6.8167)",320186.2,336128.2,599555.5,221366.8,349368.4,727011.4,197368.0,481297.5,300892.9,273136.9,311246.1,471936.5,211712.5,434614.7,315400.1,380661.9
4587,66780,49.3756,6.6844,Saarland,SL,Saarlouis,10044.0,"(49.3756, 6.6844)",333348.5,349290.5,612717.8,234529.1,362530.7,740173.8,204002.3,494459.8,314055.2,286299.2,324408.4,485098.8,224874.8,447777.0,328562.4,393824.3
4588,66787,49.2667,6.7833,Saarland,SL,Saarlouis,10044.0,"(49.2667, 6.7833)",328440.4,341446.3,607809.8,229621.0,358087.7,735265.7,193651.4,489551.7,306210.9,278455.0,316564.2,480190.8,217030.6,442868.9,320718.2,388916.2
4589,66793,49.3543,6.8049,Saarland,SL,Saarlouis,10044.0,"(49.3543, 6.8049)",322845.0,338787.1,602214.4,224025.7,352027.3,729670.3,204824.8,483956.3,303551.7,275795.7,313904.9,474595.4,214371.4,437273.5,318058.9,383320.8
4590,66798,49.3275,6.711,Saarland,SL,Saarlouis,10044.0,"(49.3275, 6.711)",331397.8,347339.8,610767.1,232578.4,360580.0,738223.0,197861.1,492509.1,312104.5,284348.5,322457.7,483148.1,222924.1,445826.2,326611.7,391873.5
4591,66802,49.2419,6.6984,Saarland,SL,Saarlouis,10044.0,"(49.2419, 6.6984)",342401.4,358343.4,621770.7,243582.0,384347.3,749226.6,183413.7,503512.7,323108.1,295352.1,333461.3,494151.7,233927.7,456829.9,337615.3,402877.2
