,zipcode,lat,long,state,state_code,community_name,community_code,coor,AKB Kitzingen,AKB Dortmund,AKB Zörbig,AKB Schöneck,AKB Buch,Mosolf Etzin,Mosolf Kippenheim,BLG Kelheim,BLG Duisburg,BLG Neuss,Carservice Erkens,ARS Altmann Wolnzach,CAT Zülpich,Autohaus Siebrecht,Neu: FleetParQ Essen ,Neu: FleetParQ Kassel
0,01067,51.0547,13.7269,Sachsen,SN,Kreisfreie Stadt Dresden,14612.0,"(51.0547, 13.7269)",373603.4,516385.5,155696.9,460857.6,511045.4,247458.4,643658.1,359656.4,595466.6,584338.6,622440.7,405654.5,617219.9,354548.1,553037.3,350318.7
1,01069,51.043,13.7373,Sachsen,SN,Kreisfreie Stadt Dresden,14612.0,"(51.043, 13.7373)",380443.6,523225.7,162537.1,467697.8,517885.6,249346.5,650498.3,366496.6,602306.8,591178.8,629280.9,412494.7,624060.1,361388.3,559877.5,357158.9
2,01097,51.0714,13.7399,Sachsen,SN,Kreisfreie Stadt Dresden,14612.0,"(51.0714, 13.7399)",374843.4,517625.5,156936.9,462097.6,512285.4,245463.9,644898.1,360896.4,596706.6,585578.6,623680.7,406894.5,618459.9,355788.1,554277.3,351558.7
3,01099,51.0783,13.8051,Sachsen,SN,Kreisfreie Stadt Dresden,14612.0,"(51.0783, 13.8051)",379475.1,522257.3,161568.6,466729.4,516917.1,248962.8,649529.8,365528.2,601338.4,590210.3,628312.4,411526.2,623091.6,360419.8,558909.0,356190.5
4,01108,51.15573333333333,13.782466666666666,Sachsen,SN,Kreisfreie Stadt Dresden,14612.0,"(51.15573333333333, 13.782466666666666)",388473.1,531255.2,170566.6,475727.3,525915.1,248445.5,658527.8,374526.1,610336.3,599208.3,637310.4,420524.2,632089.6,369417.8,567907.0,365188.4
5,01109,51.1164,13.7468,Sachsen,SN,Kreisfreie Stadt Dresden,14612.0,"(51.1164, 13.7468)",377972.1,520754.2,160065.6,465226.3,515414.1,240238.2,648026.8,364025.1,599835.3,588707.3,626809.4,410023.2,621588.6,358916.8,557406.0,354687.5
6,01127,51.079,13.7208,Sachsen,SN,Kreisfreie Stadt Dresden,14612.0,"(51.079, 13.7208)",372358.0,515140.1,154451.5,459612.2,509800.0,245076.2,642412.7,358411.0,594221.2,583093.2,621195.3,404409.1,615974.4,353302.7,551791.9,349073.3
7,01129,51.0967,13.736,Sachsen,SN,Kreisfreie Stadt Dresden,14612.0,"(51.0967, 13.736)",375370.1,518152.2,157463.6,462624.3,512812.1,241874.9,645424.8,361423.1,597233.3,586105.3,624207.4,407421.2,618986.6,356314.8,554804.0,352085.5
8,01139,51.0836,13.6981,Sachsen,SN,Kreisfreie Stadt Dresden,14612.0,"(51.0836, 13.6981)",370603.5,513385.6,152697.0,457857.7,508045.5,245330.2,640658.2,356656.5,592466.7,581338.7,619440.8,402654.6,614220.0,351548.2,550037.4,347318.9
9,01156,51.04942,13.62143,Sachsen,SN,Kreisfreie Stadt Dresden,14612.0,"(51.04942, 13.62143)",370034.2,512816.3,152127.7,457288.4,507476.2,258067.0,640088.9,356087.2,591897.4,580769.4,618871.5,402085.3,613650.7,350978.9,549468.1,346749.6
10,01157,51.0707,13.6729,Sachsen,SN,Kreisfreie Stadt Dresden,14612.0,"(51.0707, 13.6729)",368732.4,511514.5,150825.8,455986.6,506174.4,249307.1,638787.0,354785.4,590595.6,579467.5,617569.7,400783.4,612348.8,349677.1,548166.3,345447.7
11,01159,51.0452,13.6996,Sachsen,SN,Kreisfreie Stadt Dresden,14612.0,"(51.0452, 13.6996)",373047.2,515829.3,155140.6,460301.4,510489.1,250119.3,643101.8,359100.2,594910.4,583782.3,621884.5,405098.2,616663.6,353991.9,552481.1,349762.5
12,01169,51.0443,13.6738,Sachsen,SN,Kreisfreie Stadt Dresden,14612.0,"(51.0443, 13.6738)",372193.1,514975.2,154286.5,459447.3,509635.1,250384.6,642247.8,358246.1,594056.3,582928.2,621030.4,404244.2,615809.5,353137.8,551627.0,348908.4
13,01187,51.0281,13.6943,Sachsen,SN,Kreisfreie Stadt Dresden,14612.0,"(51.0281, 13.6943)",373700.6,516482.8,155794.1,460954.9,511142.6,252267.3,643755.3,359753.7,595563.9,584435.8,622537.9,405751.7,617317.1,354645.3,553134.5,350416.0
14,01189,51.05,13.75,Sachsen,SN,Kreisfreie Stadt Dresden,14612.0,"(51.05, 13.75)",376310.7,519092.9,158404.2,463565.0,513752.7,248247.6,646365.4,362363.8,598174.0,587045.9,625148.0,408361.8,619927.2,357255.4,555744.6,353026.1
15,01217,51.05,13.75,Sachsen,SN,Kreisfreie Stadt Dresden,14612.0,"(51.05, 13.75)",376310.7,519092.9,158404.2,463565.0,513752.7,248247.6,646365.4,362363.8,598174.0,587045.9,625148.0,408361.8,619927.2,357255.4,555744.6,353026.1
16,01219,51.021,13.7679,Sachsen,SN,Kreisfreie Stadt Dresden,14612.0,"(51.021, 13.7679)",383025.0,525807.2,165118.5,470279.3,520467.0,252405.2,653079.7,369078.1,604888.3,593760.2,631862.3,415076.1,626641.5,363969.7,562458.9,359740.4
17,01237,51.013,13.7988,Sachsen,SN,Kreisfreie Stadt Dresden,14612.0,"(51.013, 13.7988)",383864.5,526646.6,165957.9,471118.7,521306.4,254721.0,653919.1,369917.5,605727.7,594599.6,632701.8,415915.5,627480.9,364809.2,563298.4,360579.8
18,01239,51.0066,13.8089,Sachsen,SN,Kreisfreie Stadt Dresden,14612.0,"(51.0066, 13.8089)",382869.6,525651.7,164963.0,470123.8,520311.5,255718.6,652924.2,368922.6,604732.8,593604.7,631706.8,414920.6,626486.0,363814.2,562303.4,359584.9
19,01257,51.0114,13.8054,Sachsen,SN,Kreisfreie Stadt Dresden,14612.0,"(51.0114, 13.8054)",383709.7,526491.8,165803.2,470963.9,521151.7,255153.0,653764.4,369762.7,605572.9,594444.9,632547.0,415760.8,627326.1,364654.4,563143.6,360425.0
20,01259,51.05,13.75,Sachsen,SN,Kreisfreie Stadt Dresden,14612.0,"(51.05, 13.75)",376310.7,519092.9,158404.2,463565.0,513752.7,248247.6,646365.4,362363.8,598174.0,587045.9,625148.0,408361.8,619927.2,357255.4,555744.6,353026.1
21,01277,51.042566666666666,13.787033333333332,Sachsen,SN,Kreisfreie Stadt Dresden,14612.0,"(51.042566666666666, 13.787033333333332)",379121.6,521903.7,161215.0,466375.8,516563.6,250389.1,649176.3,365174.6,600984.8,589856.7,627958.9,411172.7,622738.0,360066.3,558555.5,355836.9
22,01279,51.0425,13.7801,Sachsen,SN,Kreisfreie Stadt Dresden,14612.0,"(51.0425, 13.7801)",378871.9,521654.0,160965.3,466126.1,516313.8,250139.4,648926.5,364924.9,600735.1,589607.0,627709.2,410922.9,622488.3,359816.6,558305.8,355587.2
23,01307,51.05,13.75,Sachsen,SN,Kreisfreie Stadt Dresden,14612.0,"(51.05, 13.75)",376310.7,519092.9,158404.2,463565.0,513752.7,248247.6,646365.4,362363.8,598174.0,587045.9,625148.0,408361.8,619927.2,357255.4,555744.6,353026.1
24,01309,51.05095,13.77835,Sachsen,SN,Kreisfreie Stadt Dresden,14612.0,"(51.05095, 13.77835)",378427.0,521209.2,160520.5,465681.3,515869.0,249045.7,648481.7,364480.1,600290.3,589162.2,627264.3,410478.1,622043.5,359371.7,557860.9,355142.4
25,01324,51.05,13.75,Sachsen,SN,Kreisfreie Stadt Dresden,14612.0,"(51.05, 13.75)",376310.7,519092.9,158404.2,463565.0,513752.7,248247.6,646365.4,362363.8,598174.0,587045.9,625148.0,408361.8,619927.2,357255.4,555744.6,353026.1
26,01326,51.0538,13.8155,Sachsen,SN,Kreisfreie Stadt Dresden,14612.0,"(51.0538, 13.8155)",381162.9,523945.0,163256.3,468417.1,518604.8,250624.1,651217.5,367215.9,603026.1,591898.0,630000.1,413213.9,624779.3,362107.5,560596.7,357878.2
27,01328,51.05,13.75,Sachsen,SN,Kreisfreie Stadt Dresden,14612.0,"(51.05, 13.75)",376310.7,519092.9,158404.2,463565.0,513752.7,248247.6,646365.4,362363.8,598174.0,587045.9,625148.0,408361.8,619927.2,357255.4,555744.6,353026.1
28,01445,51.1065,13.6605,Sachsen,SN,Landkreis Meißen,14627.0,"(51.1065, 13.6605)",374364.5,517146.6,156457.9,461618.7,511806.5,246970.1,644419.2,360417.5,596227.7,585099.6,623201.8,406415.6,617980.9,355309.2,553798.4,351079.8
29,01454,51.1364,13.90925,Sachsen,SN,Landkreis Bautzen,14625.0,"(51.1364, 13.90925)",392880.4,535662.5,174973.8,480134.6,530322.3,252852.8,662935.0,378933.4,614743.6,603615.5,641717.7,424931.4,636496.8,373825.1,572314.3,369595.7
30,01458,51.1833,13.8333,Sachsen,SN,Landkreis Bautzen,14625.0,"(51.1833, 13.8333)",386321.5,529103.6,168415.0,473575.7,523763.5,246294.0,656376.2,372374.5,608184.7,597056.7,635158.8,418372.6,629938.0,367266.2,565755.4,363036.9
31,01465,51.09165,13.8,Sachsen,SN,Kreisfreie Stadt Dresden,14612.0,"(51.09165, 13.8)",380099.8,522882.0,162193.3,467354.1,517541.8,249587.5,650154.5,366152.9,601963.1,590835.0,628937.1,412150.9,623716.3,361044.5,559533.7,356815.2
32,01468,51.1592,13.6802,Sachsen,SN,Landkreis Meißen,14627.0,"(51.1592, 13.6802)",385116.5,527898.6,167209.9,472370.7,522558.5,236835.2,655171.2,371169.5,606979.7,595851.6,633953.8,417167.6,628732.9,366061.2,564550.4,361831.8
33,01471,51.2152,13.7281,Sachsen,SN,Landkreis Meißen,14627.0,"(51.2152, 13.7281)",387419.6,530201.7,169513.0,474673.8,524861.6,228970.2,657474.3,373472.6,609282.8,598154.7,636256.9,419470.7,631036.0,368364.3,566853.5,364134.9
34,01477,51.0942,13.9918,Sachsen,SN,Landkreis Bautzen,14625.0,"(51.0942, 13.9918)",408192.2,550974.3,190285.7,495446.4,545634.2,268164.6,678246.9,394245.2,630055.4,618927.4,657029.5,440243.3,651808.6,389136.9,587626.1,384907.5
35,01558,51.2895,13.5335,Sachsen,SN,Landkreis Meißen,14627.0,"(51.2895, 13.5335)",383808.5,512502.6,151813.9,471062.7,521250.4,231217.3,653863.1,369861.5,591583.7,580455.6,618557.8,415859.5,627044.2,350665.2,549154.4,346435.8
36,01561,51.2955,13.635777777777776,Sachsen,SN,Landkreis Meißen,14627.0,"(51.2955, 13.635777777777776)",404091.4,518780.4,158091.7,491345.6,541533.3,222727.4,674146.0,390144.4,597861.5,586733.4,624835.6,436142.4,647707.8,356943.0,555432.2,352713.6
37,01587,51.2991,13.2848,Sachsen,SN,Landkreis Meißen,14627.0,"(51.2991, 13.2848)",379358.3,491193.8,130505.1,464167.3,516800.3,257961.0,649413.0,365411.3,570274.9,559146.8,597248.9,411409.4,605735.4,329356.3,527845.5,325127.0
38,01589,51.3026,13.3097,Sachsen,SN,Landkreis Meißen,14627.0,"(51.3026, 13.3097)",380514.9,492168.6,131480.0,465142.2,517956.9,184636.7,650569.6,366567.9,571249.7,560121.7,598223.8,412566.0,606710.2,330331.2,528820.4,326101.8
39,01591,51.3,13.3,Sachsen,SN,Landkreis Meißen,14627.0,"(51.3, 13.3)",379590.6,491244.4,130555.7,464217.9,517032.6,258011.7,649645.3,365643.7,570325.5,559197.4,597299.6,411641.7,605786.0,329407.0,527896.2,325177.6
40,01594,51.2509,13.3072,Sachsen,SN,Landkreis Meißen,14627.0,"(51.2509, 13.3072)",373804.8,489544.3,128855.7,461059.0,511246.7,256311.6,643859.4,359857.8,568625.4,557497.4,595599.5,405855.8,604085.9,327706.9,526196.1,323477.5
41,01609,51.3938,13.403566666666668,Sachsen,SN,Landkreis Meißen,14627.0,"(51.3938, 13.403566666666668)",386315.3,506480.1,145791.4,479453.6,523757.3,173588.2,656370.0,372368.4,585561.2,574433.1,612535.3,418366.4,621021.7,344642.7,543131.9,340413.3
42,01612,51.2994,13.3935,Sachsen,SN,Landkreis Meißen,14627.0,"(51.2994, 13.3935)",381007.0,501171.7,140483.1,474145.3,518448.9,241730.9,651061.6,367060.0,580252.8,569124.8,607226.9,413058.0,615713.3,339334.3,537823.5,335104.9
43,01616,51.3525,13.2266,Sachsen,SN,Landkreis Meißen,14627.0,"(51.3525, 13.2266)",375199.0,479904.0,119215.4,452877.6,512641.0,174493.5,645253.7,361252.0,558985.1,547857.1,585959.2,407250.1,594445.6,318066.6,516555.8,313837.2
44,01619,51.36055,13.3982,Sachsen,SN,Landkreis Meißen,14627.0,"(51.36055, 13.3982)",382888.1,503052.9,142364.2,476026.4,520330.1,174829.7,652942.8,368941.1,582134.0,571005.9,609108.1,414939.2,617594.5,341215.4,539704.6,336986.1
45,01623,51.15313333333334,13.3178,Sachsen,SN,Landkreis Meißen,14627.0,"(51.15313333333334, 13.3178)",362050.4,489682.9,128994.2,449304.6,499492.4,256450.2,632105.1,348103.4,568764.0,557635.9,595738.1,394101.5,605666.9,327845.5,526334.7,323616.1
46,01640,51.132,13.5831,Sachsen,SN,Landkreis Meißen,14627.0,"(51.132, 13.5831)",372629.8,515411.9,154723.2,459884.0,510071.7,253392.5,642684.4,358682.8,594493.0,583364.9,621467.1,404680.8,616246.2,353574.5,552063.7,349345.1
47,01662,51.1649,13.4859,Sachsen,SN,Landkreis Meißen,14627.0,"(51.1649, 13.4859)",368836.8,507569.0,146880.3,456091.0,506278.8,248921.3,638891.5,354889.8,586650.1,575522.0,613624.1,400887.9,612453.3,345731.5,544220.7,341502.2
48,01665,51.12028,13.44258,Sachsen,SN,Landkreis Meißen,14627.0,"(51.12028, 13.44258)",368127.0,501358.2,140669.5,455381.2,505569.0,268125.4,638181.7,354180.0,580439.2,569311.2,607413.3,400178.1,611743.4,339520.7,538009.9,335291.4
49,01683,51.0819,13.3598,Sachsen,SN,Landkreis Meißen,14627.0,"(51.0819, 13.3598)",353550.1,492282.3,131593.6,440804.4,490992.1,259049.6,623604.8,339603.2,571363.4,560235.3,598337.5,385601.2,597166.6,330444.9,528934.1,326215.5
50,01689,51.15535,13.5687,Sachsen,SN,Landkreis Meißen,14627.0,"(51.15535, 13.5687)",376234.3,514966.5,154277.8,463488.5,513676.3,253463.5,646289.0,362287.3,594047.6,582919.5,621021.6,408285.4,619850.8,353129.0,551618.2,348899.7
51,01705,51.0017,13.6488,Sachsen,SN,Landkreis Sächsische Schweiz,14628.0,"(51.0017, 13.6488)",374006.7,516788.9,156100.2,461261.0,511448.7,262039.6,644061.4,360059.7,595870.0,584741.9,622844.0,406057.8,617623.2,354951.4,553440.6,350722.1
52,01723,51.052,13.5366,Sachsen,SN,Landkreis Sächsische Schweiz,14628.0,"(51.052, 13.5366)",359777.5,502559.6,141870.9,447031.7,497219.5,269326.9,629832.2,345830.5,581640.7,570512.6,608614.8,391828.6,603393.9,340722.2,539211.4,336492.8
53,01728,50.9929,13.7171,Sachsen,SN,Landkreis Sächsische Schweiz,14628.0,"(50.9929, 13.7171)",377490.6,520272.7,159584.1,464744.8,514932.6,265523.4,647545.3,363543.6,599353.8,588225.8,626327.9,409541.7,621107.0,358435.3,556924.5,354205.9
54,01731,50.9453,13.7551,Sachsen,SN,Landkreis Sächsische Schweiz,14628.0,"(50.9453, 13.7551)",390776.5,533558.6,172870.0,478030.7,528218.5,278809.3,660831.2,376829.5,612639.7,601511.7,639613.8,422827.6,634392.9,371721.2,570210.4,367491.8
55,01734,50.9648,13.6431,Sachsen,SN,Landkreis Sächsische Schweiz,14628.0,"(50.9648, 13.6431)",374654.8,517436.9,156748.3,461909.0,512096.8,267777.0,644709.5,360707.8,596518.0,585390.0,623492.1,406705.9,618271.3,355599.5,554088.7,351370.1
56,01737,50.9791,13.5236,Sachsen,SN,Landkreis Sächsische Schweiz,14628.0,"(50.9791, 13.5236)",373746.4,516528.5,155839.8,461000.6,511188.3,271302.8,643801.0,359799.4,595609.6,584481.5,622583.7,405797.4,617362.8,354691.1,553180.3,350461.7
57,01738,50.9333,13.5667,Sachsen,SN,Landkreis Sächsische Schweiz,14628.0,"(50.9333, 13.5667)",375530.1,518312.3,157623.6,462784.4,512972.1,273086.6,645584.8,361583.2,597393.4,586265.3,624367.4,407581.2,619146.6,356474.8,554964.0,352245.5
58,01744,50.8962,13.6691,Sachsen,SN,Landkreis Sächsische Schweiz,14628.0,"(50.8962, 13.6691)",390467.6,533249.7,172561.0,477721.8,527909.6,278500.4,660522.3,376520.6,612330.8,601202.7,639304.9,422518.7,634084.0,371412.3,569901.5,367182.9
59,01762,50.82655,13.6256,Sachsen,SN,Landkreis Sächsische Schweiz,14628.0,"(50.82655, 13.6256)",373181.5,534439.6,173750.9,460435.7,510623.5,289457.2,643236.2,359234.5,613520.7,602392.6,640494.8,405232.6,616797.9,372602.2,571091.4,368372.8
60,01768,50.84866666666667,13.7776,Sachsen,SN,Landkreis Sächsische Schweiz,14628.0,"(50.84866666666667, 13.7776)",404206.9,546989.0,186300.3,491461.1,541648.8,292239.7,674261.5,390259.9,626070.1,614942.0,653044.2,436257.9,647823.3,385151.6,583640.8,380922.2
61,01773,50.7656,13.7533,Sachsen,SN,Landkreis Sächsische Schweiz,14628.0,"(50.7656, 13.7533)",420372.1,563154.2,202465.5,507626.3,557814.1,308404.9,690426.8,305773.6,642235.3,631107.2,669209.4,351771.7,663988.5,401316.8,599806.0,397087.4
62,01774,50.89955,13.55705,Sachsen,SN,Landkreis Sächsische Schweiz,14628.0,"(50.89955, 13.55705)",378170.5,525232.6,164543.9,465424.7,515612.5,280006.9,648225.2,364223.5,604313.7,593185.6,631287.8,410221.6,621786.9,363395.2,561884.4,359165.8
63,01776,50.75,13.6333,Sachsen,SN,Landkreis Sächsische Schweiz,14628.0,"(50.75, 13.6333)",373266.8,534525.0,173836.3,460521.1,510708.8,301292.2,643321.5,302763.9,613606.1,602478.0,640580.1,348761.9,616883.3,372687.5,571176.7,368458.2
64,01778,50.7574,13.7928,Sachsen,SN,Landkreis Sächsische Schweiz,14628.0,"(50.7574, 13.7928)",415353.1,558135.2,197446.5,502607.3,552795.1,303385.9,685407.8,305054.9,637216.3,626088.2,664190.4,351052.9,658969.5,396297.8,594787.0,392068.4
65,01796,50.93613333333334,13.962333333333332,Sachsen,SN,Landkreis Sächsische Schweiz,14628.0,"(50.93613333333334, 13.962333333333332)",399100.4,541882.5,181193.8,486354.6,536542.3,287133.2,669155.0,385153.4,620963.6,609835.5,647937.7,431151.4,642716.8,380045.1,578534.3,375815.7
66,01809,50.94676666666667,13.847500000000002,Sachsen,SN,Landkreis Sächsische Schweiz,14628.0,"(50.94676666666667, 13.847500000000002)",390883.8,533666.0,172977.3,478138.1,528325.8,278916.7,660938.5,376936.9,612747.1,601619.0,639721.1,422934.9,634500.3,371828.5,570317.7,367599.2
67,01814,50.921025,14.156,Sachsen,SN,Landkreis Sächsische Schweiz,14628.0,"(50.921025, 14.156)",414787.4,557569.5,196880.9,502041.6,552229.4,302820.2,684842.1,400840.4,636650.6,625522.6,663624.7,446838.5,658403.9,395732.1,594221.3,391502.7
68,01816,50.8583,13.95,Sachsen,SN,Landkreis Sächsische Schweiz,14628.0,"(50.8583, 13.95)",404733.7,547515.8,186827.1,491987.9,542175.6,292766.5,674788.3,390786.7,626596.9,615468.8,653571.0,436784.7,648350.1,385678.4,584167.6,381449.0
69,01819,50.8875,13.9,Sachsen,SN,Landkreis Sächsische Schweiz,14628.0,"(50.8875, 13.9)",397762.7,540544.9,179856.2,485017.0,535204.7,285795.6,667817.4,383815.7,619625.9,608497.9,646600.0,429813.8,641379.2,378707.4,577196.6,374478.1
70,01824,50.911525,14.083375,Sachsen,SN,Landkreis Sächsische Schweiz,14628.0,"(50.911525, 14.083375)",411281.8,554064.0,193375.3,498536.1,548723.8,299314.7,681336.5,397334.9,633145.1,622017.0,660119.1,443332.9,654898.3,392226.5,590715.7,387997.2
71,01825,50.8642,13.8569,Sachsen,SN,Landkreis Sächsische Schweiz,14628.0,"(50.8642, 13.8569)",407231.4,550013.6,189324.9,494485.7,544673.4,295264.3,677286.1,393284.5,629094.7,617966.6,656068.7,439282.5,650847.9,388176.1,586665.3,383946.8
72,01829,50.9582,14.0309,Sachsen,SN,Landkreis Sächsische Schweiz,14628.0,"(50.9582, 14.0309)",404370.3,547152.5,186463.8,491624.6,541812.3,292403.2,674425.0,390423.4,626233.6,615105.5,653207.6,436421.4,647986.8,385315.0,583804.2,381085.7
73,01833,51.04115,14.0397,Sachsen,SN,Landkreis Sächsische Schweiz,14628.0,"(51.04115, 14.0397)",411150.1,553932.2,193243.5,498404.3,548592.0,277137.6,681204.7,397203.1,633013.3,621885.2,659987.4,443201.1,654766.5,392094.8,590584.0,387865.4
74,01844,51.0364,14.22145,Sachsen,SN,Landkreis Sächsische Schweiz,14628.0,"(51.0364, 14.22145)",427114.2,569896.4,209207.7,514368.5,564556.2,287086.7,697168.9,413167.3,648977.5,637849.4,675951.5,459165.3,670730.7,408058.9,606548.1,403829.6
75,01847,50.9883,14.0027,Sachsen,SN,Landkreis Sächsische Schweiz,14628.0,"(50.9883, 14.0027)",403312.0,546094.2,185405.5,490566.3,540754.0,291344.9,673366.7,389365.1,625175.3,614047.2,652149.3,435363.1,646928.5,384256.7,582745.9,380027.4
76,01848,50.9799,14.1141,Sachsen,SN,Landkreis Sächsische Schweiz,14628.0,"(50.9799, 14.1141)",413727.9,556510.1,195821.4,500982.1,551169.9,299575.5,683782.6,399780.9,635591.1,624463.1,662565.2,445779.0,657344.4,394672.6,593161.8,390443.3
77,01855,50.95935,14.26125,Sachsen,SN,Landkreis Sächsische Schweiz,14628.0,"(50.95935, 14.26125)",423742.6,566524.7,205836.0,510996.8,561184.5,302031.6,693797.2,409795.6,645605.8,634477.7,672579.9,455793.6,667359.0,404687.3,603176.5,400457.9
78,01877,51.131600000000006,14.247899999999998,Sachsen,SN,Landkreis Bautzen,14625.0,"(51.131600000000006, 14.247899999999998)",422681.7,565463.8,204775.1,509935.9,560123.6,282654.1,692736.3,408734.7,644544.9,633416.8,671519.0,454732.7,666298.1,403626.4,602115.6,399397.0
79,01896,51.1795,14.0092,Sachsen,SN,Landkreis Bautzen,14625.0,"(51.1795, 14.0092)",405735.1,548517.3,187828.6,492989.4,543177.1,244516.8,675789.8,391788.2,627598.4,616470.3,654572.4,437786.2,649351.6,386679.8,585169.0,382450.5
80,01900,51.14765,14.05125,Sachsen,SN,Landkreis Bautzen,14625.0,"(51.14765, 14.05125)",404288.6,547070.7,186382.0,491542.8,541730.5,264261.0,674343.2,390341.6,626151.8,615023.7,653125.9,436339.6,647905.0,385233.3,583722.5,381003.9
81,01904,51.0802,14.32665,Sachsen,SN,Landkreis Bautzen,14625.0,"(51.0802, 14.32665)",438538.5,581320.6,220631.9,525792.7,575980.5,298510.9,708593.2,424591.5,660401.7,649273.6,687375.8,470589.6,682154.9,419483.2,617972.4,415253.8
