,zipcode,lat,long,state,state_code,community_name,community_code,coor,AKB Kitzingen,AKB Dortmund,AKB Zörbig,AKB Schöneck,AKB Buch,Mosolf Etzin,Mosolf Kippenheim,BLG Kelheim,BLG Duisburg,BLG Neuss,Carservice Erkens,ARS Altmann Wolnzach,CAT Zülpich,Autohaus Siebrecht,Neu: FleetParQ Essen ,Neu: FleetParQ Kassel
7688,95494,49.9,11.5333,Bayern,BY,Landkreis Bayreuth,9472.0,"(49.9, 11.5333)",161222.7,461449.7,228337.4,286415.9,278936.3,355793.4,411549.0,169758.8,540530.8,509694.3,567504.8,178144.8,498376.6,360314.3,498101.4,306361.6
7689,95496,49.8874,11.4487,Bayern,BY,Landkreis Bayreuth,9472.0,"(49.8874, 11.4487)",151093.2,451320.2,232714.9,276286.4,280740.4,360170.8,413353.1,171562.9,530401.3,499564.8,557375.4,179949.0,488247.1,350184.8,487972.0,296232.1
7690,95497,50.0109,11.6875,Bayern,BY,Landkreis Bayreuth,9472.0,"(50.0109, 11.6875)",164966.6,465193.6,214453.8,290159.8,293835.6,341909.7,426448.3,184658.1,544274.7,513438.2,571248.8,193044.2,502120.5,364058.2,501845.4,310105.5
7691,95499,50.0333,11.5667,Bayern,BY,Landkreis Kulmbach,9477.0,"(50.0333, 11.5667)",160545.6,460772.5,211283.6,285738.7,296316.0,338739.6,428928.7,187138.5,539853.6,509017.1,566827.7,195524.6,497699.4,359637.1,497424.3,305684.4
7692,95500,49.9667,11.5333,Bayern,BY,Landkreis Bayreuth,9472.0,"(49.9667, 11.5333)",152413.9,452640.8,223201.4,277607.0,288792.4,350657.4,421405.1,179614.9,531721.9,500885.4,558696.0,188001.0,489567.8,351505.4,489292.6,297552.7
7693,95502,50.0667,11.6,Bayern,BY,Landkreis Kulmbach,9477.0,"(50.0667, 11.6)",160645.2,460872.1,207675.7,285838.3,298087.1,335131.6,430699.8,188909.6,539953.2,509116.7,566927.3,197295.7,497799.0,359736.7,497523.9,305784.0
7694,95503,49.9,11.5167,Bayern,BY,Landkreis Bayreuth,9472.0,"(49.9, 11.5167)",159300.2,459527.2,230175.9,284493.4,277977.0,357631.9,410589.7,168799.5,538608.3,507771.8,565582.4,177185.6,496454.1,358391.8,496179.0,304439.1
7695,95505,49.9,11.8667,Bayern,BY,Landkreis Tirschenreuth,9377.0,"(49.9, 11.8667)",186453.8,486680.8,241115.0,311647.0,298356.2,368570.9,430968.9,138106.3,565761.9,534925.4,592735.9,184104.3,523607.7,385545.4,523332.5,331592.7
7696,95506,49.8333,11.9,Bayern,BY,Landkreis Tirschenreuth,9377.0,"(49.8333, 11.9)",194301.1,494528.0,248962.2,319494.3,292464.7,376418.2,425077.4,128699.8,573609.1,542772.7,600583.2,174697.9,531455.0,393392.7,531179.8,339439.9
7697,95508,49.9,11.9,Bayern,BY,Landkreis Tirschenreuth,9377.0,"(49.9, 11.9)",191156.2,491383.2,245817.4,316349.4,297513.4,373273.3,430126.1,137263.5,570464.3,539627.8,597438.4,183261.5,528310.1,390247.8,528034.9,336295.1
7698,95509,50.0947,11.6547,Bayern,BY,Landkreis Kulmbach,9477.0,"(50.0947, 11.6547)",165543.1,465770.1,200907.7,290736.3,302985.1,328363.6,435597.8,193807.6,544851.2,514014.7,571825.3,202193.7,502697.0,366131.3,502421.9,310682.0
7699,95511,49.9126,11.5126,Bayern,BY,Landkreis Bayreuth,9472.0,"(49.9126, 11.5126)",157238.5,457465.5,226075.7,282431.7,280033.0,353531.6,412645.7,170855.5,536546.6,505710.1,563520.6,179241.6,494392.4,356330.1,494117.2,302377.4
7700,95512,50.0167,11.5,Bayern,BY,Landkreis Kulmbach,9477.0,"(50.0167, 11.5)",148805.9,449032.9,220312.1,273999.1,303424.5,347768.1,437359.0,194247.0,528114.0,497277.5,555088.0,202633.1,485959.8,347897.5,485684.6,293944.8
7701,95514,49.8167,11.8333,Bayern,BY,Landkreis Neustadt an der Waldnaab,9374.0,"(49.8167, 11.8333)",177550.8,492035.3,246469.5,317001.5,285858.7,373925.4,418471.4,130386.4,544606.0,525708.7,577746.5,176384.4,514391.0,390899.9,528687.1,336947.2
7702,95515,49.8833,11.3333,Bayern,BY,Landkreis Bayreuth,9472.0,"(49.8833, 11.3333)",141221.8,441448.7,249005.9,266414.9,286531.1,376461.8,429774.8,177353.6,520529.8,489693.3,547503.9,185739.7,478375.6,340313.3,478100.5,286360.6
7703,95517,49.893,11.675,Bayern,BY,Landkreis Bayreuth,9472.0,"(49.893, 11.675)",176558.1,476785.0,231219.2,301751.2,292584.0,358675.1,425196.7,154298.7,555866.1,525029.6,582840.2,191792.6,513712.0,375649.6,513436.8,321696.9
7704,95519,49.8107,11.73475,Bayern,BY,Landkreis Neustadt an der Waldnaab,9374.0,"(49.8107, 11.73475)",172652.4,488687.8,243122.0,313654.0,280960.2,370577.9,413572.9,139025.8,539707.6,520810.2,572848.1,180168.8,509492.6,387552.4,525339.6,333599.7
7705,95615,50.0044,12.0859,Bayern,BY,Wunsiedel i.Fichtelgebirge,9479.0,"(50.0044, 12.0859)",200642.5,500869.4,236205.5,325835.6,353842.2,363661.4,486454.9,146012.5,579950.5,549114.0,606924.6,192010.5,537796.4,401429.1,537521.2,345781.3
7706,95632,50.0392,12.0034,Bayern,BY,Wunsiedel i.Fichtelgebirge,9479.0,"(50.0392, 12.0034)",193530.5,493757.5,238590.2,318723.7,325138.6,366046.1,457751.3,155710.2,572838.6,542002.1,599812.6,201708.3,530684.4,403813.7,530409.2,338669.4
7707,95643,49.8826,12.3311,Bayern,BY,Landkreis Tirschenreuth,9377.0,"(49.8826, 12.3311)",227123.2,527350.2,258197.0,352316.4,339791.7,385652.9,472404.4,131962.0,606431.3,575594.8,633405.4,177960.0,564277.1,423420.6,564002.0,358650.5
7708,95652,50.0017,12.3043,Bayern,BY,Landkreis Tirschenreuth,9377.0,"(50.0017, 12.3043)",218060.9,518287.9,249497.0,343254.1,350301.0,376952.9,482913.7,142471.3,597368.9,566532.5,624343.0,188469.3,555214.8,414720.6,554939.6,349950.5
7709,95659,50.0577,12.1868,Bayern,BY,Wunsiedel i.Fichtelgebirge,9479.0,"(50.0577, 12.1868)",208999.6,509226.5,233021.0,334192.7,360839.5,360476.9,493452.2,153009.8,588307.6,557471.1,615281.7,199007.9,546153.5,398244.6,545878.3,333474.5
7710,95666,49.94925,12.26365,Bayern,BY,Landkreis Tirschenreuth,9377.0,"(49.94925, 12.26365)",219160.4,519387.3,250234.1,344353.6,342585.1,377690.1,475197.8,134755.4,598468.4,567632.0,625442.5,180753.5,556314.3,415457.7,556039.1,350687.7
7711,95671,49.8108,12.4332,Bayern,BY,Landkreis Tirschenreuth,9377.0,"(49.8108, 12.4332)",239049.3,534892.9,270373.3,371449.7,338642.7,397829.2,471255.4,130813.0,606104.5,587207.2,639245.1,176811.0,575889.5,435596.9,571544.7,379804.8
7712,95676,49.9082,12.1889,Bayern,BY,Landkreis Tirschenreuth,9377.0,"(49.9082, 12.1889)",221115.9,521342.8,252189.6,346309.0,339547.7,379645.5,472160.4,131718.0,600423.9,569587.4,627398.0,177716.0,558269.7,417413.2,557994.6,352643.1
7713,95679,49.9814,12.0629,Bayern,BY,Landkreis Tirschenreuth,9377.0,"(49.9814, 12.0629)",202936.2,503163.2,239510.2,328129.4,314922.9,366966.2,447535.6,147861.8,582244.3,551407.8,609218.3,193859.8,540090.1,404733.8,539814.9,348075.1
7714,95680,50.0167,12.0167,Bayern,BY,Wunsiedel i.Fichtelgebirge,9479.0,"(50.0167, 12.0167)",194926.6,495153.5,241141.7,320119.7,326115.3,368597.6,458728.0,154201.0,574234.6,543398.1,601208.7,200199.0,532080.5,406365.2,531805.3,340065.4
7715,95682,49.9597,11.9107,Bayern,BY,Landkreis Tirschenreuth,9377.0,"(49.9597, 11.9107)",189872.5,490099.4,226240.9,315065.6,305129.6,353696.8,437742.3,144723.1,569180.5,538344.0,596154.6,190721.2,527026.4,391464.4,526751.2,335011.3
7716,95683,49.95,11.9333,Bayern,BY,Landkreis Tirschenreuth,9377.0,"(49.95, 11.9333)",192903.8,493130.8,229272.2,318097.0,306048.1,356728.2,438660.8,142548.4,572211.9,541375.4,599186.0,188546.4,530057.7,394495.8,529782.6,338042.7
7717,95685,49.8584,12.2268,Bayern,BY,Landkreis Tirschenreuth,9377.0,"(49.8584, 12.2268)",217841.0,518067.9,260222.0,343034.1,333236.1,387677.9,465848.8,125406.4,597149.0,566312.6,624123.1,171404.4,554994.9,425445.5,554719.7,362979.8
7718,95686,50.0029,11.8542,Bayern,BY,Landkreis Bayreuth,9472.0,"(50.0029, 11.8542)",185057.1,485284.1,221425.5,310250.3,311798.7,348881.5,444411.4,167623.5,564365.2,533528.7,591339.3,213621.6,522211.0,386649.1,521935.9,330196.0
7719,95688,49.8826,12.1012,Bayern,BY,Landkreis Tirschenreuth,9377.0,"(49.8826, 12.1012)",210709.8,510936.7,253763.6,335902.9,311983.5,381219.5,444596.2,131037.1,590017.8,559181.3,616991.9,177035.2,547863.6,418987.2,547588.5,355848.6
7720,95689,49.9226,12.1458,Bayern,BY,Landkreis Tirschenreuth,9377.0,"(49.9226, 12.1458)",211778.0,512005.0,249142.5,336971.2,343431.0,376598.4,476043.7,135601.3,591086.1,560249.6,618060.1,181599.4,548931.9,414366.1,548656.7,356916.9
7721,95691,50.095,12.2201,Bayern,BY,Wunsiedel i.Fichtelgebirge,9479.0,"(50.095, 12.2201)",208618.8,508845.8,228230.0,333812.0,366769.4,355685.9,499382.1,158939.7,587926.9,557090.4,614900.9,204937.7,545772.7,393453.6,545497.5,328683.5
7722,95692,50.0109,12.2271,Bayern,BY,Landkreis Tirschenreuth,9377.0,"(50.0109, 12.2271)",212238.6,512465.5,243674.7,337431.7,350987.3,371130.6,483600.0,143157.6,591546.6,560710.1,618520.7,189155.6,549392.4,408898.3,549117.3,344128.2
7723,95694,49.9742,11.862,Bayern,BY,Landkreis Bayreuth,9472.0,"(49.9742, 11.862)",189221.4,489448.3,225589.8,314414.6,314932.8,353045.7,447545.5,149341.3,568529.4,537693.0,595503.5,195339.4,526375.3,390813.4,526100.1,334360.2
7724,95695,49.9109,12.5245,Bayern,BY,Landkreis Tirschenreuth,9377.0,"(49.9109, 12.5245)",253735.3,543903.1,275371.8,368869.3,353328.7,402827.7,485941.4,145499.0,620790.5,601893.2,653931.1,191497.0,590575.5,440595.4,580554.9,375825.3
7725,95697,49.9833,11.9167,Bayern,BY,Wunsiedel i.Fichtelgebirge,9479.0,"(49.9833, 11.9167)",187342.9,487569.9,223711.3,312536.1,308202.4,351167.2,440815.1,146549.6,566651.0,535814.5,593625.0,192547.6,524496.8,388934.9,524221.6,332481.8
7726,95698,49.9804,12.4437,Bayern,BY,Landkreis Tirschenreuth,9377.0,"(49.9804, 12.4437)",229699.9,529926.9,261136.1,354893.1,361940.0,388592.0,494552.7,154110.3,609008.0,578171.5,635982.1,200108.4,566853.8,426359.7,566578.7,361589.6
7727,95700,49.9333,11.9667,Bayern,BY,Landkreis Tirschenreuth,9377.0,"(49.9333, 11.9667)",200240.0,500467.0,232589.3,325433.2,306597.2,360045.2,439209.9,138375.1,579548.1,548711.6,606522.1,184373.1,537393.9,397812.9,537118.7,345378.9
7728,95701,49.9667,12.1667,Bayern,BY,Landkreis Tirschenreuth,9377.0,"(49.9667, 12.1667)",210729.7,510956.6,241803.4,335922.8,346635.8,369259.4,479248.5,138806.1,590037.7,559201.3,617011.8,184804.2,547883.6,407027.0,547608.4,342257.0
7729,95703,49.784,12.31,Bayern,BY,Landkreis Tirschenreuth,9377.0,"(49.784, 12.31)",228356.1,525869.9,272055.8,360756.5,327949.5,399511.8,460562.2,120119.8,595411.3,576514.0,628551.9,166117.8,565196.3,437279.4,562521.6,370781.8
7730,95704,49.9333,12.0,Bayern,BY,Landkreis Tirschenreuth,9377.0,"(49.9333, 12.0)",201199.1,501426.1,246865.8,326392.3,307556.3,374321.7,440169.0,139334.2,580507.2,549670.7,607481.2,185332.2,538353.0,412089.3,538077.8,346338.0
7731,95706,50.0821,12.2274,Bayern,BY,Wunsiedel i.Fichtelgebirge,9479.0,"(50.0821, 12.2274)",207331.9,507558.8,230226.7,332525.0,365482.4,357682.6,498095.1,157652.7,586639.9,555803.5,613614.0,203650.8,544485.8,395450.2,544210.6,330680.2
7732,95707,50.0761,12.1265,Bayern,BY,Wunsiedel i.Fichtelgebirge,9479.0,"(50.0761, 12.1265)",199210.5,499437.5,227721.0,324403.7,362256.5,355177.0,494869.2,154426.8,578518.6,547682.1,605492.7,200424.8,536364.4,392944.6,536089.3,328174.6
7733,95709,50.0167,11.95,Bayern,BY,Wunsiedel i.Fichtelgebirge,9479.0,"(50.0167, 11.95)",188969.7,489196.6,225338.0,314162.8,320158.4,352794.0,452771.1,159342.6,568277.7,537441.2,595251.8,205340.7,526123.5,390561.6,525848.4,334108.5
7734,96047,49.8934,10.8911,Bayern,BY,Bamberg,9461.0,"(49.8934, 10.8911)",101364.0,401591.0,269025.7,226557.2,238415.4,396481.6,389917.0,172629.8,480672.0,449835.6,507646.1,180322.7,438517.9,300455.6,438242.7,246502.8
7735,96049,49.88,10.8834,Bayern,BY,Bamberg,9461.0,"(49.88, 10.8834)",78743.8,403669.8,273103.7,211144.2,236121.3,400559.7,366983.1,173436.9,445799.0,426901.6,478939.5,181129.8,415584.0,302534.4,440321.5,248581.7
7736,96050,49.8883,10.9185,Bayern,BY,Bamberg,9461.0,"(49.8883, 10.9185)",103618.7,403845.7,269365.3,228811.9,279050.6,396821.3,392171.8,170566.3,482926.8,452090.3,509900.8,178259.2,440772.6,302710.3,440497.4,248757.6
7737,96052,49.9083,10.8951,Bayern,BY,Bamberg,9461.0,"(49.9083, 10.8951)",100394.1,400621.0,267301.9,225587.2,285043.0,394757.8,388947.1,176558.7,479702.1,448865.7,506676.2,184251.6,437548.0,299485.6,437272.8,245532.9
7738,96103,49.929,10.8754,Bayern,BY,Bamberg,9471.0,"(49.929, 10.8754)",98478.6,398705.5,266878.3,223671.8,293409.2,394334.3,387031.6,179090.9,477786.6,446950.2,504760.7,186783.7,435632.5,297570.2,435357.3,243617.4
7739,96106,50.0955,10.7983,Bayern,BY,Landkreis Haßberge,9674.0,"(50.0955, 10.7983)",96397.1,396624.1,281784.1,221590.3,291327.7,409240.0,384950.1,199717.9,475705.1,444868.7,502679.2,207410.8,433551.0,295488.7,433275.8,241535.9
7740,96110,49.9757,11.033,Bayern,BY,Bamberg,9471.0,"(49.9757, 11.033)",112944.7,413171.6,253016.0,238137.9,295208.7,380471.9,401497.7,186724.4,492252.7,461416.3,519226.8,194417.2,450098.6,312036.3,449823.4,258083.5
7741,96114,49.8179,10.9892,Bayern,BY,Bamberg,9471.0,"(49.8179, 10.9892)",77040.8,417424.4,280512.1,209441.2,269718.7,407968.0,365280.2,161234.4,444096.0,425198.7,477236.6,168927.3,413881.0,316289.0,454076.1,262336.2
7742,96117,49.9301,10.9592,Bayern,BY,Bamberg,9471.0,"(49.9301, 10.9592)",104562.5,404789.5,261514.3,229755.7,284394.2,388970.2,393115.6,175909.9,483870.6,453034.1,510844.6,183602.8,441716.4,303654.1,441441.2,249701.4
7743,96120,49.9109,10.8321,Bayern,BY,Bamberg,9471.0,"(49.9109, 10.8321)",95550.8,395777.8,270650.1,220744.0,290481.4,398106.0,384103.9,182862.6,474858.8,444022.4,501832.9,190555.4,432704.7,294642.4,432429.5,240689.7
7744,96123,49.9144,11.0103,Bayern,BY,Bamberg,9471.0,"(49.9144, 11.0103)",109188.6,409415.6,261278.3,234381.8,284504.3,388734.3,397741.7,176020.0,488496.7,457660.2,515470.7,183712.9,446342.5,308280.2,446067.3,254327.5
7745,96126,50.20215,10.6429,Bayern,BY,Landkreis Haßberge,9674.0,"(50.20215, 10.6429)",90450.9,347965.7,267405.4,177355.1,285381.5,394861.3,379004.0,214231.4,427046.8,393553.2,454020.9,221924.3,427604.8,246830.3,384617.5,192877.6
7746,96129,49.8443,10.9721,Bayern,BY,Bamberg,9471.0,"(49.8443, 10.9721)",85031.3,412158.7,275246.4,237124.9,273545.5,402702.4,373270.6,165061.2,452086.5,433189.2,518213.9,172754.1,421871.5,311023.3,448810.5,257070.6
7747,96132,49.7562,10.6187,Bayern,BY,Bamberg,9471.0,"(49.7562, 10.6187)",44596.9,398359.2,299257.6,176997.3,218951.1,426713.5,332836.3,169425.3,411652.2,392754.8,444792.7,177118.1,381437.1,297223.8,418181.5,243271.1
7748,96135,49.8654,10.8438,Bayern,BY,Bamberg,9471.0,"(49.8654, 10.8438)",76323.9,406770.0,276087.7,208724.3,233701.4,403543.6,364563.2,176420.9,443379.1,424481.8,476519.6,184113.7,413164.1,305634.6,443421.8,251681.9
7749,96138,49.8283,10.7434,Bayern,BY,Bamberg,9471.0,"(49.8283, 10.7434)",58936.5,402191.6,287467.1,191336.9,232719.7,414923.0,347175.9,170648.1,425991.7,407094.4,459132.3,178340.9,395776.7,301056.2,432521.0,247103.5
7750,96142,49.9379,11.2915,Bayern,BY,Landkreis Bayreuth,9472.0,"(49.9379, 11.2915)",134205.7,434432.6,241989.8,259398.9,293709.5,369445.7,422758.7,184532.0,513513.7,482677.3,540487.8,192918.1,471359.6,333297.2,471084.4,279344.5
7751,96145,50.1897,10.842,Bayern,BY,Landkreis Coburg,9473.0,"(50.1897, 10.842)",103315.4,403542.3,253105.6,228508.5,298246.0,380561.5,391868.4,208172.8,482623.4,451786.9,509597.5,215865.7,440469.2,302406.9,440194.1,248454.2
7752,96146,49.8,11.0167,Bayern,BY,Bamberg,9471.0,"(49.8, 11.0167)",79944.4,420380.3,283468.0,212344.8,266793.1,410923.9,368183.8,158308.8,446999.6,428102.3,480140.2,166001.7,416784.6,319244.9,457032.1,265292.2
7753,96148,49.9859,10.8518,Bayern,BY,Bamberg,9471.0,"(49.9859, 10.8518)",96148.2,396375.2,271361.2,221341.4,291078.8,398817.1,384701.3,183003.7,475456.3,444619.8,502430.3,190696.5,433302.1,295239.8,433026.9,241287.1
7754,96149,49.9721,10.8859,Bayern,BY,Bamberg,9471.0,"(49.9721, 10.8859)",105312.8,405539.8,268464.0,230506.0,288590.8,395919.9,393865.9,180106.5,484620.9,453784.4,511595.0,187799.3,442466.7,304404.4,442191.5,250451.7
7755,96151,50.0167,10.7,Bayern,BY,Landkreis Haßberge,9674.0,"(50.0167, 10.7)",86860.1,387087.1,289214.4,212053.3,281790.7,416670.3,375413.2,201426.9,466168.2,435331.7,493142.2,209119.8,424014.0,285951.7,423738.8,231999.0
7756,96152,49.7331,10.6007,Bayern,BY,Landkreis Neustadt an der Aisch-Bad Windsheim,9575.0,"(49.7331, 10.6007)",48666.1,409717.9,311245.7,181066.5,213691.8,438701.7,336905.5,171048.3,415721.4,396824.0,448861.9,178741.2,385506.3,308582.5,422250.7,254629.8
7757,96154,49.8273,10.5963,Bayern,BY,Bamberg,9471.0,"(49.8273, 10.5963)",46743.9,387068.3,298306.9,179144.3,241674.4,425762.9,334983.2,177210.8,413799.1,394901.7,446939.6,184903.7,383584.0,285932.9,420328.4,231980.2
7758,96155,49.8036,11.03,Bayern,BY,Bamberg,9471.0,"(49.8036, 11.03)",81071.9,420184.3,283272.0,213472.3,266597.1,410727.9,369311.3,158112.8,448127.2,429229.8,481267.7,165805.7,417912.1,319048.9,456836.1,265096.2
7759,96157,49.8481,10.4967,Bayern,BY,Bamberg,9471.0,"(49.8481, 10.4967)",34825.9,379345.6,306922.0,174608.3,237138.4,434377.9,330447.2,184969.7,409263.1,390365.7,442403.6,192662.6,379048.1,278210.2,415792.4,224257.5
7760,96158,49.8167,10.8667,Bayern,BY,Bamberg,9471.0,"(49.8167, 10.8667)",71735.2,411564.3,282676.8,204135.6,228316.6,410132.8,359974.6,167683.4,438790.4,419893.1,471931.0,175376.3,408575.4,310428.9,448216.0,256476.1
7761,96160,49.7736,10.4706,Bayern,BY,Landkreis Kitzingen,9675.0,"(49.7736, 10.4706)",34752.5,387237.9,309439.7,167152.9,229683.1,436895.6,322991.8,179959.6,401807.7,382910.3,434948.2,187652.5,371592.7,286102.5,408337.0,232149.8
7762,96161,50.0333,10.8,Bayern,BY,Bamberg,9471.0,"(50.0333, 10.8)",96384.3,396611.2,279538.2,221577.4,291314.9,406994.2,384937.3,191180.7,475692.3,444855.8,502666.4,198873.6,433538.2,295475.8,433263.0,241523.1
7763,96163,49.9371,10.9199,Bayern,BY,Bamberg,9471.0,"(49.9371, 10.9199)",103255.3,403482.2,268193.3,228448.4,283998.8,395649.2,391808.3,175514.5,482563.3,451726.8,509537.4,183207.4,440409.2,302346.8,440134.0,248394.1
7764,96164,49.9549,10.8778,Bayern,BY,Bamberg,9471.0,"(49.9549, 10.8778)",104171.2,404398.1,268361.6,229364.4,288488.4,395817.5,392724.2,180004.1,483479.2,452642.8,510453.3,187696.9,441325.1,303262.8,441049.9,249310.0
7765,96166,50.0443,10.7178,Bayern,BY,Landkreis Haßberge,9674.0,"(50.0443, 10.7178)",90624.0,390851.0,292978.3,215817.2,285554.6,420434.2,379177.1,205190.8,469932.1,439095.6,496906.1,212883.7,427777.9,289715.6,427502.7,235762.9
7766,96167,49.946,11.1652,Bayern,BY,Bamberg,9471.0,"(49.946, 11.1652)",125111.8,425338.8,248424.7,250305.0,289931.0,375880.6,413664.9,181446.7,504419.9,473583.4,531394.0,189139.6,462265.7,324203.4,461990.6,270250.7
7767,96169,49.9732,10.7884,Bayern,BY,Bamberg,9471.0,"(49.9732, 10.7884)",92478.2,392705.2,276836.6,217671.4,287408.8,404292.5,381031.3,188479.1,471786.3,440949.8,498760.3,196172.0,429632.1,291569.8,429356.9,237617.1
7768,96170,49.89475,10.7209,Bayern,BY,Bamberg,9471.0,"(49.89475, 10.7209)",64060.9,390209.1,279175.1,196461.3,258991.5,406631.0,352300.2,191387.6,431116.1,412218.8,464256.6,199080.5,400901.1,289073.7,426860.8,235121.0
