,zipcode,lat,long,state,state_code,community_name,community_code,coor,AKB Kitzingen,AKB Dortmund,AKB Zörbig,AKB Schöneck,AKB Buch,Mosolf Etzin,Mosolf Kippenheim,BLG Kelheim,BLG Duisburg,BLG Neuss,Carservice Erkens,ARS Altmann Wolnzach,CAT Zülpich,Autohaus Siebrecht,Neu: FleetParQ Essen ,Neu: FleetParQ Kassel
3362,48612,52.081,7.3054,Nordrhein-Westfalen,NW,Steinfurt,5566.0,"(52.081, 7.3054)",430100.5,91124.8,427362.7,302353.0,625031.1,463894.2,527942.6,635860.5,105255.1,129363.7,132229.1,643553.4,195497.3,237470.1,91864.9,227674.9
3363,48619,52.1167,7.1,Nordrhein-Westfalen,NW,Borken,5554.0,"(52.1167, 7.1)",456315.1,117670.0,443918.1,352730.6,651245.7,480449.6,537224.7,651600.9,98682.4,122791.0,125656.4,659293.8,188924.5,259532.6,88370.5,243415.3
3364,48624,52.1,7.2333,Nordrhein-Westfalen,NW,Borken,5554.0,"(52.1, 7.2333)",437544.6,98568.9,434806.8,309797.1,632475.1,471338.3,547548.4,643304.6,109006.1,133114.7,135980.2,650997.4,199248.3,244914.1,98694.2,235118.9
3365,48629,52.1443,7.2127,Nordrhein-Westfalen,NW,Steinfurt,5566.0,"(52.1443, 7.2127)",444142.8,105167.1,427821.9,316395.3,639073.3,464353.4,547062.3,649902.8,108520.0,132628.6,135494.1,657595.6,198762.2,251512.3,98208.1,241717.1
3366,48653,51.9435,7.1681,Nordrhein-Westfalen,NW,Coesfeld,5558.0,"(51.9435, 7.1681)",431553.5,78110.7,445602.0,293034.4,626484.1,482133.5,524832.0,637313.5,86289.7,110398.3,113263.8,645006.4,176531.9,238923.0,70290.0,229127.9
3367,48683,52.092,6.9739,Nordrhein-Westfalen,NW,Borken,5554.0,"(52.092, 6.9739)",456590.8,117945.8,451780.4,353006.4,651521.4,488311.9,537500.4,659428.1,98958.1,123066.7,125932.2,667120.9,189200.3,267394.8,88646.2,272750.8
3368,48691,52.0379,6.828,Nordrhein-Westfalen,NW,Borken,5554.0,"(52.0379, 6.828)",456430.6,117785.6,463064.2,352846.2,651361.2,499595.7,537340.2,659267.8,98797.9,122906.5,125772.0,666960.7,189040.1,269003.3,88486.0,259208.1
3369,48703,51.994,6.9192,Nordrhein-Westfalen,NW,Borken,5554.0,"(51.994, 6.9192)",446953.9,108308.9,467278.9,343369.5,641884.5,503810.4,527863.5,649791.1,89321.2,113429.8,116295.3,657484.0,179563.4,259526.6,79009.3,249731.4
3370,48712,51.954,7.0048,Nordrhein-Westfalen,NW,Borken,5554.0,"(51.954, 7.0048)",438506.9,99861.9,466936.6,334922.5,633437.5,503468.1,519416.5,641344.1,80874.2,104982.8,107848.3,649037.0,171116.4,251079.6,70562.3,241284.4
3371,48720,52.0167,7.2167,Nordrhein-Westfalen,NW,Coesfeld,5558.0,"(52.0167, 7.2167)",432204.5,88831.6,434874.2,303755.4,627135.1,471405.7,532943.4,637964.5,94401.1,118509.7,121375.2,645657.4,184643.3,239574.1,81010.9,229778.9
3372,48727,51.9783,7.2926,Nordrhein-Westfalen,NW,Coesfeld,5558.0,"(51.9783, 7.2926)",423636.7,83543.8,426714.5,295889.2,618567.3,463246.1,528720.8,629396.7,97874.5,121983.1,124848.6,637089.6,180056.2,231006.2,75723.1,221211.1
3373,48734,51.8324,7.0347,Nordrhein-Westfalen,NW,Borken,5554.0,"(51.8324, 7.0347)",426860.4,88215.4,458678.6,323276.0,621791.0,495210.1,507770.0,629697.7,69227.7,93336.4,96201.8,637390.6,159469.9,259018.6,58915.8,249223.5
3374,48739,52.0333,7.1,Nordrhein-Westfalen,NW,Borken,5554.0,"(52.0333, 7.1)",450955.5,91157.3,453810.7,306081.0,645886.0,490342.3,531865.0,648996.8,93322.7,117431.4,120296.8,656689.7,183564.9,250606.4,83010.9,240811.2
3375,49074,52.2738,8.0521,Niedersachsen,NI,"Osnabrück, Stadt",3404.0,"(52.2738, 8.0521)",380056.2,119438.1,357192.5,357939.8,574986.8,393724.0,583822.7,585816.2,160236.1,184344.7,187210.2,593509.1,236549.6,172274.6,139372.0,177630.6
3376,49076,52.2832,7.9485,Niedersachsen,NI,"Osnabrück, Stadt",3404.0,"(52.2832, 7.9485)",386838.4,114436.4,363442.4,325664.6,581769.0,399973.9,551254.2,592598.4,155234.4,179343.1,182208.5,600291.3,231547.9,179056.8,134370.4,184412.8
3377,49078,52.2651,8.0096,Niedersachsen,NI,"Osnabrück, Stadt",3404.0,"(52.2651, 8.0096)",382772.6,116279.7,359376.6,327507.9,577703.2,395908.1,553097.4,588532.6,157077.7,181186.3,184051.8,596225.5,233391.2,174991.1,136213.6,180347.0
3378,49080,52.2491,8.0367,Niedersachsen,NI,"Osnabrück, Stadt",3404.0,"(52.2491, 8.0367)",379239.6,118932.3,355843.6,357123.2,574170.2,392375.1,583006.1,584999.6,159730.3,183839.0,186704.4,592692.4,236043.8,171458.0,138866.2,176813.9
3379,49082,52.244,8.0613,Niedersachsen,NI,"Osnabrück, Stadt",3404.0,"(52.244, 8.0613)",377490.3,121417.4,354094.3,355373.9,572420.9,390625.8,581256.9,583250.3,162215.5,186324.1,189189.6,590943.2,238528.9,169708.8,141351.4,175064.7
3380,49084,52.2667,8.0725,Niedersachsen,NI,"Osnabrück, Stadt",3404.0,"(52.2667, 8.0725)",378484.9,121546.9,355539.2,356368.5,573415.5,392070.8,582251.5,584244.9,162345.0,186453.6,189319.0,591937.8,238658.4,170703.4,141480.9,176059.3
3381,49086,52.2887,8.0892,Niedersachsen,NI,"Osnabrück, Stadt",3404.0,"(52.2887, 8.0892)",382781.9,122486.3,359836.2,360665.5,577712.5,396367.8,586548.5,588541.9,163284.4,187393.0,190258.4,596234.8,239597.8,175000.4,142420.3,180356.3
3382,49088,52.2667,8.05,Niedersachsen,NI,"Osnabrück, Stadt",3404.0,"(52.2667, 8.05)",379653.0,119543.5,356257.0,357536.6,574583.6,392788.5,583419.6,585413.0,160341.6,184450.2,187315.7,593105.9,236655.0,171871.5,139477.5,177227.4
3383,49090,52.2983,8.0131,Niedersachsen,NI,"Osnabrück, Stadt",3404.0,"(52.2983, 8.0131)",384539.5,119941.6,361256.1,331169.8,579470.1,397787.6,556759.4,590299.5,160739.7,184848.3,187713.7,597992.4,237053.1,176757.9,139875.6,182113.9
3384,49124,52.203,8.0448,Niedersachsen,NI,Landkreis Osnabrück,3459.0,"(52.203, 8.0448)",378118.8,125874.0,360071.3,356002.4,573049.3,396602.8,581885.3,583878.7,166672.0,190780.6,193646.1,591571.6,242985.5,170337.2,145807.9,175693.1
3385,49134,52.35,8.0167,Niedersachsen,NI,Landkreis Osnabrück,3459.0,"(52.35, 8.0167)",393433.6,122795.3,370487.9,334023.5,588364.2,407019.4,559613.1,599193.6,163593.3,187702.0,190567.4,606886.4,239906.8,185652.0,142729.2,191008.0
3386,49143,52.2333,8.1667,Niedersachsen,NI,Landkreis Osnabrück,3459.0,"(52.2333, 8.1667)",375783.4,129249.7,347693.6,353667.0,570714.0,384225.1,579550.0,581543.4,170047.7,194156.4,197021.8,589236.3,246361.2,168001.8,149183.6,173357.8
3387,49152,52.3175,8.413,Niedersachsen,NI,Landkreis Osnabrück,3459.0,"(52.3175, 8.413)",380207.0,152674.6,344745.2,358090.6,575137.5,381276.7,583973.5,585966.9,193472.6,217581.3,220446.7,593659.8,269786.1,149034.5,172608.6,177781.3
3388,49163,52.3667,8.3167,Niedersachsen,NI,Landkreis Osnabrück,3459.0,"(52.3667, 8.3167)",398144.3,146174.4,352573.3,376027.9,593074.9,389104.9,601910.9,603904.3,186972.5,211081.1,213946.5,611597.2,263285.9,190362.7,166108.4,195718.7
3389,49170,52.2094,7.9206,Niedersachsen,NI,Landkreis Osnabrück,3459.0,"(52.2094, 7.9206)",389421.1,109011.5,366025.1,320239.7,584351.7,402556.6,545829.3,595181.1,149809.5,173918.2,176783.6,602874.0,226123.0,181639.5,128945.5,186995.5
3390,49176,52.1644,8.1468,Niedersachsen,NI,Landkreis Osnabrück,3459.0,"(52.1644, 8.1468)",365336.4,140100.0,357150.6,343220.0,560267.0,393682.1,569102.9,571096.4,174701.8,198810.4,201675.8,578789.3,251015.2,157554.8,153837.7,162910.8
3391,49179,52.35,8.2333,Niedersachsen,NI,Landkreis Osnabrück,3459.0,"(52.35, 8.2333)",391847.2,139877.3,368901.5,369730.8,586777.8,405433.0,595613.7,597607.2,180675.3,204783.9,207649.4,605300.0,256988.8,184065.6,159811.2,189421.5
3392,49186,52.1549,8.0422,Niedersachsen,NI,Landkreis Osnabrück,3459.0,"(52.1549, 8.0422)",371190.9,118325.7,365131.1,349074.5,566121.5,401662.6,574957.5,576950.9,159123.7,183232.3,186097.8,584643.8,235437.2,163409.3,138259.6,168765.3
3393,49191,52.3,8.1333,Niedersachsen,NI,Landkreis Osnabrück,3459.0,"(52.3, 8.1333)",382858.0,130888.0,359912.2,360741.6,577788.5,396443.8,586624.5,588617.9,171686.1,195794.7,198660.2,596310.8,247999.5,175076.4,150822.0,180432.3
3394,49196,52.1,8.0833,Niedersachsen,NI,Landkreis Osnabrück,3459.0,"(52.1, 8.0833)",366641.3,101271.9,374248.1,344524.9,561571.8,410779.6,570407.8,572401.2,146650.0,172128.3,173624.1,580094.1,218716.9,158859.7,125786.0,164215.6
3395,49201,52.1167,8.2,Niedersachsen,NI,Landkreis Osnabrück,3459.0,"(52.1167, 8.2)",357773.1,132536.8,365380.0,335656.7,552703.7,401911.5,561539.7,563533.1,180965.0,203393.2,207939.0,571226.0,249981.7,149991.5,160100.9,155347.5
3396,49205,52.2375,7.9611,Niedersachsen,NI,Landkreis Osnabrück,3459.0,"(52.2375, 7.9611)",385886.9,113258.9,362490.8,324487.1,580817.4,399022.3,550076.7,591646.8,154056.9,178165.6,181031.0,599339.7,230370.4,178105.3,133192.8,183461.2
3397,49214,52.1167,8.1667,Niedersachsen,NI,Landkreis Osnabrück,3459.0,"(52.1167, 8.1667)",360403.2,135166.9,368010.1,338286.8,555333.8,404541.6,564169.8,566163.2,181279.5,206023.3,208253.6,573856.1,252611.9,152621.7,160415.4,157977.6
3398,49219,52.0847,7.9994,Niedersachsen,NI,Landkreis Osnabrück,3459.0,"(52.0847, 7.9994)",373340.2,95703.4,373821.0,351223.8,568270.7,410352.5,577106.7,579100.2,151924.6,176033.2,178898.6,586793.0,228238.0,165558.6,131060.5,170914.5
3399,49324,52.1977,8.3389,Niedersachsen,NI,Landkreis Osnabrück,3459.0,"(52.1977, 8.3389)",363284.2,142182.4,333305.7,341167.8,558214.8,369837.3,567050.8,569044.2,182980.5,207089.1,209954.5,576737.1,259293.9,137595.1,162116.4,160858.6
3400,49326,52.2,8.35,Niedersachsen,NI,Landkreis Osnabrück,3459.0,"(52.2, 8.35)",364603.6,143322.2,334355.0,342487.2,559534.2,370886.6,568370.1,570363.6,184120.2,208228.9,211094.3,578056.5,260433.7,138644.4,163256.2,162178.0
3401,49328,52.2,8.35,Niedersachsen,NI,Landkreis Osnabrück,3459.0,"(52.2, 8.35)",364603.6,143322.2,334355.0,342487.2,559534.2,370886.6,568370.1,570363.6,184120.2,208228.9,211094.3,578056.5,260433.7,138644.4,163256.2,162178.0
3402,49356,52.6078,8.3701,Niedersachsen,NI,Landkreis Diepholz,3251.0,"(52.6078, 8.3701)",428058.0,170504.2,333456.8,381732.4,622988.6,369988.3,607322.0,633818.0,211302.3,235410.9,238276.4,641510.8,287615.7,220276.4,190438.2,225632.3
3403,49377,52.7263,8.286,Niedersachsen,NI,Vechta,3460.0,"(52.7263, 8.286)",452485.9,175156.1,386617.5,386384.3,647416.5,423149.0,611973.9,658245.9,215954.2,240062.8,242928.3,665938.7,292267.6,244704.3,195090.1,250060.3
3404,49393,52.6589,8.225,Niedersachsen,NI,Vechta,3460.0,"(52.6589, 8.225)",440445.1,163115.4,396698.7,374343.5,635375.7,433230.3,599933.1,646205.1,203913.4,228022.0,230887.5,653898.0,280226.8,232663.5,183049.3,238019.5
3405,49401,52.5216,8.1979,Niedersachsen,NI,Vechta,3460.0,"(52.5216, 8.1979)",426682.8,149353.0,403286.7,360581.2,621613.4,439818.3,586170.8,632442.8,190151.1,214259.7,217125.1,640135.6,266464.5,218901.2,169287.0,224257.1
3406,49406,52.71546666666666,8.5381,Niedersachsen,NI,Landkreis Diepholz,3251.0,"(52.71546666666666, 8.5381)",447043.7,189899.5,328194.5,401127.7,641974.3,364726.0,626717.3,652803.7,230697.6,254806.2,257671.6,660496.6,307011.0,183912.1,209833.5,244618.1
3407,49413,52.6622,8.1244,Niedersachsen,NI,Vechta,3460.0,"(52.6622, 8.1244)",439541.4,162211.7,395257.3,373439.9,634472.0,431788.8,599029.5,645301.4,203009.7,227118.4,229983.8,652994.3,279323.2,231759.8,182145.6,237115.8
3408,49419,52.55,8.5833,Niedersachsen,NI,Landkreis Diepholz,3251.0,"(52.55, 8.5833)",403790.8,175456.9,322278.9,381674.4,598721.4,358810.4,607557.3,609550.8,216254.9,240363.5,243229.0,617243.6,292568.4,157672.4,195390.8,201365.1
3409,49424,52.7883,8.432,Niedersachsen,NI,Vechta,3460.0,"(52.7883, 8.432)",468409.7,191080.0,368862.7,402308.2,663340.3,405394.2,627897.7,674169.7,231878.0,255986.6,258852.1,681862.6,308191.5,260628.1,211013.9,265984.1
3410,49429,52.8333,8.3167,Niedersachsen,NI,Vechta,3460.0,"(52.8333, 8.3167)",463912.8,186583.0,368171.6,397811.2,658843.4,404703.1,623400.8,669672.8,227381.1,251489.7,254355.1,677365.6,303694.5,256131.2,206517.0,261487.2
3411,49434,52.5167,8.0667,Niedersachsen,NI,Vechta,3460.0,"(52.5167, 8.0667)",419458.5,142128.7,396062.4,353356.9,614389.1,432594.0,578946.5,625218.5,182926.8,207035.4,209900.8,632911.3,259240.2,211676.9,162062.7,217032.8
3412,49439,52.5864,8.2157,Niedersachsen,NI,Vechta,3460.0,"(52.5864, 8.2157)",436181.1,158851.4,346613.6,370079.6,631111.7,383145.1,595669.2,641941.1,199649.4,223758.1,226623.5,649634.0,275962.9,228399.5,178785.3,233755.5
3413,49448,52.46931666666666,8.3846,Niedersachsen,NI,Landkreis Diepholz,3251.0,"(52.46931666666666, 8.3846)",414742.9,159121.3,329507.2,392626.5,609673.5,366038.7,618509.4,620502.9,199919.3,224028.0,226893.4,628195.7,276232.8,206961.3,179055.3,212317.3
3414,49451,52.5833,8.1167,Niedersachsen,NI,Vechta,3460.0,"(52.5833, 8.1167)",430932.1,153602.4,402614.9,364830.6,625862.7,439146.4,590420.2,636692.1,194400.4,218509.1,221374.5,644385.0,270713.9,223150.6,173536.3,228506.5
3415,49453,52.61784,8.50056,Niedersachsen,NI,Landkreis Diepholz,3251.0,"(52.61784, 8.50056)",435273.4,183166.5,324256.1,394394.7,630204.0,360787.6,639039.9,641033.4,223964.5,248073.2,250938.6,648726.3,300278.0,168874.4,203100.5,232847.8
3416,49456,52.7412,8.1955,Niedersachsen,NI,Vechta,3460.0,"(52.7412, 8.1955)",446232.9,168903.2,387156.7,380131.4,641163.5,423688.2,605720.9,651992.9,209701.2,233809.8,236675.3,659685.8,286014.7,238451.3,188837.1,243807.3
3417,49457,52.65,8.4333,Niedersachsen,NI,Landkreis Diepholz,3251.0,"(52.65, 8.4333)",434866.7,177722.5,332182.1,388950.7,629797.3,368713.6,614540.3,640626.7,218520.5,242629.2,245494.6,648319.5,294834.0,227085.1,197656.5,232441.1
3418,49459,52.5333,8.35,Niedersachsen,NI,Landkreis Diepholz,3251.0,"(52.5333, 8.35)",419641.1,160950.2,339846.1,372178.4,614571.6,376377.6,597768.0,625401.1,201748.3,225856.9,228722.3,633093.9,278061.7,211859.5,180884.2,217215.4
3419,49477,52.2601,7.7135,Nordrhein-Westfalen,NW,Steinfurt,5566.0,"(52.2601, 7.7135)",402719.1,103989.2,379323.0,315217.4,597649.7,415854.6,540807.0,608479.1,159950.6,184059.3,186924.7,616171.9,221100.7,194937.5,123923.2,200293.4
3420,49479,52.2667,7.7333,Nordrhein-Westfalen,NW,Steinfurt,5566.0,"(52.2667, 7.7333)",401562.3,112907.1,378166.2,324135.3,596492.8,414697.8,549724.9,607322.3,162412.0,186520.6,189386.0,615015.1,230018.6,193780.7,132841.1,199136.6
3421,49492,52.3167,7.8833,Nordrhein-Westfalen,NW,Steinfurt,5566.0,"(52.3167, 7.8833)",396968.8,119639.1,373572.8,330867.3,591899.4,410104.3,556456.9,602728.8,160437.1,184545.8,187411.2,610421.7,236750.6,189187.3,139573.0,194543.2
3422,49497,52.3167,7.7833,Nordrhein-Westfalen,NW,Steinfurt,5566.0,"(52.3167, 7.7833)",402097.1,126730.6,378701.1,337958.8,597027.7,415232.6,563548.4,607857.1,167528.6,191637.3,194502.7,615550.0,243842.1,194315.5,146664.6,199671.5
3423,49504,52.2833,7.9167,Nordrhein-Westfalen,NW,Steinfurt,5566.0,"(52.2833, 7.9167)",392861.9,115738.7,369465.8,326966.9,587792.5,405997.4,552556.5,598621.9,156536.7,180645.4,183510.8,606314.7,232850.2,185080.3,135672.7,190436.2
3424,49509,52.3689,7.7212,Nordrhein-Westfalen,NW,Steinfurt,5566.0,"(52.3689, 7.7212)",416690.9,117961.0,393294.9,329189.2,611621.5,429826.4,554778.8,622450.9,166610.6,190719.2,193584.6,630143.7,235072.5,208909.3,137895.0,214265.3
3425,49525,52.1866,7.8604,Nordrhein-Westfalen,NW,Steinfurt,5566.0,"(52.1866, 7.8604)",386417.9,102568.0,380227.7,313796.2,581348.5,416759.2,539385.7,592177.9,143366.0,167474.6,170340.1,599870.8,219679.5,178636.3,122501.9,183992.3
3426,49536,52.15,7.9833,Nordrhein-Westfalen,NW,Steinfurt,5566.0,"(52.15, 7.9833)",375324.4,113589.0,370039.0,324817.2,570255.0,406570.6,579090.9,581084.4,154387.0,178495.6,181361.1,588777.3,230700.5,167542.8,133522.9,172898.8
3427,49545,52.2196,7.8136,Nordrhein-Westfalen,NW,Steinfurt,5566.0,"(52.2196, 7.8136)",398974.1,102315.5,375578.1,313543.7,593904.7,412109.6,539133.3,604734.1,143113.5,167222.2,170087.6,612427.0,219427.0,191192.6,122249.5,196548.5
3428,49549,52.1333,7.75,Nordrhein-Westfalen,NW,Steinfurt,5566.0,"(52.1333, 7.75)",410043.9,92550.9,386647.9,303779.1,604974.5,423179.4,529368.7,615803.9,133349.0,157457.6,160323.0,623496.8,209662.4,202262.3,112484.9,207618.3
3429,49565,52.4088,7.9729,Niedersachsen,NI,Landkreis Osnabrück,3459.0,"(52.4088, 7.9729)",396976.9,129915.2,383848.9,341143.4,591907.5,420380.4,566733.0,602736.9,170713.2,194821.8,197687.3,610429.8,247026.7,189195.4,149849.1,194551.3
3430,49577,52.56666666666666,7.844433333333334,Niedersachsen,NI,Landkreis Osnabrück,3459.0,"(52.56666666666666, 7.844433333333334)",419654.2,152592.4,406526.1,363820.6,614584.7,443057.6,589410.2,625414.1,193390.4,217499.1,220364.5,633107.0,269703.9,211872.6,172526.3,217228.5
3431,49584,52.5167,7.6767,Niedersachsen,NI,Landkreis Osnabrück,3459.0,"(52.5167, 7.6767)",424595.3,157533.5,411467.3,368761.7,619525.9,447998.8,594351.3,630355.3,166375.0,190483.7,193349.1,638048.1,256617.2,216813.7,156063.1,222169.7
3432,49586,52.4502,7.8361,Niedersachsen,NI,Landkreis Osnabrück,3459.0,"(52.4502, 7.8361)",412886.5,145824.7,399758.4,357052.9,607817.1,436289.9,582642.5,618646.5,186622.7,210731.4,213596.8,626339.3,262936.2,205104.9,165758.7,210460.8
3433,49593,52.5516,7.9484,Niedersachsen,NI,Landkreis Osnabrück,3459.0,"(52.5516, 7.9484)",413931.5,146869.8,400803.5,358098.0,608862.1,437335.0,583687.5,619691.5,187667.8,211776.4,214641.9,627384.4,263981.3,206149.9,166803.7,211505.9
3434,49594,52.5,7.95,Niedersachsen,NI,Landkreis Osnabrück,3459.0,"(52.5, 7.95)",407956.3,140894.5,394828.3,352122.7,602886.9,431359.8,577712.3,613716.3,181692.6,205801.2,208666.7,621409.2,258006.0,200174.7,160828.5,205530.7
3435,49596,52.5768,8.0034,Niedersachsen,NI,Landkreis Osnabrück,3459.0,"(52.5768, 8.0034)",428066.2,150736.5,408854.6,361964.7,622996.8,445386.1,587554.3,633826.2,191534.5,215643.2,218508.6,641519.1,267848.0,220284.6,170670.4,225640.6
3436,49597,52.4833,8.0167,Niedersachsen,NI,Landkreis Osnabrück,3459.0,"(52.4833, 8.0167)",423863.2,146533.5,400467.2,357761.7,618793.8,436998.7,583351.2,629623.2,187331.5,211440.1,214305.6,637316.1,263645.0,216081.6,166467.4,221437.6
3437,49599,52.4333,7.75,Niedersachsen,NI,Landkreis Osnabrück,3459.0,"(52.4333, 7.75)",414768.8,147707.0,401640.7,358935.2,609699.4,438172.2,584524.8,620528.8,169292.3,193400.9,196266.4,628221.6,264818.5,206987.2,167641.0,212343.1
3438,49610,52.675,7.9498,Niedersachsen,NI,Landkreis Osnabrück,3459.0,"(52.675, 7.9498)",430017.7,162955.9,405731.1,374184.1,624948.3,442262.6,599773.7,635777.7,203754.0,227862.6,230728.1,643470.6,280067.4,222236.1,182889.9,227592.1
3439,49624,52.7368,7.7581,Niedersachsen,NI,Cloppenburg,3453.0,"(52.7368, 7.7581)",441270.1,174208.3,411101.6,385436.5,636200.6,447633.1,611026.1,647030.0,195741.9,219850.5,222716.0,654722.9,285984.1,233488.5,185430.0,238844.4
3440,49626,52.6033,7.7394,Niedersachsen,NI,Landkreis Osnabrück,3459.0,"(52.6033, 7.7394)",429495.1,162433.3,416367.1,373661.5,624425.7,452898.6,599251.1,635255.1,179065.4,203174.0,206039.4,642947.9,279544.8,221713.5,182367.3,227069.5
3441,49632,52.7,7.9167,Niedersachsen,NI,Cloppenburg,3453.0,"(52.7, 7.9167)",434298.8,167237.0,404879.9,378465.2,629229.4,441411.4,604054.8,640058.8,208035.1,232143.7,235009.1,647751.6,284348.5,226517.2,187171.0,231873.2
3442,49635,52.6333,7.9833,Niedersachsen,NI,Landkreis Osnabrück,3459.0,"(52.6333, 7.9833)",424386.1,157324.4,411460.3,368552.6,619316.7,447991.8,594142.1,630146.1,198122.4,222231.0,225096.5,637839.0,274435.9,216604.5,177258.3,221960.5
3443,49637,52.6833,7.8167,Niedersachsen,NI,Landkreis Osnabrück,3459.0,"(52.6833, 7.8167)",432428.7,165366.9,417926.9,376595.1,627359.3,454458.4,602184.7,638188.7,205792.1,229900.8,232766.2,645881.6,282478.4,224647.1,185300.9,230003.1
