,zipcode,lat,long,state,state_code,community_name,community_code,coor,AKB Kitzingen,AKB Dortmund,AKB Zörbig,AKB Schöneck,AKB Buch,Mosolf Etzin,Mosolf Kippenheim,BLG Kelheim,BLG Duisburg,BLG Neuss,Carservice Erkens,ARS Altmann Wolnzach,CAT Zülpich,Autohaus Siebrecht,Neu: FleetParQ Essen ,Neu: FleetParQ Kassel
5084,72511,48.1113,9.2724,Baden-Württemberg,BW,Landkreis Sigmaringen,8437.0,"(48.1113, 9.2724)",253757.0,504451.5,555234.5,316316.8,83919.8,682690.4,143278.5,262377.8,508606.9,489709.5,528596.6,226029.3,451179.0,517758.0,515136.2,463805.2
5085,72513,48.216,9.2317,Baden-Württemberg,BW,Landkreis Sigmaringen,8437.0,"(48.216, 9.2317)",246060.2,495518.0,565226.4,307383.3,89426.5,692682.3,139191.2,272111.4,499673.4,480776.1,519663.1,235762.9,442245.5,492828.4,506202.7,438875.7
5086,72514,48.0703,9.18,Baden-Württemberg,BW,Landkreis Sigmaringen,8437.0,"(48.0703, 9.18)",271051.0,527130.6,572528.6,338995.9,99080.1,699984.5,166981.2,279671.9,531286.0,512388.7,551275.7,243323.4,473858.1,535052.0,537815.3,481099.3
5087,72516,48.0729,9.2949,Baden-Württemberg,BW,Landkreis Sigmaringen,8437.0,"(48.0729, 9.2949)",256226.4,511010.7,557703.9,322876.0,84255.4,685159.8,148016.4,264847.2,515166.1,496268.8,535155.8,228498.8,457738.2,520227.4,521695.5,466274.7
5088,72517,48.0659,9.2621,Baden-Württemberg,BW,Landkreis Sigmaringen,8437.0,"(48.0659, 9.2621)",259910.4,529694.6,561387.9,341559.9,87939.4,688843.8,144340.2,268531.2,533850.0,514952.7,553839.7,232182.7,476422.1,523911.4,540379.4,469958.6
5089,72519,48.1851,9.2108,Baden-Württemberg,BW,Landkreis Sigmaringen,8437.0,"(48.1851, 9.2108)",251948.5,501406.2,560105.3,313271.5,89043.1,687561.2,133410.9,267248.6,505561.6,486664.3,525551.3,230900.1,448133.7,498716.6,512090.9,444763.9
5090,72525,48.4113,9.497,Baden-Württemberg,BW,Reutlingen,8415.0,"(48.4113, 9.497)",224166.2,476468.9,525643.8,288334.2,68518.0,653099.7,215694.1,232528.8,480624.3,461727.0,500614.0,196180.3,423196.4,488167.2,487153.7,434214.5
5091,72531,48.34478333333333,9.351116666666668,Baden-Württemberg,BW,Reutlingen,8415.0,"(48.34478333333333, 9.351116666666668)",240156.2,479115.3,541633.7,290980.6,84508.0,669089.7,218340.5,248518.7,483270.7,464373.4,503260.4,212170.3,425842.8,476425.7,489800.0,422473.0
5092,72532,48.3998,9.3906,Baden-Württemberg,BW,Reutlingen,8415.0,"(48.3998, 9.3906)",233101.8,476442.4,534579.4,288307.7,77453.6,662035.3,215667.6,241464.4,480597.8,461700.5,500587.5,205115.9,423169.9,473752.8,487127.2,419800.1
5093,72534,48.2753,9.4776,Baden-Württemberg,BW,Reutlingen,8415.0,"(48.2753, 9.4776)",231680.3,495551.6,533157.8,307416.9,67197.6,660613.8,163800.2,240301.1,499707.0,480809.7,519696.7,203952.7,442279.1,495681.3,506236.3,441728.6
5094,72535,48.44563333333334,9.664233333333334,Baden-Württemberg,BW,Alb-Donau-Kreis,8425.0,"(48.44563333333334, 9.664233333333334)",208059.5,494769.4,509537.0,306634.7,75781.6,636993.0,233994.6,216422.0,498924.8,480027.4,518914.5,180073.6,441496.8,472060.5,505454.1,418107.8
5095,72537,48.3761,9.566,Baden-Württemberg,BW,Reutlingen,8415.0,"(48.3761, 9.566)",225279.6,485404.9,526757.1,297270.2,66599.3,654213.0,224630.1,233642.1,489560.3,470663.0,509550.0,197293.6,432132.4,489280.5,496089.6,435327.8
5096,72539,48.2764,9.36,Baden-Württemberg,BW,Reutlingen,8415.0,"(48.2764, 9.36)",236655.2,486112.9,552674.9,297978.2,78105.4,680130.8,148977.9,259559.9,490268.3,471371.0,510258.1,223211.4,432840.4,483423.3,496797.7,429470.6
5097,72555,48.537,9.2833,Baden-Württemberg,BW,Reutlingen,8415.0,"(48.537, 9.2833)",200197.3,449655.0,535854.5,261520.3,108395.6,663310.4,188880.2,249036.0,453810.4,434913.1,473800.1,212687.6,396382.5,446965.4,460339.7,393012.7
5098,72574,48.4911,9.4001,Baden-Württemberg,BW,Reutlingen,8415.0,"(48.4911, 9.4001)",213440.5,462898.2,530792.1,274763.5,97036.7,658248.0,202123.4,237677.1,467053.6,448156.3,487043.3,201328.6,409625.7,460208.6,473583.0,406255.9
5099,72581,48.5308,9.3446,Baden-Württemberg,BW,Reutlingen,8415.0,"(48.5308, 9.3446)",208867.8,458325.5,537288.6,270190.8,103533.2,664744.5,197550.7,244173.6,462480.9,443583.6,482470.6,207825.1,405053.0,455635.9,469010.3,401683.2
5100,72582,48.524,9.4615,Baden-Württemberg,BW,Reutlingen,8415.0,"(48.524, 9.4615)",225654.8,467812.9,527132.4,279678.2,93377.0,654588.3,207038.1,234017.4,471968.3,453070.9,491958.0,197668.9,414540.3,489655.8,478497.6,435703.1
5101,72584,48.5198,9.4079,Baden-Württemberg,BW,Reutlingen,8415.0,"(48.5198, 9.4079)",217010.4,466468.2,533604.1,278333.5,99848.7,661060.0,205693.4,240489.1,470623.6,451726.2,490613.3,204140.6,413195.6,463778.5,477152.9,409825.8
5102,72585,48.5603,9.2688,Baden-Württemberg,BW,Reutlingen,8415.0,"(48.5603, 9.2688)",197427.7,446885.4,533084.9,258750.7,120350.5,660540.8,186110.6,260990.9,451040.8,432143.5,471030.5,224642.4,393612.9,444195.8,457570.1,390243.1
5103,72587,48.49843333333333,9.542633333333333,Baden-Württemberg,BW,Reutlingen,8415.0,"(48.49843333333333, 9.542633333333333)",218457.7,477547.0,519935.2,289412.3,86179.8,647391.2,216772.2,226820.2,481702.4,462805.1,501692.1,190471.8,424274.5,482458.7,488231.7,428506.0
5104,72589,48.5151,9.6242,Baden-Württemberg,BW,Alb-Donau-Kreis,8425.0,"(48.5151, 9.6242)",211343.7,477931.2,512821.2,289796.6,79065.8,640277.1,217156.5,219706.2,482086.6,463189.3,502076.4,183357.7,424658.7,475344.6,488616.0,421391.9
5105,72622,48.6256,9.342,Baden-Württemberg,BW,Esslingen,8116.0,"(48.6256, 9.342)",197473.3,446931.0,533130.5,258796.3,104964.9,660586.4,186156.2,245605.3,451086.4,432189.1,471076.1,209256.8,393658.5,444241.4,457615.7,390288.7
5106,72631,48.6333,9.2667,Baden-Württemberg,BW,Esslingen,8116.0,"(48.6333, 9.2667)",190912.2,440369.9,526569.4,252235.2,114790.4,654025.3,179595.1,255430.8,444525.3,425628.0,464515.0,219082.4,387097.4,437680.3,451054.6,383727.6
5107,72636,48.5935,9.3601,Baden-Württemberg,BW,Esslingen,8116.0,"(48.5935, 9.3601)",201389.9,450847.6,537047.1,262712.9,108222.5,664503.0,190072.9,248862.9,455003.0,436105.7,474992.8,212514.4,397575.1,448158.0,461532.4,394205.3
5108,72639,48.5546,9.3755,Baden-Württemberg,BW,Esslingen,8116.0,"(48.5546, 9.3755)",206126.6,455584.3,541740.1,267449.6,107984.7,669196.0,194809.6,248625.1,459739.7,440842.4,479729.4,212276.6,402311.8,452894.7,466269.1,398942.0
5109,72644,48.65,9.3667,Baden-Württemberg,BW,Esslingen,8116.0,"(48.65, 9.3667)",195883.2,445341.0,531540.5,257206.3,107913.8,658996.4,184566.2,248554.2,449496.4,430599.1,469486.1,212205.8,392068.5,442651.4,456025.7,388698.7
5110,72649,48.65,9.2833,Baden-Württemberg,BW,Esslingen,8116.0,"(48.65, 9.2833)",190905.4,440363.1,526562.6,252228.4,113266.6,654018.5,179588.3,253907.0,444518.5,425621.2,464508.2,217558.6,387090.6,437673.5,451047.8,383720.8
5111,72654,48.5898,9.2348,Baden-Württemberg,BW,Esslingen,8116.0,"(48.5898, 9.2348)",193690.8,443148.5,529348.0,255013.8,119586.2,656803.9,182373.7,260226.6,447303.9,428406.6,467293.6,223878.2,389876.0,440458.9,453833.2,386506.2
5112,72655,48.5942,9.2716,Baden-Württemberg,BW,Esslingen,8116.0,"(48.5942, 9.2716)",194125.1,443582.8,529782.3,255448.1,118363.4,657238.2,182808.0,259003.8,447738.2,428840.9,467727.9,222655.3,390310.3,440893.2,454267.5,386940.5
5113,72657,48.5914,9.2219,Baden-Württemberg,BW,Esslingen,8116.0,"(48.5914, 9.2219)",194724.0,444181.7,530381.2,256047.0,122622.2,657837.1,183406.9,263262.6,448337.1,429439.8,468326.8,226914.1,390909.2,441492.1,454866.4,387539.4
5114,72658,48.5718,9.2683,Baden-Württemberg,BW,Esslingen,8116.0,"(48.5718, 9.2683)",196052.6,445510.4,531709.8,257375.7,118833.1,659165.8,184735.6,259473.5,449665.8,430768.4,469655.5,223125.0,392237.8,442820.7,456195.1,388868.0
5115,72660,48.5693,9.4041,Baden-Württemberg,BW,Esslingen,8116.0,"(48.5693, 9.4041)",210022.0,459479.7,539046.7,271345.0,105291.3,666502.6,198704.9,245931.7,463635.1,444737.8,483624.8,209583.2,406207.2,456790.1,470164.4,402837.4
5116,72661,48.565,9.3019,Baden-Württemberg,BW,Reutlingen,8415.0,"(48.565, 9.3019)",199283.5,448741.2,534940.7,260606.5,118479.4,662396.6,187966.4,259119.8,452896.6,433999.3,472886.3,222771.3,395468.7,446051.6,459426.0,392098.9
5117,72663,48.5905,9.3078,Baden-Württemberg,BW,Esslingen,8116.0,"(48.5905, 9.3078)",200234.1,449691.9,535891.3,261557.2,115311.0,663347.3,188917.1,255951.4,453847.3,434949.9,473837.0,219602.9,396419.3,447002.2,460376.6,393049.5
5118,72664,48.5584,9.3358,Baden-Württemberg,BW,Esslingen,8116.0,"(48.5584, 9.3358)",205125.6,454583.3,540782.8,266448.6,111271.4,668238.7,193808.5,251911.8,458738.7,439841.4,478728.4,215563.3,401310.8,451893.7,465268.1,397941.0
5119,72666,48.6117,9.2637,Baden-Württemberg,BW,Esslingen,8116.0,"(48.6117, 9.2637)",191311.0,440768.7,526968.2,252634.0,115739.8,654424.1,179993.9,256380.2,444924.1,426026.8,464913.8,220031.7,387496.2,438079.1,451453.4,384126.4
5120,72667,48.6043,9.2227,Baden-Württemberg,BW,Esslingen,8116.0,"(48.6043, 9.2227)",192662.0,442119.8,528319.3,253985.1,120560.3,655775.2,181345.0,261200.7,446275.2,427377.9,466264.9,224852.2,388847.3,439430.2,452804.5,385477.5
5121,72669,48.6545,9.358,Baden-Württemberg,BW,Esslingen,8116.0,"(48.6545, 9.358)",196360.8,445818.5,532018.0,257683.8,108391.4,659473.9,185043.7,249031.8,449973.9,431076.6,469963.6,212683.3,392546.0,443128.9,456503.2,389176.2
5122,72760,48.5094,9.204,Baden-Württemberg,BW,Reutlingen,8415.0,"(48.5094, 9.204)",204399.3,453857.1,540056.5,265722.4,115924.1,667512.5,193082.3,256564.5,458012.5,439115.1,478002.2,220216.0,400584.5,451167.4,464541.8,397214.7
5123,72762,48.4845,9.1939,Baden-Württemberg,BW,Reutlingen,8415.0,"(48.4845, 9.1939)",207205.3,456663.1,542862.6,268528.4,117692.0,670318.5,195888.3,258332.4,460818.5,441921.1,480808.2,221983.9,403390.6,453973.5,467347.8,400020.7
5124,72764,48.4931,9.2125,Baden-Württemberg,BW,Reutlingen,8415.0,"(48.4931, 9.2125)",205999.2,455456.9,541656.4,267322.2,115323.3,669112.3,194682.1,255963.7,459612.3,440715.0,479602.0,219615.2,402184.4,452767.3,466141.6,398814.6
5125,72766,48.511,9.2232,Baden-Württemberg,BW,Reutlingen,8415.0,"(48.511, 9.2232)",205084.9,454542.7,540742.1,266408.0,114081.4,668198.1,193767.9,254721.8,458698.1,439800.7,478687.8,218373.4,401270.1,451853.0,465227.4,397900.3
5126,72768,48.4833,9.2167,Baden-Württemberg,BW,Reutlingen,8415.0,"(48.4833, 9.2167)",207138.6,456596.3,542795.8,268461.6,117706.1,670251.7,195821.5,258346.5,460751.7,441854.4,480741.4,221998.1,403323.8,453906.7,467281.1,399954.0
5127,72770,48.4942,9.1666,Baden-Württemberg,BW,Reutlingen,8415.0,"(48.4942, 9.1666)",206775.0,456232.8,542432.3,268098.1,118530.4,669888.2,195458.0,259170.8,460388.2,441490.8,480377.9,222822.3,402960.3,453543.2,466917.5,399590.5
5128,72793,48.4646,9.228,Baden-Württemberg,BW,Reutlingen,8415.0,"(48.4646, 9.228)",209034.6,458492.3,544691.8,270357.6,118031.1,672147.7,197717.5,258671.5,462647.7,443750.4,482637.4,222323.0,405219.8,455802.7,469177.0,401850.0
5129,72800,48.4869,9.2595,Baden-Württemberg,BW,Reutlingen,8415.0,"(48.4869, 9.2595)",207061.7,456519.5,542718.9,268384.8,113624.5,670174.9,195744.7,254264.9,460674.9,441777.5,480664.6,217916.4,403246.9,453829.8,467204.2,399877.1
5130,72805,48.4396,9.2528,Baden-Württemberg,BW,Reutlingen,8415.0,"(48.4396, 9.2528)",212413.6,461871.4,548070.9,273736.7,91400.4,675526.8,201096.6,262050.6,466026.8,447129.4,486016.5,225702.1,408598.9,459181.8,472556.1,405229.1
5131,72810,48.4535,9.0958,Baden-Württemberg,BW,Tübingen,8416.0,"(48.4535, 9.0958)",216084.0,465541.7,551741.2,277407.0,128436.7,679197.1,145704.1,269077.1,469697.1,450799.8,489686.8,232728.6,412269.2,462852.1,476226.5,408899.4
5132,72813,48.4833,9.3167,Baden-Württemberg,BW,Reutlingen,8415.0,"(48.4833, 9.3167)",212859.2,462316.9,548516.4,274182.3,112443.8,675972.3,201542.2,253084.2,466472.3,447575.0,486462.1,216735.7,409044.4,459627.3,473001.7,405674.6
5133,72818,48.3084,9.2449,Baden-Württemberg,BW,Reutlingen,8415.0,"(48.3084, 9.2449)",232319.4,481777.1,552688.3,293642.4,90647.2,680144.2,144416.3,259573.3,485932.5,467035.2,505922.2,223224.8,428504.6,479087.5,492461.9,425134.8
5134,72820,48.3833,9.1833,Baden-Württemberg,BW,Reutlingen,8415.0,"(48.3833, 9.1833)",223466.8,472924.6,554456.9,284789.9,97331.2,681912.9,144852.9,261341.9,477080.0,458182.6,497069.7,224993.5,419652.0,470234.9,483609.3,416282.2
5135,72827,48.5167,9.15,Baden-Württemberg,BW,Reutlingen,8415.0,"(48.5167, 9.15)",204081.0,453538.8,539738.2,265404.1,120311.0,667194.2,192764.0,260951.4,457694.2,438796.8,477683.9,224603.0,400266.2,450849.1,464223.5,396896.4
5136,72829,48.392475,9.300825,Baden-Württemberg,BW,Reutlingen,8415.0,"(48.392475, 9.300825)",221891.8,471349.5,544704.3,283214.8,87578.5,672160.2,210574.7,251589.3,475504.9,456607.6,495494.6,215240.8,418077.0,468659.9,482034.3,414707.2
5137,73033,48.7075,9.6514,Baden-Württemberg,BW,Göppingen,8117.0,"(48.7075, 9.6514)",168265.5,467439.8,469743.0,279305.1,101846.2,597198.9,206665.0,242486.6,471595.2,452697.8,491584.9,206138.1,414167.2,432266.5,478124.5,378313.8
5138,73035,48.7,9.6667,Baden-Württemberg,BW,Göppingen,8117.0,"(48.7, 9.6667)",167906.6,468515.8,469384.2,280381.1,85789.1,596840.1,207741.0,226429.5,472671.2,453773.8,492660.9,190081.0,415243.3,431907.6,479200.5,377954.9
5139,73037,48.6959,9.6647,Baden-Württemberg,BW,Göppingen,8117.0,"(48.6959, 9.6647)",168390.3,467496.8,469867.8,279362.1,84770.1,597323.7,206722.0,225410.5,471652.2,452754.8,491641.9,189062.0,414224.3,432391.3,478181.5,378438.6
5140,73054,48.6944,9.7009,Baden-Württemberg,BW,Göppingen,8117.0,"(48.6944, 9.7009)",169250.2,469831.4,470727.7,281696.7,84385.7,598183.7,209056.6,225026.1,473986.8,455089.4,493976.5,188677.6,416558.9,433251.2,480516.1,379298.5
5141,73061,48.716,9.5236,Baden-Württemberg,BW,Göppingen,8117.0,"(48.716, 9.5236)",188541.5,456058.2,482467.6,267923.5,103255.3,609923.6,195283.4,243895.7,460213.6,441316.3,480203.3,207547.2,402785.7,435309.6,466742.9,381356.9
5142,73066,48.7048,9.5857,Baden-Württemberg,BW,Göppingen,8117.0,"(48.7048, 9.5857)",172517.3,460661.2,473994.8,272526.5,99073.2,601450.7,199886.4,239713.6,464816.6,445919.2,484806.3,203365.1,407388.6,436518.2,471345.9,382565.5
5143,73072,48.6854,9.8105,Baden-Württemberg,BW,Göppingen,8117.0,"(48.6854, 9.8105)",159430.7,479863.1,460908.2,291728.4,81427.7,588364.2,219088.3,222068.1,484018.5,465121.1,504008.2,185719.6,426590.5,423431.7,490547.8,369479.0
5144,73079,48.6793,9.7553,Baden-Württemberg,BW,Göppingen,8117.0,"(48.6793, 9.7553)",163984.7,474986.8,465462.2,286852.1,78443.2,592918.1,214212.0,219083.6,479142.2,460244.9,499131.9,182735.1,421714.3,427985.7,485671.5,374032.9
5145,73084,48.692,9.7371,Baden-Württemberg,BW,Göppingen,8117.0,"(48.692, 9.7371)",166000.2,474395.3,467477.7,286260.6,80686.7,594933.7,213620.5,221327.1,478550.7,459653.3,498540.4,184978.6,421122.7,430001.2,485080.0,376048.5
5146,73087,48.6436,9.613,Baden-Württemberg,BW,Göppingen,8117.0,"(48.6436, 9.613)",176926.1,462327.1,478403.7,274192.4,87853.9,605859.6,201552.4,228494.3,466482.5,447585.2,486472.3,192145.8,409054.6,440927.1,473011.9,386974.4
5147,73092,48.6618,9.6498,Baden-Württemberg,BW,Göppingen,8117.0,"(48.6618, 9.6498)",172774.2,467465.9,474251.8,279331.2,89854.7,601707.7,206691.1,230495.1,471621.3,452723.9,491611.0,194146.7,414193.3,436775.2,478150.6,382822.5
5148,73095,48.6914,9.5649,Baden-Württemberg,BW,Göppingen,8117.0,"(48.6914, 9.5649)",175239.6,461869.4,476717.1,273734.7,97218.3,604173.0,201094.6,237858.7,466024.8,447127.4,486014.5,201510.2,408596.9,439240.6,472554.1,385287.9
5149,73098,48.7308,9.6442,Baden-Württemberg,BW,Göppingen,8117.0,"(48.7308, 9.6442)",165921.9,453995.2,467399.4,265860.6,104930.7,594855.4,206228.1,245571.1,458150.6,439253.3,477889.2,209222.6,400471.6,429922.9,464680.0,375970.2
5150,73099,48.7623,9.5999,Baden-Württemberg,BW,Göppingen,8117.0,"(48.7623, 9.5999)",169868.4,448195.9,471345.9,260061.2,110948.5,598801.8,211098.4,251588.9,452351.3,433454.0,472089.9,215240.4,394672.3,433869.3,458880.7,379916.6
5151,73101,48.6356,9.5637,Baden-Württemberg,BW,Göppingen,8117.0,"(48.6356, 9.5637)",208363.7,457821.4,522985.1,269686.7,89229.7,650441.1,197046.6,229870.1,461976.8,443079.5,481966.5,193521.7,404548.9,455131.8,468506.2,401179.1
5152,73102,48.7473,9.6611,Baden-Württemberg,BW,Göppingen,8117.0,"(48.7473, 9.6611)",163097.7,455002.4,464575.3,266867.7,108009.1,592031.2,209020.6,248649.5,459157.8,440260.4,478896.4,212301.0,401478.7,427098.7,465687.1,373146.0
5153,73104,48.7538,9.6318,Baden-Württemberg,BW,Göppingen,8117.0,"(48.7538, 9.6318)",164902.2,444955.4,466379.8,256820.7,109429.0,593835.7,210440.5,250069.4,449110.8,430213.4,468849.4,213720.9,391431.7,428903.2,455640.1,374950.5
5154,73105,48.6408,9.6354,Baden-Württemberg,BW,Göppingen,8117.0,"(48.6408, 9.6354)",176349.5,464181.9,477827.1,276047.2,88589.9,605283.0,203407.1,229230.3,468337.3,449440.0,488327.0,192881.8,410909.4,440350.5,474866.7,386397.8
5155,73107,48.6526,9.6704,Baden-Württemberg,BW,Göppingen,8117.0,"(48.6526, 9.6704)",174595.2,469391.9,476072.7,281257.2,91777.4,603528.6,208617.1,232417.8,473547.3,454649.9,493537.0,196069.4,416119.3,438596.2,480076.6,384643.5
5156,73108,48.6402,9.6507,Baden-Württemberg,BW,Göppingen,8117.0,"(48.6402, 9.6507)",175335.8,465578.1,476813.3,277443.4,87261.6,604269.2,204803.3,227902.0,469733.5,450836.2,489723.2,191553.5,412305.6,439336.7,476262.8,385384.0
5157,73110,48.6665,9.5746,Baden-Württemberg,BW,Göppingen,8117.0,"(48.6665, 9.5746)",177558.6,461299.4,479036.1,273164.7,92707.8,606492.0,200524.7,233348.2,465454.8,446557.5,485444.6,196999.7,408026.9,458609.8,471984.2,404657.1
5158,73111,48.7101,9.8651,Baden-Württemberg,BW,Göppingen,8117.0,"(48.7101, 9.8651)",154114.0,484618.7,455591.5,290338.8,82260.1,583047.4,223843.9,222816.8,488774.1,469876.7,508763.8,186468.3,431346.1,418114.9,495303.4,364162.2
5159,73113,48.7365,9.7484,Baden-Württemberg,BW,Göppingen,8117.0,"(48.7365, 9.7484)",160619.1,457398.1,462096.7,269263.4,86312.9,589552.6,216503.5,226953.3,461553.5,442656.2,481292.1,190604.8,403874.5,424620.1,468082.9,370667.4
5160,73114,48.6532,9.7062,Baden-Württemberg,BW,Göppingen,8117.0,"(48.6532, 9.7062)",168796.7,475417.7,470274.3,287283.0,81003.3,597730.2,214642.9,221643.7,479573.0,460675.7,499562.8,185295.2,422145.1,432797.7,486102.4,378845.0
5161,73116,48.7599,9.6873,Baden-Württemberg,BW,Göppingen,8117.0,"(48.7599, 9.6873)",160295.3,448440.6,461772.8,260305.9,109429.9,589228.7,211548.3,203702.2,452596.0,433698.7,472334.6,213721.9,394917.0,424296.3,459125.4,370343.6
5162,73117,48.7293,9.6117,Baden-Württemberg,BW,Göppingen,8117.0,"(48.7293, 9.6117)",168731.6,466044.1,470209.2,277909.4,103829.5,597665.1,205269.3,244469.9,470199.5,451302.2,490189.2,208121.4,412771.6,432732.6,476728.8,378779.9
5163,73119,48.6488,9.5714,Baden-Württemberg,BW,Göppingen,8117.0,"(48.6488, 9.5714)",210185.9,459643.7,524807.4,271509.0,91052.0,652263.3,198868.9,231692.4,463799.1,444901.7,483788.8,195343.9,406371.1,456954.0,470328.4,403001.3
5164,73207,48.7107,9.4195,Baden-Württemberg,BW,Esslingen,8116.0,"(48.7107, 9.4195)",180189.4,449903.9,493504.2,261769.3,112476.8,620960.2,189129.2,253117.2,454059.3,435162.0,474049.1,216768.7,396631.4,426957.5,460588.7,373004.8
5165,73230,48.6468,9.4538,Baden-Württemberg,BW,Esslingen,8116.0,"(48.6468, 9.4538)",202782.1,452239.9,531368.6,264105.2,97613.2,658824.6,191465.1,238253.6,456395.3,437498.0,476385.0,201905.2,398967.4,449550.3,462924.6,395597.6
