,zipcode,lat,long,state,state_code,community_name,community_code,coor,AKB Kitzingen,AKB Dortmund,AKB Zörbig,AKB Schöneck,AKB Buch,Mosolf Etzin,Mosolf Kippenheim,BLG Kelheim,BLG Duisburg,BLG Neuss,Carservice Erkens,ARS Altmann Wolnzach,CAT Zülpich,Autohaus Siebrecht,Neu: FleetParQ Essen ,Neu: FleetParQ Kassel
6311,85057,48.775,11.3914,Bayern,BY,Ingolstadt,9161.0,"(48.775, 11.3914)",196513.6,559600.3,376871.6,328914.0,179437.5,504327.5,417665.1,57637.9,563568.8,544671.5,596709.4,36069.4,533353.8,458464.9,570098.2,404512.2
6312,85072,48.8885,11.1968,Bayern,BY,Eichstätt,9176.0,"(48.8885, 11.1968)",182654.0,545740.6,363011.9,315054.4,176376.1,490467.8,361602.4,67637.5,549709.2,530811.8,582849.7,59117.0,519494.2,444605.2,556238.5,390652.5
6313,85077,48.7166,11.4939,Bayern,BY,Landkreis Pfaffenhofen an der Ilm,9186.0,"(48.7166, 11.4939)",200694.2,563780.9,381052.2,333094.6,167058.8,508508.1,385014.8,42150.2,567749.4,548852.1,600890.0,23690.7,537534.4,462645.5,574278.8,408692.8
6314,85080,48.8071,11.368,Bayern,BY,Eichstätt,9176.0,"(48.8071, 11.368)",194278.2,557364.9,374636.2,326678.6,180577.9,502092.1,415429.6,64401.1,561333.4,542436.1,594474.0,42832.5,531118.4,456229.5,567862.7,402276.8
6315,85084,48.6577,11.4661,Bayern,BY,Landkreis Pfaffenhofen an der Ilm,9186.0,"(48.6577, 11.4661)",210202.3,573289.0,390560.2,342602.7,156042.6,518016.2,373998.7,55580.0,577257.5,558360.2,610398.1,19231.6,547042.5,472153.6,583786.8,418200.8
6316,85088,48.7698,11.6185,Bayern,BY,Landkreis Pfaffenhofen an der Ilm,9186.0,"(48.7698, 11.6185)",206240.5,569327.2,386598.5,338640.9,180278.0,514054.4,427392.0,33628.4,573295.7,554398.4,606436.3,22903.1,543080.7,468191.8,579825.1,414239.1
6317,85092,48.814,11.5049,Bayern,BY,Eichstätt,9176.0,"(48.814, 11.5049)",189867.9,552954.5,370225.8,322268.3,181307.8,497681.7,411019.3,48531.9,556923.1,538025.7,590063.6,37939.7,526708.1,451819.1,563452.4,397866.4
6318,85095,48.9284,11.457,Bayern,BY,Eichstätt,9176.0,"(48.9284, 11.457)",173446.6,536533.2,353804.5,305847.0,191290.2,481260.4,394598.0,40758.1,540501.8,521604.4,573642.3,47922.0,510286.7,435397.8,547031.1,381445.1
6319,85098,48.7667,11.5333,Bayern,BY,Eichstätt,9176.0,"(48.7667, 11.5333)",197335.7,560422.4,377693.7,329736.1,175022.0,505149.6,418487.2,42352.9,564390.9,545493.6,597531.5,31653.9,534175.9,459287.0,570920.3,405334.3
6320,85101,48.8103,11.4587,Bayern,BY,Eichstätt,9176.0,"(48.8103, 11.4587)",187545.9,550632.5,367903.8,319946.3,179468.3,495359.7,408697.3,57668.7,554601.1,535703.7,587741.6,36100.2,524386.1,449497.1,561130.4,395544.4
6321,85104,48.8082,11.6901,Bayern,BY,Eichstätt,9176.0,"(48.8082, 11.6901)",200599.5,563686.1,380957.4,332999.9,188132.0,508413.4,421750.9,29714.2,567654.7,548757.4,600795.2,27787.0,537439.7,462550.7,574184.0,408598.0
6322,85107,48.6707,11.4698,Bayern,BY,Landkreis Pfaffenhofen an der Ilm,9186.0,"(48.6707, 11.4698)",207851.0,570937.7,388209.0,340251.4,158203.5,515664.9,376159.6,53268.6,574906.2,556008.9,608046.8,21435.3,544691.2,469802.3,581435.6,415849.6
6323,85110,48.9526,11.3975,Bayern,BY,Eichstätt,9176.0,"(48.9526, 11.3975)",169820.1,532906.7,350178.0,302220.5,197934.1,477634.0,390971.5,47402.0,536875.3,517978.0,570015.8,54566.0,506660.3,431771.3,543404.6,377818.6
6324,85111,48.8403,11.2191,Bayern,BY,Eichstätt,9176.0,"(48.8403, 11.2191)",188941.3,552028.0,369299.3,321341.7,169813.7,496755.2,365801.7,78968.7,555996.5,537099.2,589137.1,57400.2,525781.5,450892.6,562525.8,396939.9
6325,85113,48.8608,11.3679,Bayern,BY,Eichstätt,9176.0,"(48.8608, 11.3679)",183354.6,546441.2,363712.5,315755.0,190431.3,491168.5,404506.0,68631.7,550409.8,531512.5,583550.3,47063.2,520194.8,445305.8,556939.1,391353.1
6326,85114,48.8069,11.2921,Bayern,BY,Eichstätt,9176.0,"(48.8069, 11.2921)",189293.3,552379.9,369651.2,321693.7,176779.3,497107.1,372595.0,71409.2,556348.5,537451.1,589489.0,49840.6,526133.4,451244.5,562877.8,397291.8
6327,85116,48.7833,11.2333,Bayern,BY,Eichstätt,9176.0,"(48.7833, 11.2333)",195290.0,558376.6,375647.9,327690.4,163769.7,503103.8,381725.7,72266.7,562345.2,543447.8,595485.7,51031.1,532130.2,457241.2,568874.5,403288.5
6328,85117,48.8167,11.3167,Bayern,BY,Eichstätt,9176.0,"(48.8167, 11.3167)",187271.3,550357.9,367629.2,319671.7,177059.6,495085.1,408422.7,70493.0,554326.5,535429.1,587467.0,48924.5,524111.4,449222.5,560855.8,395269.8
6329,85119,48.7333,11.5833,Bayern,BY,Landkreis Pfaffenhofen an der Ilm,9186.0,"(48.7333, 11.5833)",206921.7,570008.3,387279.6,339322.1,173286.2,514735.5,391242.3,35561.1,573976.9,555079.5,607117.4,29918.1,543761.8,468872.9,580506.2,414920.2
6330,85120,48.8225,11.4617,Bayern,BY,Eichstätt,9176.0,"(48.8225, 11.4617)",187111.3,550197.9,367469.2,319511.7,179033.7,494925.1,408262.7,57234.1,554166.5,535269.1,587307.0,35665.6,523951.5,449062.5,560695.8,395109.8
6331,85122,48.85,11.3167,Bayern,BY,Eichstätt,9176.0,"(48.85, 11.3167)",183917.4,547004.0,364275.3,316317.8,181372.2,491731.3,405068.8,70583.4,550972.6,532075.3,584113.1,49014.9,520757.6,445868.6,557501.9,391915.9
6332,85123,48.6833,11.4167,Bayern,BY,Neuburg-Schrobenhausen,9185.0,"(48.6833, 11.4167)",207876.8,570963.5,388234.8,340277.2,154481.1,515690.7,372437.1,53294.5,574932.1,556034.7,608072.6,25314.4,544717.0,469828.1,581461.4,415875.4
6333,85125,49.0016,11.3831,Bayern,BY,Eichstätt,9176.0,"(49.0016, 11.3831)",163884.7,526971.3,344242.6,296285.1,203068.6,471698.5,385036.1,52867.5,530939.9,512042.5,564080.4,59700.4,500724.9,425835.9,537469.2,371883.2
6334,85126,48.7667,11.6833,Bayern,BY,Landkreis Pfaffenhofen an der Ilm,9186.0,"(48.7667, 11.6833)",217812.7,580899.4,398170.7,350213.1,184177.3,525626.6,402133.3,29845.1,584867.9,565970.6,618008.5,23056.3,554652.9,479764.0,591397.2,425811.3
6335,85128,48.7995,11.2259,Bayern,BY,Eichstätt,9176.0,"(48.7995, 11.2259)",193302.3,556388.9,373660.2,325702.7,164174.1,501116.2,370162.7,74346.1,560357.5,541460.2,593498.0,53110.5,530142.5,455253.5,566886.8,401300.8
6336,85129,48.8294,11.5933,Bayern,BY,Eichstätt,9176.0,"(48.8294, 11.5933)",199666.3,562752.9,380024.2,332066.7,185362.7,507480.1,420817.7,37971.2,566721.5,547824.1,599862.0,41994.6,536506.5,461617.5,573250.8,407664.8
6337,85131,48.95,11.2,Bayern,BY,Eichstätt,9176.0,"(48.95, 11.2)",176142.4,539229.1,356500.4,308542.8,187911.6,483956.3,358577.0,69361.1,543197.7,524300.3,576338.2,67799.6,512982.6,438093.7,549727.0,384141.0
6338,85132,48.9,11.1,Bayern,BY,Eichstätt,9176.0,"(48.9, 11.1)",164031.0,529167.3,369360.2,300255.8,176486.1,496816.2,357334.0,73985.9,534910.6,516013.3,568051.1,70619.7,504695.6,428031.9,541439.9,374079.2
6339,85134,48.8558,11.4554,Bayern,BY,Eichstätt,9176.0,"(48.8558, 11.4554)",182119.4,545206.0,362477.3,314519.8,182978.4,489933.2,403270.8,49430.9,549174.6,530277.2,582315.1,39610.3,518959.6,444070.6,555703.9,390117.9
6340,85135,48.9968,11.2115,Bayern,BY,Eichstätt,9176.0,"(48.9968, 11.2115)",170933.6,534020.3,351291.6,303334.0,193460.2,478747.5,355037.3,67181.3,537988.8,519091.5,571129.4,74014.3,507773.8,432884.9,544518.2,378932.2
6341,85137,48.9167,11.3,Bayern,BY,Eichstätt,9176.0,"(48.9167, 11.3)",177371.8,540458.5,357729.8,309772.2,185604.8,485185.7,398523.2,60456.9,544427.0,525529.7,577567.6,61358.1,514212.0,439323.1,550956.3,385370.4
6342,85139,48.8225,11.4143,Bayern,BY,Eichstätt,9176.0,"(48.8225, 11.4143)",190322.6,553409.2,370680.5,322723.0,182245.0,498136.5,411474.0,60445.4,557377.8,538480.5,590518.3,38876.9,527162.8,452273.9,563907.1,398321.1
6343,85221,48.26,11.434,Bayern,BY,Landkreis Dachau,9174.0,"(48.26, 11.434)",276037.2,641173.5,444491.8,412262.0,142617.9,571947.7,360574.0,100565.7,646916.8,628019.5,680057.3,54481.1,568076.2,540038.1,653446.1,486085.4
6344,85229,48.3606,11.3779,Bayern,BY,Landkreis Dachau,9174.0,"(48.3606, 11.3779)",273010.6,616071.2,433342.5,409235.4,139591.4,560798.5,357547.4,89416.4,643890.3,624992.9,677030.8,43331.8,565049.7,514935.8,650419.6,460983.1
6345,85232,48.2567,11.3649,Bayern,BY,Landkreis Dachau,9174.0,"(48.2567, 11.3649)",271877.9,637014.3,453279.0,408102.7,138458.7,580734.9,356414.7,109352.8,642757.5,623860.2,675898.1,63268.2,563917.0,535878.9,649286.9,481926.2
6346,85235,48.30225,11.18115,Bayern,BY,Landkreis Dachau,9174.0,"(48.30225, 11.18115)",256789.7,621926.1,452246.5,393014.5,123370.4,579702.4,341326.5,127539.7,627669.3,608772.0,660809.9,81455.1,548828.7,520790.7,634198.7,466838.0
6347,85238,48.4097,11.4706,Bayern,BY,Landkreis Dachau,9174.0,"(48.4097, 11.4706)",243115.4,606202.1,423473.4,375515.8,146207.3,550929.3,364163.4,79547.3,610170.6,591273.3,643311.2,33462.6,579955.6,505066.7,616700.0,451114.0
6348,85241,48.2896,11.4653,Bayern,BY,Landkreis Dachau,9174.0,"(48.2896, 11.4653)",280481.7,623972.0,441243.3,393285.8,147062.4,568699.2,365018.5,97317.2,627940.6,609043.2,661081.1,51232.6,572520.7,522836.6,634469.9,468883.9
6349,85244,48.3297,11.4467,Bayern,BY,Landkreis Dachau,9174.0,"(48.3297, 11.4467)",254348.0,617434.7,434706.0,386748.4,143005.6,562161.9,360961.6,90779.9,621403.3,602505.9,654543.8,44695.3,568463.9,516299.3,627932.6,462346.6
6350,85247,48.3032,11.3557,Bayern,BY,Landkreis Dachau,9174.0,"(48.3032, 11.3557)",266762.4,631898.8,451766.3,402987.3,133343.2,579222.3,351299.2,107840.2,637642.1,618744.7,670782.6,61755.6,558801.5,530763.4,644171.4,476810.7
6351,85250,48.3877,11.2569,Bayern,BY,Landkreis Dachau,9174.0,"(48.3877, 11.2569)",258340.7,623477.0,431978.4,394565.5,124921.4,559434.3,342877.5,93550.2,629220.3,610323.0,662360.8,44045.8,550379.7,522341.6,635749.6,468388.9
6352,85253,48.3318,11.3034,Bayern,BY,Landkreis Dachau,9174.0,"(48.3318, 11.3034)",264876.1,630012.5,441440.4,401100.9,131456.9,568896.3,349412.9,97514.3,635755.7,616858.4,668896.3,51429.6,556915.2,528877.1,642285.1,474924.4
6353,85254,48.2911,11.2636,Bayern,BY,Landkreis Dachau,9174.0,"(48.2911, 11.2636)",259615.3,624751.7,464657.1,395840.1,126196.0,592113.1,344152.1,120731.0,630494.9,611597.6,663635.5,74646.4,551654.4,523616.3,637024.3,469663.6
6354,85256,48.3667,11.4667,Bayern,BY,Landkreis Dachau,9174.0,"(48.3667, 11.4667)",249495.7,612582.3,429853.6,381896.1,147495.6,557309.6,365451.7,85927.5,616550.9,597653.6,649691.4,39842.9,586335.9,511446.9,623080.2,457494.2
6355,85258,48.3833,11.4167,Bayern,BY,Landkreis Dachau,9174.0,"(48.3833, 11.4167)",248495.4,611582.0,428853.3,380895.8,139264.1,556309.2,357220.2,84927.2,615550.6,596653.2,648691.1,38842.6,585335.6,510446.6,622079.9,456493.9
6356,85259,48.2998,11.2391,Bayern,BY,Landkreis Dachau,9174.0,"(48.2998, 11.2391)",257427.4,622563.8,467033.4,393652.2,124008.1,594489.3,341964.2,123107.3,628307.0,609409.7,661447.6,77022.7,549466.4,521428.4,634836.3,467475.7
6357,85276,48.51525,11.5025,Bayern,BY,Landkreis Pfaffenhofen an der Ilm,9186.0,"(48.51525, 11.5025)",233100.0,596186.6,413457.9,365500.4,149960.2,540913.9,367916.3,69531.8,600155.2,581257.9,633295.7,16671.2,569940.2,495051.2,606684.5,441098.5
6358,85283,48.6038,11.6257,Bayern,BY,Landkreis Pfaffenhofen an der Ilm,9186.0,"(48.6038, 11.6257)",220567.9,583654.6,400925.9,352968.3,172173.2,528381.8,390129.3,48333.5,587623.1,568725.8,620763.7,0.0,557408.1,482519.2,594152.4,428566.5
6359,85290,48.6843,11.6123,Bayern,BY,Landkreis Pfaffenhofen an der Ilm,9186.0,"(48.6843, 11.6123)",210029.0,573115.7,390386.9,342429.4,165734.2,517842.9,383690.2,37854.4,577084.2,558186.9,610224.8,11482.4,546869.2,471980.3,583613.5,418027.5
6360,85293,48.4667,11.5167,Bayern,BY,Landkreis Pfaffenhofen an der Ilm,9186.0,"(48.4667, 11.5167)",234606.1,597692.8,414964.1,367006.5,149941.4,542420.0,367897.5,71038.0,601661.3,582764.0,634801.9,24953.4,571446.3,496557.4,608190.7,442604.7
6361,85296,48.6167,11.5667,Bayern,BY,Landkreis Pfaffenhofen an der Ilm,9186.0,"(48.6167, 11.5667)",213618.1,576704.8,393976.1,346018.5,164763.8,521432.0,382719.9,53828.7,580673.4,561776.0,613813.9,5754.1,550458.3,475569.4,587202.7,421616.7
6362,85298,48.5,11.4667,Bayern,BY,Landkreis Pfaffenhofen an der Ilm,9186.0,"(48.5, 11.4667)",235903.6,598990.3,416261.6,368304.0,146634.8,543717.5,364590.9,72335.4,602958.8,584061.5,636099.4,26250.8,572743.8,497854.9,609488.1,443902.2
6363,85301,48.5033,11.6045,Bayern,BY,Landkreis Pfaffenhofen an der Ilm,9186.0,"(48.5033, 11.6045)",225340.3,588426.9,405698.2,357740.7,158918.6,533154.1,376874.7,61772.1,592395.5,573498.1,625536.0,15687.5,562180.4,487291.5,598924.8,433338.8
6364,85302,48.4928,11.3615,Bayern,BY,Landkreis Pfaffenhofen an der Ilm,9186.0,"(48.4928, 11.3615)",234205.3,597292.0,414563.3,366605.7,137611.3,542019.2,355567.4,77254.5,601260.6,582363.2,634401.1,28044.4,571045.5,496156.6,607789.9,442203.9
6365,85304,48.4833,11.5,Bayern,BY,Landkreis Pfaffenhofen an der Ilm,9186.0,"(48.4833, 11.5)",234638.6,597725.2,414996.5,367039.0,150200.7,542452.5,368156.8,71070.4,601693.8,582796.5,634834.3,24985.8,571478.8,496589.8,608223.1,442637.1
6366,85305,48.4333,11.4167,Bayern,BY,Landkreis Pfaffenhofen an der Ilm,9186.0,"(48.4333, 11.4167)",242804.9,605891.6,423162.9,375205.3,141154.1,550618.8,359110.1,79236.8,609860.1,590962.8,643000.7,31483.4,579645.1,504756.2,616389.5,450803.5
6367,85307,48.4749,11.5646,Bayern,BY,Landkreis Freising,9178.0,"(48.4749, 11.5646)",229030.6,592117.3,409388.6,361431.0,154977.9,536844.5,372934.0,65462.4,596085.8,577188.5,629226.4,19377.8,565870.8,490981.9,602615.1,437029.2
6368,85309,48.6167,11.4667,Bayern,BY,Landkreis Pfaffenhofen an der Ilm,9186.0,"(48.6167, 11.4667)",215385.1,578471.8,395743.1,347785.5,152736.1,523199.0,370692.1,60762.8,582440.3,563543.0,615580.9,24414.4,552225.3,477336.4,588969.7,423383.7
6369,85354,48.3938,11.7331,Bayern,BY,Landkreis Freising,9178.0,"(48.3938, 11.7331)",247372.6,610459.3,427730.6,379773.0,180611.5,555186.5,398567.6,83804.5,614427.8,595530.5,647568.4,37719.8,584212.8,509323.9,620957.2,455371.2
6370,85356,48.3924,11.7569,Bayern,BY,Landkreis Freising,9178.0,"(48.3924, 11.7569)",248862.1,611948.8,429220.1,381262.5,179633.2,556676.0,397589.3,85293.9,615917.3,597020.0,649057.9,39209.3,585702.3,510813.4,622446.6,456860.7
6371,85368,48.4832,11.93725,Bayern,BY,Landkreis Freising,9178.0,"(48.4832, 11.93725)",255988.2,619074.9,442465.9,388388.6,200849.9,569921.8,418806.0,57948.2,623043.4,604146.1,656184.0,37979.9,592828.4,517939.5,629572.8,463986.8
6372,85375,48.3159,11.6632,Bayern,BY,Landkreis Freising,9178.0,"(48.3159, 11.6632)",251323.3,614409.9,431681.2,383723.7,169429.8,559137.1,387385.8,87755.1,618378.5,599481.1,651519.0,41670.5,588163.4,513274.5,624907.8,459321.8
6373,85376,48.3167,11.6667,Bayern,BY,Landkreis Freising,9178.0,"(48.3167, 11.6667)",251710.4,614797.0,432068.3,384110.8,169816.9,559524.2,387772.9,88142.2,618765.6,599868.2,651906.1,42057.6,588550.6,513661.6,625294.9,459708.9
6374,85386,48.3,11.6167,Bayern,BY,Landkreis Freising,9178.0,"(48.3, 11.6167)",249154.5,612241.2,429512.5,381554.9,167261.1,556968.4,385217.1,85586.4,616209.8,597312.4,649350.3,39501.8,585994.7,511105.8,622739.1,457153.1
6375,85391,48.4333,11.6,Bayern,BY,Landkreis Freising,9178.0,"(48.4333, 11.6)",234263.4,597350.1,414621.4,366663.8,178582.3,542077.3,396538.3,70695.3,601318.6,582421.3,634459.2,24610.6,571103.6,496214.7,607848.0,442262.0
6376,85395,48.49235,11.7348,Bayern,BY,Landkreis Freising,9178.0,"(48.49235, 11.7348)",238372.3,601459.0,418730.3,370772.7,194591.4,546186.2,412547.5,57338.2,605427.6,586530.2,638568.1,21005.3,575212.5,500323.6,611956.9,446370.9
6377,85399,48.3275,11.7514,Bayern,BY,Landkreis Freising,9178.0,"(48.3275, 11.7514)",260675.4,623762.1,441033.4,393075.8,178457.1,568489.3,396413.1,97107.3,627730.7,608833.3,660871.2,51022.7,597515.6,522626.7,634260.0,468674.0
6378,85402,48.4061,11.6125,Bayern,BY,Landkreis Freising,9178.0,"(48.4061, 11.6125)",238783.3,601869.9,419141.2,371183.7,176579.6,546597.1,394535.7,75215.1,605838.5,586941.1,638979.0,29130.5,575623.4,500734.5,612367.8,446781.8
6379,85405,48.5364,11.8073,Bayern,BY,Landkreis Freising,9178.0,"(48.5364, 11.8073)",237790.1,600876.7,418148.0,370190.5,200171.5,545603.9,418127.6,50553.6,604845.3,585947.9,637985.8,19603.6,574630.2,499741.3,611374.6,445788.6
6380,85406,48.45,11.7667,Bayern,BY,Landkreis Freising,9178.0,"(48.45, 11.7667)",241748.0,604834.6,422105.9,374148.4,187792.5,549561.9,405748.6,61097.8,608803.2,589905.9,641943.7,27685.1,578588.2,503699.2,615332.5,449746.5
6381,85408,48.55,11.95,Bayern,BY,Landkreis Freising,9178.0,"(48.55, 11.95)",250286.3,613373.0,423555.1,382686.7,206164.3,551011.0,424120.4,48037.4,617341.5,598444.2,650482.1,32511.3,587126.5,512237.6,623870.8,458284.9
6382,85410,48.4584,11.828,Bayern,BY,Landkreis Freising,9178.0,"(48.4584, 11.828)",245562.8,608649.4,425920.7,377963.2,193144.0,553376.7,411100.1,63987.1,612618.0,593720.6,645758.5,31476.8,582403.0,507514.0,619147.3,453561.3
6383,85411,48.4241,11.5252,Bayern,BY,Landkreis Freising,9178.0,"(48.4241, 11.5252)",238187.1,601273.8,418545.1,370587.5,151724.4,546001.0,369680.4,74619.0,605242.4,586345.0,638382.9,28534.4,575027.3,500138.4,611771.7,446185.7
6384,85413,48.55,11.8667,Bayern,BY,Landkreis Freising,9178.0,"(48.55, 11.8667)",245503.1,608589.7,425861.0,377903.5,207070.1,553316.9,425026.2,51026.3,612558.3,593660.9,645698.8,27728.0,582343.2,507454.3,619087.6,453501.6
6385,85414,48.4667,11.65,Bayern,BY,Landkreis Freising,9178.0,"(48.4667, 11.65)",231074.9,594161.6,411432.9,363475.3,185234.6,538888.8,403190.7,67506.7,598130.1,579232.8,631270.7,21422.1,567915.1,493026.2,604659.5,439073.5
6386,85416,48.4333,11.85,Bayern,BY,Landkreis Freising,9178.0,"(48.4333, 11.85)",250836.0,613922.7,431194.0,383236.4,188556.7,558649.9,406512.7,89696.4,617891.2,598993.9,651031.8,34570.8,587676.2,512787.3,624420.6,458834.6
6387,85417,48.409,11.7938,Bayern,BY,Landkreis Freising,9178.0,"(48.409, 11.7938)",265787.6,628874.2,446145.5,398188.0,183569.2,573601.5,401525.3,101207.1,632842.8,613945.5,665983.3,34693.9,602627.8,527738.8,639372.1,473786.1
6388,85419,48.5167,11.9,Bayern,BY,Landkreis Freising,9178.0,"(48.5167, 11.9)",250229.7,613316.3,430587.6,382630.1,202396.7,558043.5,420352.7,56179.2,617284.9,598387.5,650425.4,32542.9,587069.9,512180.9,623814.2,458228.2
6389,85435,48.306,11.9069,Bayern,BY,Erding,9177.0,"(48.306, 11.9069)",273952.5,637039.2,454310.5,406352.9,191734.2,581766.4,409690.2,104454.7,641007.7,622110.4,674148.3,64299.7,610792.7,535903.8,647537.1,481951.1
6390,85445,48.3167,11.85,Bayern,BY,Erding,9177.0,"(48.3167, 11.85)",270264.0,633350.7,450622.0,402664.4,188045.7,578077.9,406001.7,104901.3,637319.3,618421.9,670459.8,60611.3,607104.2,532215.3,643848.6,478262.6
6391,85447,48.3667,12.0,Bayern,BY,Erding,9177.0,"(48.3667, 12.0)",285703.2,648789.8,451873.0,418103.6,203484.8,579328.9,421440.9,93235.3,652758.4,633861.0,685898.9,76050.4,622543.4,547654.4,659287.7,493701.7
