,zipcode,lat,long,state,state_code,community_name,community_code,coor,AKB Kitzingen,AKB Dortmund,AKB Zörbig,AKB Schöneck,AKB Buch,Mosolf Etzin,Mosolf Kippenheim,BLG Kelheim,BLG Duisburg,BLG Neuss,Carservice Erkens,ARS Altmann Wolnzach,CAT Zülpich,Autohaus Siebrecht,Neu: FleetParQ Essen ,Neu: FleetParQ Kassel
2624,36320,50.7694,9.1039,Hessen,HE,Vogelsbergkreis,6535.0,"(50.7694, 9.1039)",180335.3,230078.1,322762.9,98639.8,375265.9,450218.8,324522.8,386095.3,266793.4,245080.5,299933.9,393788.1,255002.1,138572.0,266729.8,79013.1
2625,36323,50.7424,9.4731,Hessen,HE,Vogelsbergkreis,6535.0,"(50.7424, 9.4731)",151705.9,240815.6,304621.1,118659.5,346636.5,432077.0,344542.4,357465.9,286813.0,265100.1,319953.6,365158.7,275021.7,139680.3,277467.4,85727.5
2626,36325,50.65,9.1667,Hessen,HE,Vogelsbergkreis,6535.0,"(50.65, 9.1667)",181454.6,221100.7,323882.2,77753.3,376385.2,451338.1,323313.6,387214.6,265584.2,243871.3,298724.7,394907.5,253792.8,158941.4,243058.2,104988.7
2627,36326,50.7667,9.1833,Hessen,HE,Vogelsbergkreis,6535.0,"(50.7667, 9.1833)",174578.2,231467.1,317005.9,103096.1,369508.8,444461.8,328979.0,380338.2,271249.6,249536.7,304390.2,388031.1,259458.3,152065.0,268118.9,80402.1
2628,36329,50.7134,9.2201,Hessen,HE,Vogelsbergkreis,6535.0,"(50.7134, 9.2201)",172046.9,250669.1,314474.5,102706.5,366977.5,441930.5,328589.5,377806.9,270860.1,249147.2,304000.6,385499.8,259068.8,149533.7,248334.1,95581.0
2629,36341,50.6356,9.3978,Hessen,HE,Vogelsbergkreis,6535.0,"(50.6356, 9.3978)",138737.5,261722.9,325528.4,76330.2,333668.1,452984.3,349268.7,344497.5,291539.3,269826.4,324679.8,352190.4,279748.0,160587.5,298374.7,106634.8
2630,36355,50.4892,9.3386,Hessen,HE,Vogelsbergkreis,6535.0,"(50.4892, 9.3386)",139910.0,236046.2,344935.4,55717.2,334840.6,472391.3,313535.3,345670.0,280529.6,258816.7,313670.2,353362.9,268738.3,179994.5,258003.7,126041.8
2631,36358,50.536,9.3874,Hessen,HE,Vogelsbergkreis,6535.0,"(50.536, 9.3874)",138532.1,239827.7,340235.5,63450.4,333462.6,467691.4,329890.7,344292.0,284311.2,262598.2,317451.7,351984.9,272519.8,175294.6,261785.2,121341.9
2632,36364,50.6239,9.5082,Hessen,HE,Fulda,6631.0,"(50.6239, 9.5082)",132824.6,252314.7,316120.2,117565.4,327755.2,443576.1,353179.7,338584.6,300899.8,279186.9,334040.4,346277.5,289108.5,151179.3,288966.5,97226.6
2633,36367,50.6167,9.45,Hessen,HE,Vogelsbergkreis,6535.0,"(50.6167, 9.45)",135559.0,266311.3,330116.7,78978.8,330489.6,457572.7,353857.0,341319.0,296127.7,274414.7,329268.2,349011.9,284336.3,165175.9,302963.0,111223.2
2634,36369,50.5833,9.2833,Hessen,HE,Vogelsbergkreis,6535.0,"(50.5833, 9.2833)",144860.6,270122.4,333927.8,66160.1,339791.2,461383.8,335126.9,350620.6,277397.5,255684.6,310538.1,358313.5,265606.2,168987.0,254871.6,115034.3
2635,36381,50.3655,9.5829,Hessen,HE,Main-Kinzig-Kreis,6435.0,"(50.3655, 9.5829)",107846.5,295376.7,359182.1,76594.5,302777.1,486638.1,312208.8,313606.5,322821.5,301108.6,355962.0,321299.4,300761.3,194241.3,300295.5,140288.6
2636,36391,50.3127,9.6234,Hessen,HE,Main-Kinzig-Kreis,6435.0,"(50.3127, 9.6234)",100508.3,298848.0,362653.5,79074.9,295438.9,490109.4,314689.2,306268.3,325301.9,303589.0,358442.5,313961.2,303241.7,197712.6,302775.9,143759.9
2637,36396,50.314,9.4633,Hessen,HE,Main-Kinzig-Kreis,6435.0,"(50.314, 9.4633)",133649.2,266744.6,360480.3,65001.1,328579.7,487936.2,300615.4,339409.2,311228.1,289515.1,344368.6,347102.0,289167.9,195539.5,288702.1,141586.7
2638,36399,50.4251,9.4027,Hessen,HE,Vogelsbergkreis,6535.0,"(50.4251, 9.4027)",138872.4,245634.0,365703.5,77541.4,333802.9,493159.4,313155.7,344632.3,290117.5,268404.5,323258.0,352325.2,301708.2,200762.7,267591.5,146809.9
2639,36404,50.78798,10.05028,Thüringen,TH,Wartburgkreis,16063.0,"(50.78798, 10.05028)",161768.5,262933.1,274134.8,150686.7,356699.0,401590.8,386301.0,345685.6,342014.2,318298.4,368988.3,353378.5,328220.0,161797.7,299584.9,107845.0
2640,36414,50.8167,9.9833,Thüringen,TH,Wartburgkreis,16063.0,"(50.8167, 9.9833)",155867.6,256717.7,276274.8,144785.8,350798.1,403730.7,391525.4,361627.5,335798.8,312083.1,362772.9,369320.4,322004.6,155582.4,293369.5,101629.6
2641,36419,50.70112,9.97072,Thüringen,TH,Wartburgkreis,16063.0,"(50.70112, 9.97072)",147848.3,261631.7,291189.3,136766.5,342778.9,418645.2,372380.8,353608.3,340712.8,320791.1,367686.8,361301.2,330712.7,160496.3,298283.4,106543.6
2642,36433,50.8181,10.249375,Thüringen,TH,Wartburgkreis,16063.0,"(50.8181, 10.249375)",162364.2,278691.0,232283.8,167831.1,357294.8,359739.7,413498.6,330107.8,357772.1,334056.3,384746.2,337800.7,343977.9,141091.9,315342.8,99230.4
2643,36448,50.82463333333334,10.351,Thüringen,TH,Wartburgkreis,16063.0,"(50.82463333333334, 10.351)",156398.4,274281.9,223769.3,174972.9,351329.0,351225.2,420640.5,324142.0,353363.0,342234.9,380337.0,331834.9,351119.8,149572.9,310933.6,107711.3
2644,36452,50.660070000000005,10.12672,Thüringen,TH,Wartburgkreis,16063.0,"(50.660070000000005, 10.12672)",132408.5,281792.9,256938.0,138074.1,327339.0,384393.9,373688.5,324243.3,360874.0,332516.0,387848.1,331936.2,342437.6,152115.5,318444.7,126704.8
2645,36456,50.8,10.3,Thüringen,TH,Wartburgkreis,16063.0,"(50.8, 10.3)",154339.3,280320.3,229335.2,169460.3,349269.9,356791.1,415127.9,322082.9,359401.4,335685.6,386375.4,329775.7,345607.2,141360.4,316972.0,99498.9
2646,36457,50.76163333333333,10.151000000000002,Thüringen,TH,Wartburgkreis,16063.0,"(50.76163333333333, 10.151000000000002)",145278.4,272049.2,249918.8,152916.5,340209.0,377374.7,388530.8,337113.2,351130.3,327414.5,378104.3,344806.1,337336.1,139180.6,308700.9,116961.1
2647,36460,50.84309999999999,10.116166666666668,Thüringen,TH,Wartburgkreis,16063.0,"(50.84309999999999, 10.116166666666668)",164520.4,264298.6,248839.4,153438.7,359451.0,376295.3,399106.2,339666.1,343379.7,319663.9,370353.8,347359.0,329585.5,128857.4,300950.4,109210.5
2648,36466,50.706900000000005,10.14255,Thüringen,TH,Wartburgkreis,16063.0,"(50.706900000000005, 10.14255)",140853.2,276803.7,249803.4,143739.6,335783.8,377259.4,379353.9,332688.0,355884.8,334903.1,382858.8,340380.9,344824.7,147126.3,313455.4,121715.6
2649,36469,50.8395,10.166,Thüringen,TH,Wartburgkreis,16063.0,"(50.8395, 10.166)",169523.2,269301.4,243654.0,158441.4,364453.8,371110.0,404109.0,335470.6,348382.5,324666.7,375356.6,343163.4,334588.3,130826.1,305953.2,88964.6
2650,37073,51.5364,9.939,Niedersachsen,NI,Landkreis Göttingen,3159.0,"(51.5364, 9.939)",256118.3,216106.7,211084.9,234001.9,451048.9,308948.8,459884.8,461878.3,295187.8,284059.8,322161.9,469571.1,330648.3,36271.8,252758.5,50039.9
2651,37075,51.5509,9.9328,Niedersachsen,NI,Landkreis Göttingen,3159.0,"(51.5509, 9.9328)",258958.3,218946.8,213924.9,236841.9,453888.9,307347.4,462724.8,464718.3,298027.8,286899.8,325001.9,472411.2,333488.4,34312.5,255598.5,52880.0
2652,37077,51.5604,9.9319,Niedersachsen,NI,Landkreis Göttingen,3159.0,"(51.5604, 9.9319)",258675.6,218664.0,213642.2,236559.2,453606.2,305538.5,462442.1,464435.6,297745.1,286617.1,324719.2,472128.4,333205.6,33055.3,255315.8,52597.3
2653,37079,51.5333,9.9333,Niedersachsen,NI,Landkreis Göttingen,3159.0,"(51.5333, 9.9333)",255076.5,215065.0,210043.1,232960.1,450007.1,308803.0,458843.0,460836.5,294146.1,283018.0,321120.1,468529.4,329606.6,33434.0,251716.7,48998.2
2654,37081,51.5335,9.8993,Niedersachsen,NI,Landkreis Göttingen,3159.0,"(51.5335, 9.8993)",252881.2,212869.7,207847.9,230764.8,447811.8,311570.9,456647.8,458641.2,291950.8,280822.7,318924.9,466334.1,327411.3,31238.8,249521.5,46802.9
2655,37083,51.513,9.9535,Niedersachsen,NI,Landkreis Göttingen,3159.0,"(51.513, 9.9535)",255824.9,215813.4,207965.4,233708.5,450755.5,311887.0,459591.5,461584.9,294894.5,283766.4,321868.5,469277.8,330355.0,36518.0,252465.1,49746.6
2656,37085,51.5333,9.9333,Niedersachsen,NI,Landkreis Göttingen,3159.0,"(51.5333, 9.9333)",255076.5,215065.0,210043.1,232960.1,450007.1,308803.0,458843.0,460836.5,294146.1,283018.0,321120.1,468529.4,329606.6,33434.0,251716.7,48998.2
2657,37115,51.5131,10.2595,Niedersachsen,NI,Landkreis Göttingen,3159.0,"(51.5131, 10.2595)",276833.1,236821.6,177932.6,254716.7,471763.7,313926.9,480599.7,471686.0,315902.7,304774.6,342876.7,411054.4,351363.2,55878.1,273473.3,70754.8
2658,37120,51.5884,9.9222,Niedersachsen,NI,Landkreis Göttingen,3159.0,"(51.5884, 9.9222)",261609.2,221597.7,216575.9,239492.8,456539.8,303780.8,465375.8,467369.2,300678.8,289550.7,327652.9,475062.1,336139.3,28197.8,258249.4,55530.9
2659,37124,51.5,9.9,Niedersachsen,NI,Landkreis Göttingen,3159.0,"(51.5, 9.9)",249931.3,209919.7,204897.9,227814.9,444861.9,313843.5,453697.8,455691.3,289000.8,277872.8,315974.9,463384.1,324461.3,35626.3,246571.5,43852.9
2660,37127,51.47982,9.73902,Niedersachsen,NI,Landkreis Göttingen,3159.0,"(51.47982, 9.73902)",248155.9,184481.2,220059.1,226039.5,443086.5,323188.1,451922.4,453915.9,263562.3,252434.2,290536.4,461608.8,299022.8,28727.7,221133.0,42077.6
2661,37130,51.4667,10.0333,Niedersachsen,NI,Landkreis Göttingen,3159.0,"(51.4667, 10.0333)",262013.7,222002.2,194633.5,239897.3,456944.3,320787.7,465780.3,467773.7,301083.3,289955.2,328057.4,475466.6,336543.8,51474.2,258654.0,55935.4
2662,37133,51.4192,9.9176,Niedersachsen,NI,Landkreis Göttingen,3159.0,"(51.4192, 9.9176)",251634.7,211623.2,195764.1,229518.3,446565.3,326302.5,455401.3,457394.7,290704.3,279576.2,317678.4,465087.6,326164.8,49785.8,248274.9,45556.4
2663,37136,51.55373999999999,10.1152,Niedersachsen,NI,Landkreis Göttingen,3159.0,"(51.55373999999999, 10.1152)",273034.6,233023.1,191022.4,250918.2,467965.2,315534.3,476801.1,478794.6,312104.2,300976.1,339078.2,486487.5,347564.7,43051.1,269674.8,66956.3
2664,37139,51.5827,9.7546,Niedersachsen,NI,Landkreis Göttingen,3159.0,"(51.5827, 9.7546)",267999.2,183962.4,222965.8,245882.8,462929.8,312406.4,471765.7,473759.2,263043.5,251915.5,290017.6,481452.0,298504.0,16172.3,220614.2,61920.9
2665,37154,51.7066,10.0,Niedersachsen,NI,Northeim,3155.0,"(51.7066, 10.0)",277708.8,237697.2,197966.1,255592.4,472639.4,286563.2,481475.3,483468.8,316778.3,305650.3,343752.4,491161.6,352238.8,38247.6,274349.0,71630.4
2666,37170,51.6569,9.635,Niedersachsen,NI,Northeim,3155.0,"(51.6569, 9.635)",268974.7,177475.9,236535.7,246858.3,463905.3,320601.6,472741.3,474734.7,256557.0,245429.0,283531.1,482427.6,292017.5,0.0,214127.7,58190.7
2667,37176,51.6288,9.9359,Niedersachsen,NI,Northeim,3155.0,"(51.6288, 9.9359)",265581.3,225569.8,220547.9,243464.9,460511.9,298229.1,469347.8,471341.3,304650.9,293522.8,331624.9,479034.2,340111.4,25746.0,262221.5,59503.0
2668,37181,51.6523,9.8305,Niedersachsen,NI,Northeim,3155.0,"(51.6523, 9.8305)",271417.9,231406.4,226384.5,249301.5,466348.5,303432.2,475184.4,477177.9,310487.5,299359.4,337461.5,484870.8,345948.0,19076.8,268058.1,65339.6
2669,37186,51.6992,9.8711,Niedersachsen,NI,Northeim,3155.0,"(51.6992, 9.8711)",274986.5,234975.0,204394.7,252870.1,469917.1,292991.7,478753.1,480746.5,314056.1,302928.0,341030.2,488439.4,349516.6,25505.6,271626.8,68908.2
2670,37191,51.6833,10.1,Niedersachsen,NI,Northeim,3155.0,"(51.6833, 10.1)",285254.3,245242.7,186675.6,263137.9,480184.9,293557.0,489020.8,491014.3,324323.8,313195.8,351297.9,498707.1,359784.3,42011.4,281894.5,79175.9
2671,37194,51.63685,9.5737,Niedersachsen,NI,Northeim,3155.0,"(51.63685, 9.5737)",265072.0,173457.6,241290.1,242955.6,460002.6,330452.6,468838.6,470832.0,252538.7,241410.6,279512.7,478524.9,287999.2,9991.5,210109.3,53690.8
2672,37197,51.6482,10.2386,Niedersachsen,NI,Landkreis Göttingen,3159.0,"(51.6482, 10.2386)",290480.9,250469.4,171376.1,268364.5,485411.5,296821.1,494247.4,465129.4,329550.5,318422.4,356524.5,497896.1,365011.0,54568.8,287121.1,84402.6
2673,37199,51.66,10.1744,Niedersachsen,NI,Landkreis Göttingen,3159.0,"(51.66, 10.1744)",285505.1,245493.6,176573.8,263388.7,480435.7,295239.0,489271.7,470327.1,324574.7,313446.6,351548.8,498958.0,360035.2,49496.5,282145.4,79426.8
2674,37213,51.3334,9.858,Hessen,HE,Werra-Meißner-Kreis,6636.0,"(51.3334, 9.858)",244565.7,204554.1,204880.0,222449.3,439496.2,335418.4,448332.2,450325.7,283635.2,272507.2,310609.3,458018.5,319095.7,51221.1,241205.9,38487.3
2675,37214,51.3333,9.8667,Hessen,HE,Werra-Meißner-Kreis,6636.0,"(51.3333, 9.8667)",244806.4,204794.9,205120.8,222690.0,439737.0,335659.2,448573.0,450566.4,283876.0,272747.9,310850.1,458259.3,319336.5,51461.9,241446.7,38728.1
2676,37215,51.3333,9.8667,Hessen,HE,Werra-Meißner-Kreis,6636.0,"(51.3333, 9.8667)",244806.4,204794.9,205120.8,222690.0,439737.0,335659.2,448573.0,450566.4,283876.0,272747.9,310850.1,458259.3,319336.5,51461.9,241446.7,38728.1
2677,37216,51.3333,9.8667,Hessen,HE,Werra-Meißner-Kreis,6636.0,"(51.3333, 9.8667)",244806.4,204794.9,205120.8,222690.0,439737.0,335659.2,448573.0,450566.4,283876.0,272747.9,310850.1,458259.3,319336.5,51461.9,241446.7,38728.1
2678,37217,51.3333,9.8667,Hessen,HE,Werra-Meißner-Kreis,6636.0,"(51.3333, 9.8667)",244806.4,204794.9,205120.8,222690.0,439737.0,335659.2,448573.0,450566.4,283876.0,272747.9,310850.1,458259.3,319336.5,51461.9,241446.7,38728.1
2679,37218,51.3333,9.8667,Hessen,HE,Werra-Meißner-Kreis,6636.0,"(51.3333, 9.8667)",244806.4,204794.9,205120.8,222690.0,439737.0,335659.2,448573.0,450566.4,283876.0,272747.9,310850.1,458259.3,319336.5,51461.9,241446.7,38728.1
2680,37235,51.1995,9.7186,Hessen,HE,Werra-Meißner-Kreis,6636.0,"(51.1995, 9.7186)",210923.4,191119.1,226964.8,188807.0,405854.0,357503.1,414689.9,416683.4,270200.2,259072.1,297174.3,424376.2,305660.7,78156.5,227770.8,24548.6
2681,37242,51.2709,9.9748,Hessen,HE,Werra-Meißner-Kreis,6636.0,"(51.2709, 9.9748)",228853.4,206163.2,198789.8,206737.0,423784.0,345484.0,432619.9,403730.8,285244.3,274116.2,312218.3,411423.6,320704.8,68967.3,242814.9,39592.6
2682,37247,51.2586,9.7845,Hessen,HE,Werra-Meißner-Kreis,6636.0,"(51.2586, 9.7845)",229467.6,189456.1,218014.9,207351.2,424398.2,348553.3,433234.1,435227.6,268537.2,257409.1,295511.2,442920.5,303997.7,64356.0,226107.8,22885.5
2683,37249,51.3833,9.8833,Hessen,HE,Werra-Meißner-Kreis,6636.0,"(51.3833, 9.8833)",245486.7,205475.1,197816.3,223370.3,440417.3,328354.6,449253.2,451246.7,284556.2,273428.2,311530.3,458939.5,320016.7,51837.9,242126.9,39408.4
2684,37269,51.1839,10.0533,Hessen,HE,Werra-Meißner-Kreis,6636.0,"(51.1839, 10.0533)",217737.7,218989.2,202114.8,195621.3,412668.2,359166.9,421504.2,387748.7,298070.3,286942.3,325044.4,395441.6,333530.8,82650.2,255641.0,52418.7
2685,37276,51.2167,10.0667,Hessen,HE,Werra-Meißner-Kreis,6636.0,"(51.2167, 10.0667)",221457.2,222708.7,205729.6,199340.8,416387.7,342454.2,425223.7,390429.1,301789.8,290661.8,328763.9,398121.9,337250.3,85374.7,259360.5,56138.2
2686,37281,51.1821,10.1728,Hessen,HE,Werra-Meißner-Kreis,6636.0,"(51.1821, 10.1728)",236162.5,229264.3,199576.3,214046.1,431093.0,336300.8,439929.0,378778.8,308345.3,297217.3,335319.4,386471.6,343805.9,92452.9,265916.0,62693.7
2687,37284,51.1384,9.9432,Hessen,HE,Werra-Meißner-Kreis,6636.0,"(51.1384, 9.9432)",212690.2,207446.2,218674.0,190573.8,407620.8,364118.6,416456.7,387567.6,286527.3,275399.2,313501.3,395260.5,321987.8,87601.9,244097.9,40875.6
2688,37287,51.15,10.0,Hessen,HE,Werra-Meißner-Kreis,6636.0,"(51.15, 10.0)",211901.0,213152.6,215981.5,189784.6,406831.6,361426.0,415667.5,386778.4,292233.7,281105.6,319207.7,394471.3,327694.2,84909.3,249804.3,46582.0
2689,37290,51.2,9.9333,Hessen,HE,Werra-Meißner-Kreis,6636.0,"(51.2, 9.9333)",220874.8,211110.0,212374.1,198758.4,415805.4,357818.7,424641.3,395752.2,290191.1,279063.1,317165.2,403445.1,325651.6,81302.0,247761.8,44539.5
2690,37293,51.0063,10.1673,Hessen,HE,Werra-Meißner-Kreis,6636.0,"(51.0063, 10.1673)",203360.9,235816.0,233026.5,181244.5,398291.5,360482.4,407127.4,359453.4,314897.1,303769.1,341871.2,367146.2,337606.7,111107.0,272467.8,69245.5
2691,37296,51.0833,10.0667,Hessen,HE,Werra-Meißner-Kreis,6636.0,"(51.0833, 10.0667)",207531.7,224572.5,247016.9,185415.3,402462.3,374472.8,411298.3,373443.7,303653.5,292525.5,330627.6,381136.6,339114.0,99863.4,261224.2,58001.9
2692,37297,51.2333,9.9167,Hessen,HE,Werra-Meißner-Kreis,6636.0,"(51.2333, 9.9167)",226427.3,205031.9,205914.8,204310.9,421357.9,351739.9,430193.8,401304.7,284113.0,272984.9,311087.1,408997.6,319573.5,75223.2,241683.7,38461.4
2693,37299,51.1251,10.116,Hessen,HE,Werra-Meißner-Kreis,6636.0,"(51.1251, 10.116)",219673.8,225671.2,247552.5,197557.4,414604.4,375008.5,423440.3,373979.4,304752.2,293624.2,331726.3,381672.3,340212.8,93085.3,262322.9,59100.6
2694,37308,51.33064705882353,10.152288235294115,Thüringen,TH,Eichsfeld,16061.0,"(51.33064705882353, 10.152288235294115)",275208.2,235196.7,185602.4,253091.8,470138.8,322326.9,478974.8,403494.2,314277.8,303149.7,341251.9,411187.1,349738.3,73359.3,271848.5,69129.9
2695,37318,51.34389,10.032126666666668,Thüringen,TH,Eichsfeld,16061.0,"(51.34389, 10.032126666666668)",243268.1,233286.7,189083.9,221151.7,438198.7,325808.4,447034.7,409512.6,312367.7,301239.7,339341.8,417205.5,347828.3,71449.2,269938.4,67219.9
2696,37327,51.381475,10.3328,Thüringen,TH,Eichsfeld,16061.0,"(51.381475, 10.3328)",284178.1,244166.5,163061.1,262061.7,479108.6,299785.6,487944.6,382819.4,323247.6,312119.6,350221.7,390512.2,358708.1,82329.1,280818.3,78099.7
2697,37339,51.449380000000005,10.345533333333332,Thüringen,TH,Eichsfeld,16061.0,"(51.449380000000005, 10.345533333333332)",288489.7,248478.2,166828.1,266373.3,483420.3,303552.7,492256.3,460581.5,327559.3,316431.2,354533.4,399949.9,363019.8,86640.8,285130.0,82411.4
2698,37345,51.51885454545455,10.434645454545455,Thüringen,TH,Eichsfeld,16061.0,"(51.51885454545455, 10.434645454545455)",305880.2,265868.7,154268.7,283763.8,500810.8,290993.3,509646.8,448022.1,344949.8,333821.7,371923.9,480788.8,380410.3,74724.8,302520.5,99801.9
2699,37351,51.318560000000005,10.30806,Thüringen,TH,Eichsfeld,16061.0,"(51.318560000000005, 10.30806)",293152.9,253141.4,172036.0,271036.5,488083.5,308760.5,496919.5,374921.6,332222.5,321094.4,359196.6,382614.4,367683.0,91304.0,289793.2,87074.6
2700,37355,51.365550000000006,10.455233333333334,Thüringen,TH,Eichsfeld,16061.0,"(51.365550000000006, 10.455233333333334)",294189.8,254178.2,159924.1,272073.4,489120.3,296648.7,497956.3,453677.5,333259.3,322131.3,360233.4,388304.7,368719.8,92340.8,290830.0,88111.4
2701,37359,51.265,10.26026,Thüringen,TH,Eichsfeld,16061.0,"(51.265, 10.26026)",241557.2,252033.0,186317.2,219440.8,436487.8,323041.7,445323.8,389361.0,331114.1,319986.0,358088.1,397053.9,366574.6,90195.5,288684.7,85966.2
2702,37412,51.661,10.300266666666666,Niedersachsen,NI,Landkreis Göttingen,3159.0,"(51.661, 10.300266666666666)",294722.8,254711.2,170179.0,272606.4,489653.3,293562.0,498489.3,463932.4,333792.3,322664.3,360766.4,496699.1,369252.8,59823.0,291363.0,88644.4
2703,37431,51.6327,10.4703,Niedersachsen,NI,Landkreis Göttingen,3159.0,"(51.6327, 10.4703)",302846.8,262835.2,155223.0,280730.4,497777.3,276011.4,506613.3,448976.4,341916.3,330788.3,368890.4,481743.1,377376.8,73053.7,299487.0,96768.4
2704,37434,51.58953,10.20575,Niedersachsen,NI,Landkreis Göttingen,3159.0,"(51.58953, 10.20575)",280655.9,240644.4,176409.6,258539.5,475586.5,307121.0,484422.5,486415.9,319725.5,308597.4,346699.6,494108.8,355186.0,50862.9,277296.1,74577.6
2705,37441,51.595,10.5555,Niedersachsen,NI,Landkreis Göttingen,3159.0,"(51.595, 10.5555)",315252.2,275240.7,151767.7,293135.8,510182.8,273748.4,519018.8,445521.1,354321.8,343193.7,381295.9,478287.8,389782.3,81179.9,311892.5,109173.9
