,zipcode,lat,long,state,state_code,community_name,community_code,coor,AKB Kitzingen,AKB Dortmund,AKB Zörbig,AKB Schöneck,AKB Buch,Mosolf Etzin,Mosolf Kippenheim,BLG Kelheim,BLG Duisburg,BLG Neuss,Carservice Erkens,ARS Altmann Wolnzach,CAT Zülpich,Autohaus Siebrecht,Neu: FleetParQ Essen ,Neu: FleetParQ Kassel
7526,94259,48.9,13.1833,Bayern,BY,Landkreis Regen,9276.0,"(48.9, 13.1833)",297460.3,660547.0,464690.2,429860.7,315147.8,592146.1,530003.3,119903.4,664515.5,645618.2,697656.1,165901.5,634300.5,559411.6,671044.8,505458.9
7527,94261,48.9105,13.2661,Bayern,BY,Landkreis Regen,9276.0,"(48.9105, 13.2661)",311810.1,674896.7,416966.1,444210.5,329497.6,544422.0,544353.1,134253.2,678865.3,659968.0,712005.8,180251.3,648650.3,573761.3,685394.6,519808.6
7528,94262,49.0466,12.8612,Bayern,BY,Landkreis Regen,9276.0,"(49.0466, 12.8612)",270162.3,633249.0,384243.9,402562.7,322600.3,511699.8,502705.3,92605.5,637217.5,618320.2,670358.1,138603.5,607002.5,532113.6,643746.9,478160.9
7529,94264,49.015,13.1465,Bayern,BY,Landkreis Regen,9276.0,"(49.015, 13.1465)",300199.9,663286.5,401315.3,432600.3,317532.4,528771.2,532742.9,122643.0,667255.1,648357.8,700395.6,168641.1,637040.1,562151.2,673784.4,508198.4
7530,94265,49.0167,12.9833,Bayern,BY,Landkreis Regen,9276.0,"(49.0167, 12.9833)",284873.4,647960.0,391609.5,417273.8,307163.5,519065.4,517416.4,107316.5,651928.6,633031.2,685069.1,153314.6,621713.5,546824.6,658457.9,492871.9
7531,94267,49.0954,12.8261,Bayern,BY,Landkreis Regen,9276.0,"(49.0954, 12.8261)",268084.9,631171.6,376420.1,400485.3,321959.4,503876.0,486929.8,90528.1,635140.2,616242.8,668280.7,136526.1,604925.1,530036.2,641669.5,476083.5
7532,94269,48.9496,13.201,Bayern,BY,Landkreis Regen,9276.0,"(48.9496, 13.201)",300034.9,663121.5,409897.9,432435.3,317367.4,537353.8,532577.9,122478.0,667090.1,648192.7,700230.6,168476.1,636875.1,561986.1,673619.4,508033.4
7533,94315,48.8813,12.5739,Bayern,BY,Straubing,9263.0,"(48.8813, 12.5739)",241096.0,604182.7,408325.9,373496.4,282967.6,535781.8,473639.0,63539.1,608151.2,589253.9,641291.8,109537.2,577936.2,503047.3,614680.5,449094.6
7534,94327,48.9112,12.6896,Bayern,BY,Landkreis Straubing-Bogen,9278.0,"(48.9112, 12.6896)",246490.1,609576.8,413720.1,378890.5,289793.4,541176.0,479033.2,68933.3,613545.4,594648.0,646685.9,114931.4,583330.3,508441.4,620074.7,454488.7
7535,94330,48.82765,12.597449999999998,Bayern,BY,Landkreis Straubing-Bogen,9278.0,"(48.82765, 12.597449999999998)",251697.0,614783.6,418926.9,384097.4,279665.9,546382.8,484240.0,74140.1,618752.2,599854.8,651892.7,120138.2,588537.2,513648.2,625281.5,459695.5
7536,94333,48.825,12.3965,Bayern,BY,Landkreis Straubing-Bogen,9278.0,"(48.825, 12.3965)",235066.7,598153.4,402296.6,367467.1,257365.4,529752.5,467609.7,49334.0,602121.9,583224.6,635262.4,84229.2,571906.9,497018.0,608651.2,443065.2
7537,94336,48.94645,12.73975,Bayern,BY,Landkreis Straubing-Bogen,9278.0,"(48.94645, 12.73975)",249935.9,613022.6,417165.8,382336.3,306901.7,544621.8,482478.9,72379.1,616991.1,598093.8,650131.7,118377.1,586776.1,511887.2,623520.5,457934.5
7538,94339,48.7757,12.5179,Bayern,BY,Landkreis Straubing-Bogen,9278.0,"(48.7757, 12.5179)",250441.5,613528.1,417671.4,382841.9,259389.7,545127.3,477345.8,59655.5,617496.7,598599.3,650637.2,94550.7,587281.7,512392.7,624026.0,458440.0
7539,94342,48.836,12.73625,Bayern,BY,Landkreis Straubing-Bogen,9278.0,"(48.836, 12.73625)",258060.7,621147.3,425290.6,390461.1,277528.5,552746.5,490603.7,80503.8,625115.9,606218.5,658256.4,126501.9,594900.9,520011.9,631645.2,466059.2
7540,94344,49.0407,12.5401,Bayern,BY,Landkreis Straubing-Bogen,9278.0,"(49.0407, 12.5401)",241118.6,604205.3,378020.4,373519.0,278940.2,505476.3,473661.6,63561.8,608173.8,589276.5,641314.4,109559.8,577958.8,503069.9,614703.2,449117.2
7541,94345,48.9428,12.4686,Bayern,BY,Landkreis Straubing-Bogen,9278.0,"(48.9428, 12.4686)",228277.0,591363.7,395506.9,360677.4,266098.6,522962.9,460820.0,50720.2,595332.2,576434.9,628472.8,96718.2,565117.2,490228.3,601861.6,436275.6
7542,94347,49.0,12.6333,Bayern,BY,Landkreis Straubing-Bogen,9278.0,"(49.0, 12.6333)",246399.8,609486.5,392834.2,378800.2,295766.9,520290.1,478942.8,68842.9,613455.0,594557.7,646595.5,114841.0,583240.0,508351.1,619984.3,454398.3
7543,94348,48.8941,12.4878,Bayern,BY,Landkreis Straubing-Bogen,9278.0,"(48.8941, 12.4878)",232152.3,595239.0,399382.2,364552.7,289791.8,526838.2,464695.3,54595.5,599207.5,580310.2,632348.1,100593.5,568992.5,494103.6,605736.9,440150.9
7544,94350,49.0042,12.5948,Bayern,BY,Landkreis Straubing-Bogen,9278.0,"(49.0042, 12.5948)",240053.1,603139.8,382665.2,372453.5,277874.7,510121.1,472596.1,62496.2,607108.3,588211.0,640248.8,108494.3,576893.3,502004.4,613637.6,448051.6
7545,94351,48.8383,12.5278,Bayern,BY,Landkreis Straubing-Bogen,9278.0,"(48.8383, 12.5278)",247369.4,610456.0,414599.3,379769.8,268027.9,542055.2,479912.4,69812.5,614424.6,595527.2,647565.1,96075.9,584209.5,509320.6,620953.9,455367.9
7546,94353,49.0241,12.7155,Bayern,BY,Landkreis Straubing-Bogen,9278.0,"(49.0241, 12.7155)",251099.6,614186.2,393688.4,383500.0,300466.7,521144.3,483642.6,73542.7,618154.8,599257.5,651295.3,119540.8,587939.8,513050.8,624684.1,459098.1
7547,94354,49.0035,12.6918,Bayern,BY,Landkreis Straubing-Bogen,9278.0,"(49.0035, 12.6918)",247661.4,610748.1,414891.3,380061.8,297028.5,542347.3,480204.4,70104.6,614716.6,595819.3,647857.2,116102.6,584501.6,509612.7,621246.0,455660.0
7548,94356,48.95,12.55,Bayern,BY,Landkreis Straubing-Bogen,9278.0,"(48.95, 12.55)",232491.7,595578.3,399721.6,364892.1,270313.2,527177.5,465034.7,54934.8,599546.9,580649.6,632687.4,100932.9,569331.9,494442.9,606076.2,440490.2
7549,94357,49.0724,12.7111,Bayern,BY,Landkreis Straubing-Bogen,9278.0,"(49.0724, 12.7111)",256645.3,619732.0,386188.0,389045.7,306012.4,513644.0,489188.4,79088.5,623700.6,604803.2,656841.1,125086.5,593485.5,518596.6,630229.9,464643.9
7550,94359,49.0846,12.6559,Bayern,BY,Landkreis Straubing-Bogen,9278.0,"(49.0846, 12.6559)",256111.0,619197.7,382811.3,388511.4,305478.1,510267.2,488654.1,78554.2,623166.3,604268.9,656306.8,124552.2,592951.2,518062.3,629695.6,464109.6
7551,94360,48.9763,12.6785,Bayern,BY,Landkreis Straubing-Bogen,9278.0,"(48.9763, 12.6785)",244224.5,607311.1,411454.4,376624.9,293591.6,538910.3,476767.5,66667.6,611279.7,592382.3,644420.2,112665.7,581064.7,506175.7,617809.0,452223.0
7552,94362,48.9751,12.7555,Bayern,BY,Landkreis Straubing-Bogen,9278.0,"(48.9751, 12.7555)",253700.4,616787.0,420930.3,386100.8,310666.2,548386.2,486243.4,76143.5,620755.6,601858.2,653896.1,122141.6,590540.5,515651.6,627284.9,461698.9
7553,94363,48.7957,12.642,Bayern,BY,Landkreis Straubing-Bogen,9278.0,"(48.7957, 12.642)",255072.7,618159.3,422302.6,387473.1,270118.9,549758.5,487615.7,77515.8,622127.9,603230.6,655268.4,98434.7,591912.9,517023.9,628657.2,463071.2
7554,94365,48.9167,12.6,Bayern,BY,Landkreis Straubing-Bogen,9278.0,"(48.9167, 12.6)",238389.6,601476.3,405619.5,370790.0,286359.8,533075.4,470932.6,60832.8,605444.8,586547.5,638585.4,106830.8,575229.8,500340.9,611974.2,446388.2
7555,94366,48.95,12.8,Bayern,BY,Landkreis Straubing-Bogen,9278.0,"(48.95, 12.8)",255719.3,618806.0,422949.2,388119.7,304549.3,550405.1,488262.3,78162.4,622774.5,603877.2,655915.1,124160.5,592559.5,517670.6,629303.8,463717.9
7556,94368,48.8553,12.4398,Bayern,BY,Landkreis Straubing-Bogen,9278.0,"(48.8553, 12.4398)",237424.5,600511.2,404654.4,369824.9,262273.3,532110.4,469967.5,53998.1,604479.7,585582.4,637620.3,88893.3,574264.7,499375.8,611009.1,445423.1
7557,94369,48.905,12.4687,Bayern,BY,Landkreis Straubing-Bogen,9278.0,"(48.905, 12.4687)",229803.5,592890.1,397033.4,362203.9,267625.0,524489.3,462346.5,52246.6,596858.7,577961.4,629999.2,98244.7,566643.7,491754.7,603388.0,437802.0
7558,94371,49.0861,12.7491,Bayern,BY,Landkreis Straubing-Bogen,9278.0,"(49.0861, 12.7491)",261396.2,624482.9,390265.8,393796.6,310763.3,517721.7,493939.2,83839.4,628451.4,609554.1,661592.0,129837.4,598236.4,523347.5,634980.8,469394.8
7559,94372,49.0257,12.6592,Bayern,BY,Landkreis Straubing-Bogen,9278.0,"(49.0257, 12.6592)",249639.3,612726.0,389399.0,382039.7,299006.4,516855.0,482182.3,72082.5,616694.5,597797.2,649835.1,118080.5,586479.5,511590.6,623223.8,457637.9
7560,94374,48.9157,12.8114,Bayern,BY,Landkreis Straubing-Bogen,9278.0,"(48.9157, 12.8114)",254163.5,617250.2,421393.4,386563.9,299958.1,548849.4,486706.5,76606.7,621218.7,602321.4,654359.3,122604.7,591003.7,516114.8,627748.1,462162.1
7561,94375,49.051,12.655,Bayern,BY,Landkreis Straubing-Bogen,9278.0,"(49.051, 12.655)",251136.1,614222.8,386814.6,383536.5,300503.2,514270.5,483679.1,73579.3,618191.3,599294.0,651331.9,119577.3,587976.3,513087.4,624720.7,459134.7
7562,94377,48.9542,12.6071,Bayern,BY,Landkreis Straubing-Bogen,9278.0,"(48.9542, 12.6071)",240640.9,603727.5,407870.8,373041.3,290008.0,535326.7,473183.9,63084.0,607696.1,588798.8,640836.6,109082.1,577481.1,502592.2,614225.4,448639.4
7563,94379,49.003,12.8266,Bayern,BY,Landkreis Straubing-Bogen,9278.0,"(49.003, 12.8266)",264533.4,627620.1,390257.5,396933.8,316971.3,517713.4,497076.4,86976.6,631588.6,612691.3,664729.2,132974.6,601373.6,526484.7,638118.0,472532.0
7564,94405,48.6725,12.6932,Bayern,BY,Dingolfing-Landau,9279.0,"(48.6725, 12.6932)",270083.2,633169.9,437313.1,402483.6,261629.7,564769.1,479585.8,91130.2,637138.4,618241.1,670279.0,89945.5,606923.4,532034.5,643667.8,478081.8
7565,94419,48.5701,12.628,Bayern,BY,Dingolfing-Landau,9279.0,"(48.5701, 12.628)",284335.7,647422.4,450942.4,416736.1,262804.2,578398.4,480760.3,92304.7,651390.9,632493.6,684531.5,91120.1,621175.9,546287.0,657920.3,492334.3
7566,94424,48.5584,12.8167,Bayern,BY,Landkreis Rottal-Inn,9277.0,"(48.5584, 12.8167)",289349.0,652435.6,456578.9,421749.4,280895.5,584034.8,498851.5,110396.0,656404.2,637506.9,689544.7,109211.3,626189.2,551300.3,662933.5,497347.5
7567,94428,48.6327,12.8559,Bayern,BY,Dingolfing-Landau,9279.0,"(48.6327, 12.8559)",290788.5,653875.2,458018.4,423188.9,276791.7,585474.3,494747.8,106292.2,657843.7,638946.4,690984.3,105107.6,627628.7,552739.8,664373.1,498787.1
7568,94431,48.7012,12.651,Bayern,BY,Dingolfing-Landau,9279.0,"(48.7012, 12.651)",266539.3,629625.9,433769.2,398939.7,257852.4,561225.1,475808.5,87352.9,633594.5,614697.2,666735.0,86168.2,603379.5,528490.5,640123.8,474537.8
7569,94436,48.5661,12.7389,Bayern,BY,Dingolfing-Landau,9279.0,"(48.5661, 12.7389)",282911.6,645998.2,450141.5,415312.0,274458.1,577597.4,492414.1,103958.6,649966.8,631069.5,683107.3,102773.9,619751.8,544862.8,656496.1,490910.1
7570,94437,48.6517,12.6078,Bayern,BY,Dingolfing-Landau,9279.0,"(48.6517, 12.6078)",276930.1,640016.8,443536.9,409330.5,255398.7,570992.8,473354.7,84899.2,643985.4,625088.0,677125.9,83714.5,613770.3,538881.4,650514.7,484928.7
7571,94439,48.6,12.9333,Bayern,BY,Landkreis Rottal-Inn,9277.0,"(48.6, 12.9333)",301640.4,664727.0,468870.3,434040.8,290684.5,596326.2,508640.5,120185.0,668695.6,649798.3,701836.1,119000.3,638480.6,563591.6,675224.9,509638.9
7572,94447,48.7787,12.8751,Bayern,BY,Landkreis Deggendorf,9271.0,"(48.7787, 12.8751)",272746.1,635832.7,439976.0,405146.5,277774.1,567431.9,505289.1,95189.2,639801.3,620903.9,672941.8,106089.9,609586.2,534697.3,646330.6,480744.6
7573,94469,48.8409,12.9607,Bayern,BY,Landkreis Deggendorf,9271.0,"(48.8409, 12.9607)",269375.3,632461.9,436605.2,401775.7,286707.8,564061.1,501918.3,91818.4,636430.5,617533.1,669571.0,137816.5,606215.5,531326.5,642959.8,477373.8
7574,94474,48.6269,13.1922,Bayern,BY,Landkreis Passau,9275.0,"(48.6269, 13.1922)",301083.9,664170.5,468313.8,433484.3,318771.4,595769.7,533626.9,123527.0,668139.1,649241.8,701279.6,169525.1,637924.1,563035.2,674668.4,509082.4
7575,94481,48.8577,13.3974,Bayern,BY,Freyung-Grafenau,9272.0,"(48.8577, 13.3974)",313618.4,676705.1,480848.3,446018.8,331305.9,608304.2,546161.4,136061.5,680673.6,661776.3,713814.2,182059.6,650458.6,575569.7,687202.9,521616.9
7576,94486,48.7,13.0222,Bayern,BY,Landkreis Deggendorf,9271.0,"(48.7, 13.0222)",286425.0,649511.6,453654.9,418825.4,296776.7,581110.8,518968.0,108868.1,653480.2,634582.8,686620.7,154866.2,623265.1,548376.2,660009.5,494423.5
7577,94491,48.7725,13.0549,Bayern,BY,Landkreis Deggendorf,9271.0,"(48.7725, 13.0549)",276696.6,639783.3,443926.5,409097.0,294384.1,571382.4,509239.6,99139.7,643751.8,624854.5,676892.4,145137.8,613536.8,538647.9,650281.1,484695.2
7578,94496,48.546,13.2225,Bayern,BY,Landkreis Passau,9275.0,"(48.546, 13.2225)",311661.4,674748.0,478891.3,444061.8,329348.9,606347.2,544204.4,134104.5,678716.6,659819.3,711857.1,180102.6,648501.6,573612.6,685245.9,519659.9
7579,94501,48.57,13.0988,Bayern,BY,Landkreis Passau,9275.0,"(48.57, 13.0988)",302633.7,665720.4,469863.6,435034.1,299396.6,597319.6,535176.7,125076.9,669688.9,650791.6,702829.5,171074.9,639473.9,564585.0,676218.3,510632.3
7580,94505,48.9167,12.8833,Bayern,BY,Landkreis Deggendorf,9271.0,"(48.9167, 12.8833)",260876.9,623963.5,428106.8,393277.3,298181.3,555562.7,493419.9,83320.0,627932.1,609034.8,661072.6,129318.1,597717.1,522828.1,634461.4,468875.4
7581,94508,48.7541,13.1778,Bayern,BY,Landkreis Deggendorf,9271.0,"(48.7541, 13.1778)",288016.2,651102.8,455246.1,420416.6,305703.7,582702.0,520559.2,110459.3,655071.4,636174.1,688211.9,156457.4,624856.4,549967.4,661600.7,496014.7
7582,94513,48.8397,13.3371,Bayern,BY,Freyung-Grafenau,9272.0,"(48.8397, 13.3371)",308019.9,671106.6,475249.8,440420.3,325707.4,602705.7,540562.9,130463.0,675075.1,656177.8,708215.7,176461.1,644860.1,569971.2,681604.4,516018.5
7583,94518,48.9152,13.3623,Bayern,BY,Freyung-Grafenau,9272.0,"(48.9152, 13.3623)",317003.5,680090.2,429108.9,449403.9,334691.1,556564.8,549546.6,139446.7,684058.8,665161.4,717199.3,185444.8,653843.7,578954.8,690588.1,525002.1
7584,94522,48.7377,12.7474,Bayern,BY,Dingolfing-Landau,9279.0,"(48.7377, 12.7474)",284555.7,647642.4,451785.6,416956.1,265100.1,579241.5,483056.1,94600.6,651610.9,632713.6,684751.5,93415.9,621395.9,546507.0,658140.3,492554.3
7585,94526,48.8551,12.9155,Bayern,BY,Landkreis Deggendorf,9271.0,"(48.8551, 12.9155)",263452.2,626538.8,430682.1,395852.6,291791.9,558138.0,495995.2,85895.3,630507.4,611610.1,663647.9,131893.4,600292.4,525403.4,637036.7,471450.7
7586,94527,48.7354,12.91,Bayern,BY,Landkreis Deggendorf,9271.0,"(48.7354, 12.91)",277848.6,640935.2,445078.5,410249.0,288448.8,572534.4,510391.6,100291.7,644903.8,626006.4,678044.3,116764.7,614688.7,539799.8,651433.1,485847.1
7587,94529,48.676,13.2954,Bayern,BY,Landkreis Passau,9275.0,"(48.676, 13.2954)",299472.1,662558.7,466702.0,431872.5,317159.6,594157.9,532015.1,121915.2,666527.3,647629.9,699667.8,167913.3,636312.2,561423.3,673056.6,507470.6
7588,94530,48.8035,13.0995,Bayern,BY,Landkreis Deggendorf,9271.0,"(48.8035, 13.0995)",282279.6,645366.2,449509.5,414680.0,299967.1,576965.4,514822.6,104722.7,649334.8,630437.5,682475.3,150720.8,619119.8,544230.9,655864.1,490278.1
7589,94532,48.7241,13.2029,Bayern,BY,Landkreis Deggendorf,9271.0,"(48.7241, 13.2029)",289160.9,652247.6,456390.8,421561.3,306848.4,583846.7,521703.9,111604.0,656216.1,637318.8,689356.7,157602.1,626001.1,551112.2,662745.4,497159.5
7590,94533,48.697,12.9246,Bayern,BY,Landkreis Deggendorf,9271.0,"(48.697, 12.9246)",284670.3,647757.0,451900.2,417070.7,295270.6,579356.2,517213.3,107113.5,651725.5,632828.2,684866.1,123586.5,621510.5,546621.6,658254.9,492668.9
7591,94535,48.7139,13.2713,Bayern,BY,Landkreis Passau,9275.0,"(48.7139, 13.2713)",294804.1,657890.8,462034.0,427204.5,312491.6,589490.0,527347.1,117247.3,661859.3,642962.0,694999.9,163245.3,631644.3,556755.4,668388.7,502802.7
7592,94536,48.8894,13.2999,Bayern,BY,Freyung-Grafenau,9272.0,"(48.8894, 13.2999)",308373.7,671460.4,420479.1,440774.1,326061.3,547935.0,540916.7,130816.9,675428.9,656531.6,708569.5,176814.9,645213.9,570325.0,681958.3,516372.3
7593,94538,48.7167,13.3333,Bayern,BY,Landkreis Passau,9275.0,"(48.7167, 13.3333)",305339.3,668426.0,472569.2,437739.7,323026.9,600025.2,537882.3,127782.5,672394.5,653497.2,705535.1,173780.5,642179.5,567290.6,678923.9,513337.9
7594,94539,48.8949,12.9751,Bayern,BY,Landkreis Deggendorf,9271.0,"(48.8949, 12.9751)",276116.1,639202.8,443346.0,408516.5,293448.6,570801.9,508659.1,98559.2,643171.3,624274.0,676311.9,144557.3,612956.3,538067.4,649700.6,484114.7
7595,94541,48.8036,13.1537,Bayern,BY,Landkreis Deggendorf,9271.0,"(48.8036, 13.1537)",287491.3,650578.0,454721.2,419891.7,305178.8,582177.1,520034.3,109934.5,654546.5,635649.2,687687.1,155932.5,624331.5,549442.6,661075.9,495489.9
7596,94542,48.5,13.15,Bayern,BY,Landkreis Passau,9275.0,"(48.5, 13.15)",312774.4,675861.1,480004.3,445174.8,303938.6,607460.2,521894.7,135217.6,679829.6,660932.3,712970.2,181215.6,649614.6,574725.7,686359.0,520773.0
7597,94544,48.6781,13.1192,Bayern,BY,Landkreis Passau,9275.0,"(48.6781, 13.1192)",290519.1,653605.8,457749.0,422919.5,308206.7,585205.0,523062.1,112962.3,657574.3,638677.0,690714.9,158960.3,627359.3,552470.4,664103.7,498517.7
7598,94545,48.8498,13.4882,Bayern,BY,Freyung-Grafenau,9272.0,"(48.8498, 13.4882)",322503.1,685589.8,489733.0,454903.5,340190.7,617189.0,555046.1,144946.3,689558.3,670661.0,722698.9,190944.3,659343.3,584454.4,696087.7,530501.7
7599,94547,48.7301,13.1423,Bayern,BY,Landkreis Deggendorf,9271.0,"(48.7301, 13.1423)",284198.4,647285.0,451428.3,416598.8,301885.9,578884.2,516741.4,106641.5,651253.6,632356.3,684394.1,152639.6,621038.6,546149.6,657782.9,492196.9
7600,94548,48.8515,13.2754,Bayern,BY,Freyung-Grafenau,9272.0,"(48.8515, 13.2754)",298871.0,661957.6,466100.9,431271.4,316558.5,593556.8,531414.0,121314.1,665926.2,647028.8,699066.7,167312.2,635711.2,560822.2,672455.5,506869.5
7601,94550,48.6667,13.0833,Bayern,BY,Landkreis Deggendorf,9271.0,"(48.6667, 13.0833)",289466.7,652553.3,456696.6,421867.1,307154.2,584152.5,522009.7,111909.8,656521.9,637624.5,689662.4,157907.9,626306.9,551417.9,663051.2,497465.2
7602,94551,48.84375,13.15845,Bayern,BY,Landkreis Deggendorf,9271.0,"(48.84375, 13.15845)",289392.1,652478.7,456622.0,421792.5,307079.6,584077.9,521935.1,111835.2,656447.3,637549.9,689587.8,157833.3,626232.3,551343.3,662976.6,497390.6
7603,94553,48.8333,12.8,Bayern,BY,Landkreis Straubing-Bogen,9278.0,"(48.8333, 12.8)",261798.8,624885.5,429028.7,394199.2,281575.5,556484.7,494341.8,84242.0,628854.0,609956.7,661994.6,130240.0,598639.0,523750.1,635383.4,469797.4
7604,94554,48.7515,12.9611,Bayern,BY,Landkreis Deggendorf,9271.0,"(48.7515, 12.9611)",280479.9,643566.6,447709.8,412880.3,291080.2,575165.8,513022.9,102923.1,647535.1,628637.8,680675.7,119396.0,617320.1,542431.2,654064.5,488478.5
7605,94556,48.8842,13.4758,Bayern,BY,Freyung-Grafenau,9272.0,"(48.8842, 13.4758)",322873.9,685960.5,490103.8,455274.3,340561.4,617559.7,555416.9,145317.0,689929.1,671031.7,723069.6,191315.1,659714.0,584825.1,696458.4,530872.4
7606,94557,48.7656,13.0241,Bayern,BY,Landkreis Deggendorf,9271.0,"(48.7656, 13.0241)",277461.9,640548.5,444691.8,409862.3,295149.4,572147.7,510004.9,99905.0,644517.1,625619.7,677657.6,145903.1,614302.1,539413.1,651046.4,485460.4
