,zipcode,lat,long,state,state_code,community_name,community_code,coor,AKB Kitzingen,AKB Dortmund,AKB Zörbig,AKB Schöneck,AKB Buch,Mosolf Etzin,Mosolf Kippenheim,BLG Kelheim,BLG Duisburg,BLG Neuss,Carservice Erkens,ARS Altmann Wolnzach,CAT Zülpich,Autohaus Siebrecht,Neu: FleetParQ Essen ,Neu: FleetParQ Kassel
2542,35619,50.5027,8.393642857142856,Hessen,HE,Lahn-Dill-Kreis,6532.0,"(50.5027, 8.393642857142856)",212481.4,164851.3,394543.8,64732.1,407412.0,521999.7,290552.7,415318.7,209334.8,187621.9,242475.3,423011.5,182998.7,229602.9,186808.8,175650.2
2543,35625,50.521,8.5758,Hessen,HE,Lahn-Dill-Kreis,6532.0,"(50.521, 8.5758)",186818.7,169697.6,378171.3,62492.9,381749.3,505627.2,288082.5,389655.9,214181.1,192468.2,247321.6,397348.8,202389.8,213230.4,191655.1,136204.4
2544,35630,50.6,8.3833,Hessen,HE,Lahn-Dill-Kreis,6532.0,"(50.6, 8.3833)",206568.3,150224.2,388921.4,82242.6,401498.9,516377.4,307832.2,409405.6,194707.6,172994.7,227848.2,417098.4,182916.3,223980.6,172181.7,170027.9
2545,35633,50.5833,8.5667,Hessen,HE,Lahn-Dill-Kreis,6532.0,"(50.5833, 8.5667)",194165.6,165617.0,369487.8,69839.8,389096.2,496943.8,295429.4,397002.8,210100.5,188387.6,243241.0,404695.7,198309.1,204547.0,187574.5,150594.3
2546,35638,50.5513,8.3584,Hessen,HE,Lahn-Dill-Kreis,6532.0,"(50.5513, 8.3584)",207212.1,157475.2,389274.4,82886.3,402142.6,516730.3,308475.9,410049.3,201958.7,180245.8,235099.2,417742.2,178190.0,224333.5,179432.7,170380.8
2547,35641,50.4935,8.4718,Hessen,HE,Lahn-Dill-Kreis,6532.0,"(50.4935, 8.4718)",197688.8,169845.7,389041.4,73363.1,392619.4,516497.3,289827.6,400526.0,214329.1,192616.2,247469.7,408218.9,189048.6,224100.5,191803.2,147074.6
2548,35644,50.6689,8.4896,Hessen,HE,Lahn-Dill-Kreis,6532.0,"(50.6689, 8.4896)",209418.8,152953.1,379874.4,85093.1,404349.4,507330.3,310682.7,412256.1,197436.6,175723.7,230577.1,419948.9,185645.2,214933.5,174910.6,130233.0
2549,35647,50.4167,8.5167,Hessen,HE,Lahn-Dill-Kreis,6532.0,"(50.4167, 8.5167)",186462.9,186293.3,385115.5,48360.8,381393.5,512571.5,282473.0,389300.1,230776.7,209063.8,263917.3,396993.0,194926.8,220174.7,208250.8,166222.0
2550,35649,50.7,8.45,Hessen,HE,Lahn-Dill-Kreis,6532.0,"(50.7, 8.45)",214719.3,146929.3,385174.9,90393.6,409649.9,512630.8,315983.2,417556.6,191412.7,169699.8,224553.3,425249.4,179621.4,220234.0,168886.8,128574.3
2551,35683,50.7369,8.2873,Hessen,HE,Lahn-Dill-Kreis,6532.0,"(50.7369, 8.2873)",221907.7,131747.8,404260.9,97582.0,416838.3,531716.8,323171.6,424745.0,176231.3,154518.4,209371.8,432437.9,164440.0,239320.0,153705.3,185367.3
2552,35684,50.7333,8.2833,Hessen,HE,Lahn-Dill-Kreis,6532.0,"(50.7333, 8.2833)",222333.7,131621.4,404686.8,98008.0,417264.3,532142.7,323597.6,425171.0,176104.8,154391.9,209245.4,432863.8,164313.5,239746.0,153578.9,185793.3
2553,35685,50.7333,8.2833,Hessen,HE,Lahn-Dill-Kreis,6532.0,"(50.7333, 8.2833)",222333.7,131621.4,404686.8,98008.0,417264.3,532142.7,323597.6,425171.0,176104.8,154391.9,209245.4,432863.8,164313.5,239746.0,153578.9,185793.3
2554,35686,50.7333,8.2833,Hessen,HE,Lahn-Dill-Kreis,6532.0,"(50.7333, 8.2833)",222333.7,131621.4,404686.8,98008.0,417264.3,532142.7,323597.6,425171.0,176104.8,154391.9,209245.4,432863.8,164313.5,239746.0,153578.9,185793.3
2555,35687,50.7333,8.2833,Hessen,HE,Lahn-Dill-Kreis,6532.0,"(50.7333, 8.2833)",222333.7,131621.4,404686.8,98008.0,417264.3,532142.7,323597.6,425171.0,176104.8,154391.9,209245.4,432863.8,164313.5,239746.0,153578.9,185793.3
2556,35688,50.7333,8.2833,Hessen,HE,Lahn-Dill-Kreis,6532.0,"(50.7333, 8.2833)",222333.7,131621.4,404686.8,98008.0,417264.3,532142.7,323597.6,425171.0,176104.8,154391.9,209245.4,432863.8,164313.5,239746.0,153578.9,185793.3
2557,35689,50.7333,8.2833,Hessen,HE,Lahn-Dill-Kreis,6532.0,"(50.7333, 8.2833)",222333.7,131621.4,404686.8,98008.0,417264.3,532142.7,323597.6,425171.0,176104.8,154391.9,209245.4,432863.8,164313.5,239746.0,153578.9,185793.3
2558,35690,50.7333,8.2833,Hessen,HE,Lahn-Dill-Kreis,6532.0,"(50.7333, 8.2833)",222333.7,131621.4,404686.8,98008.0,417264.3,532142.7,323597.6,425171.0,176104.8,154391.9,209245.4,432863.8,164313.5,239746.0,153578.9,185793.3
2559,35708,50.7416,8.2078,Hessen,HE,Lahn-Dill-Kreis,6532.0,"(50.7416, 8.2078)",228415.0,125729.7,410768.1,104089.2,423345.5,538224.0,329678.8,431252.2,170213.2,148500.3,203353.7,438945.1,158421.9,245827.2,147687.2,191874.5
2560,35713,50.8083,8.3583,Hessen,HE,Lahn-Dill-Kreis,6532.0,"(50.8083, 8.3583)",235478.8,140285.2,405446.2,111153.0,430409.3,473467.8,336742.6,438316.0,184768.6,163055.7,217909.1,446008.9,172977.3,166601.4,162242.6,122274.9
2561,35716,50.8333,8.3167,Hessen,HE,Lahn-Dill-Kreis,6532.0,"(50.8333, 8.3167)",241090.2,139410.4,356036.0,116764.5,436020.8,474193.7,342354.0,443927.4,183893.8,162180.9,217034.3,451620.3,172102.5,167327.2,161367.8,123000.8
2562,35719,50.8063,8.4164,Hessen,HE,Marburg-Biedenkopf,6534.0,"(50.8063, 8.4164)",234163.9,146041.3,402568.1,109838.2,429094.5,473630.6,335427.8,437001.2,190524.8,168811.9,223665.3,444694.1,178733.5,165532.6,167998.8,122437.7
2563,35745,50.6814,8.3037,Hessen,HE,Lahn-Dill-Kreis,6532.0,"(50.6814, 8.3037)",215301.5,139245.4,397654.6,90975.8,410232.1,525110.5,316565.3,418138.7,183728.8,162015.9,216869.4,425831.6,171937.5,232713.7,161202.9,178761.0
2564,35753,50.6167,8.3,Hessen,HE,Lahn-Dill-Kreis,6532.0,"(50.6167, 8.3)",213233.2,150988.1,395586.3,88907.5,408163.8,523042.3,314497.1,416070.5,195471.5,173758.6,228612.1,423763.3,183680.2,230645.5,172945.6,176692.8
2565,35756,50.7,8.3833,Hessen,HE,Lahn-Dill-Kreis,6532.0,"(50.7, 8.3833)",223238.0,142457.5,391053.2,98912.3,418168.6,518509.2,324501.9,426075.3,186941.0,165228.0,220081.5,433768.1,175149.6,226112.4,164415.0,134452.7
2566,35759,50.6333,8.1833,Hessen,HE,Lahn-Dill-Kreis,6532.0,"(50.6333, 8.1833)",225650.6,140223.9,408003.7,101324.8,420581.2,535459.6,326914.4,428487.8,184707.4,162994.4,217847.9,436180.7,172916.0,243062.8,162181.4,189110.1
2567,35764,50.65,8.3333,Hessen,HE,Lahn-Dill-Kreis,6532.0,"(50.65, 8.3333)",214728.2,143074.0,397081.3,90402.4,409658.8,524537.2,315992.0,417565.4,187557.4,165844.5,220698.0,425258.3,175766.1,232140.4,165031.4,178187.7
2568,35767,50.6851,8.1912,Hessen,HE,Lahn-Dill-Kreis,6532.0,"(50.6851, 8.1912)",222688.3,133616.0,405041.4,98362.6,417618.9,532497.3,323952.1,425525.5,178099.5,156386.6,211240.0,433218.4,166308.2,240100.5,155573.5,186147.8
2569,35768,50.739,8.4179,Hessen,HE,Lahn-Dill-Kreis,6532.0,"(50.739, 8.4179)",229152.2,143705.2,392814.5,104826.4,424082.7,520270.4,330416.0,431989.4,188188.6,166475.7,221329.1,439682.3,176397.3,189390.3,165662.6,129831.4
2570,35781,50.4844,8.2625,Hessen,HE,Limburg-Weilburg,6533.0,"(50.4844, 8.2625)",221436.7,171298.7,400943.4,73695.9,416367.3,528399.4,302346.3,424273.9,199389.1,180491.7,232529.6,431966.8,169174.0,236002.6,205918.4,182049.9
2571,35789,50.4314,8.3767,Hessen,HE,Limburg-Weilburg,6533.0,"(50.4314, 8.3767)",184491.4,173977.6,398099.6,62061.1,379421.9,525555.5,280870.9,387328.6,213141.0,194243.6,246281.5,395021.5,182925.9,233158.7,219670.3,156132.8
2572,35792,50.513,8.272,Hessen,HE,Limburg-Weilburg,6533.0,"(50.513, 8.272)",214694.7,167112.3,396757.1,90369.0,409625.3,524213.0,303230.3,417532.0,200273.1,181375.8,233413.6,425224.8,170058.1,231816.2,206802.4,177863.5
2573,35794,50.5639,8.1555,Hessen,HE,Limburg-Weilburg,6533.0,"(50.5639, 8.1555)",232411.1,150231.4,407661.6,108085.4,427341.7,535117.5,305731.1,435248.3,194714.8,173001.9,227855.3,442941.2,172558.9,242720.7,172188.8,188768.0
2574,35796,50.4384,8.2913,Hessen,HE,Limburg-Weilburg,6533.0,"(50.4384, 8.2913)",193773.9,175628.5,405321.0,71343.7,388704.5,532776.9,289790.5,396611.1,200655.9,181758.6,233796.4,404304.0,170440.9,240380.1,207185.2,186427.4
2575,35799,50.5071,8.1919,Hessen,HE,Limburg-Weilburg,6533.0,"(50.5071, 8.1919)",216400.5,157586.7,402639.2,96251.1,411331.1,530095.1,297310.1,419237.8,194352.9,175455.5,227493.4,426930.6,164137.8,237698.4,200882.2,183745.7
2576,36037,50.5518,9.6833,Hessen,HE,Fulda,6631.0,"(50.5518, 9.6833)",114494.0,260057.9,323863.3,99234.7,309424.6,451319.3,334849.0,320254.0,339139.0,305645.4,366113.0,327946.8,323401.5,158922.5,296709.6,104969.8
2577,36039,50.5732,9.6824,Hessen,HE,Fulda,6631.0,"(50.5732, 9.6824)",118071.4,257981.7,321787.1,103708.4,313002.0,449243.1,339322.7,323831.4,337062.8,303569.2,364036.8,331524.2,313490.8,156846.3,294633.4,102893.6
2578,36041,50.5569,9.6431,Hessen,HE,Fulda,6631.0,"(50.5569, 9.6431)",119517.5,263624.8,327430.2,104258.3,314448.1,454886.2,339872.6,325277.5,342705.9,290689.7,369679.9,332970.4,300611.3,162489.4,300276.5,108536.7
2579,36043,50.5345,9.6922,Hessen,HE,Fulda,6631.0,"(50.5345, 9.6922)",112183.9,261722.2,325527.6,96924.6,307114.5,452983.5,332539.0,317943.9,340803.3,307309.7,367777.3,325636.8,321091.5,160586.8,298373.9,106634.1
2580,36088,50.6797,9.7673,Hessen,HE,Fulda,6631.0,"(50.6797, 9.7673)",126989.9,254048.6,296676.5,115908.1,321920.5,424132.4,351522.4,332749.9,333129.6,299636.1,360103.7,340442.7,309557.7,152913.2,290700.3,98960.5
2581,36093,50.5442,9.7179,Hessen,HE,Fulda,6631.0,"(50.5442, 9.7179)",113637.2,260436.2,324241.6,98378.0,308567.8,451697.6,333992.3,319397.2,339517.3,306023.7,366491.3,327090.1,322544.8,159300.8,297087.9,105348.1
2582,36100,50.5619,9.7131,Hessen,HE,Fulda,6631.0,"(50.5619, 9.7131)",113369.9,258202.3,322007.7,100167.6,308300.5,449463.7,335781.9,319129.9,337283.4,303789.8,364257.4,326822.8,313711.4,157066.9,294854.0,103114.2
2583,36103,50.4239,9.5666,Hessen,HE,Fulda,6631.0,"(50.4239, 9.5666)",117916.4,280942.1,344747.5,79440.9,312847.0,472203.5,315055.2,323676.4,325667.9,303955.0,358808.5,331369.2,303607.7,179806.7,317593.8,125854.0
2584,36110,50.6742,9.561,Hessen,HE,Vogelsbergkreis,6535.0,"(50.6742, 9.561)",136280.4,244519.8,308325.3,125198.7,331211.0,435781.2,360813.0,342040.4,323600.9,281978.8,350575.0,349733.3,291900.4,143384.4,281171.6,89431.7
2585,36115,50.51635,9.99645,Hessen,HE,Fulda,6631.0,"(50.51635, 9.99645)",110403.5,285411.5,312038.3,126639.1,305334.1,439494.3,362253.4,313988.7,364492.6,330999.1,391466.7,321681.5,340920.7,184276.1,322063.3,130323.4
2586,36119,50.4531,9.6175,Hessen,HE,Fulda,6631.0,"(50.4531, 9.6175)",112927.2,275952.8,339758.3,84105.5,307857.7,467214.2,319719.8,318687.1,330332.5,308619.6,363473.0,326380.0,308272.3,174817.5,312604.6,120864.7
2587,36124,50.4954,9.6967,Hessen,HE,Fulda,6631.0,"(50.4954, 9.6967)",105724.7,268750.4,332555.9,92436.4,300655.3,460011.8,328050.7,311484.7,347831.5,316950.5,374805.6,319177.6,316603.2,167615.0,305402.2,113662.3
2588,36129,50.4514,9.9142,Hessen,HE,Fulda,6631.0,"(50.4514, 9.9142)",99643.8,280905.5,307498.4,109764.5,294574.4,434954.3,345378.8,305403.8,359986.6,326493.1,386960.7,313096.7,333931.3,179770.1,317557.3,125817.4
2589,36132,50.7667,9.8,Hessen,HE,Fulda,6631.0,"(50.7667, 9.8)",138880.7,244621.9,278464.9,127798.9,333811.3,405920.8,363413.2,344640.7,323703.0,299987.2,350677.1,352333.6,309908.8,143486.5,281273.7,89533.8
2590,36137,50.5925,9.5423,Hessen,HE,Fulda,6631.0,"(50.5925, 9.5423)",126966.8,270662.2,334467.6,111707.5,321897.4,461923.6,347321.8,332726.8,303223.8,281510.8,336364.3,340419.6,291432.4,169526.8,307313.9,115574.1
2591,36142,50.6428,10.0238,Hessen,HE,Fulda,6631.0,"(50.6428, 10.0238)",127774.0,276374.2,265330.8,127519.9,322704.6,392786.7,363134.2,323904.5,355455.3,321961.7,382429.4,331597.3,331883.3,175238.8,313026.0,121286.1
2592,36145,50.5863,9.8353,Hessen,HE,Fulda,6631.0,"(50.5863, 9.8353)",121436.0,269126.6,304198.8,110354.2,316366.5,431654.7,345968.5,327196.0,348207.7,314714.2,375181.8,334888.8,324635.8,167991.2,305778.4,114038.5
2593,36148,50.4045,9.6826,Hessen,HE,Fulda,6631.0,"(50.4045, 9.6826)",102974.8,283983.3,347788.8,89807.4,297905.4,475244.7,325421.7,308734.8,336034.4,314321.5,369174.9,316427.7,313974.2,182847.9,320635.1,128895.2
2594,36151,50.6968,9.7245,Hessen,HE,Fulda,6631.0,"(50.6968, 9.7245)",130606.5,246025.7,293313.7,119524.7,325537.1,420769.7,355139.0,336366.5,325106.8,291613.3,352080.9,344059.3,301534.9,144890.4,282677.5,90937.6
2595,36154,50.505,9.4797,Hessen,HE,Fulda,6631.0,"(50.505, 9.4797)",126730.0,278642.6,342448.0,93553.0,321660.6,469904.0,329167.3,332490.0,295238.8,273525.9,328379.4,340182.9,283447.5,177507.2,315294.3,123554.5
2596,36157,50.4554,9.7863,Hessen,HE,Fulda,6631.0,"(50.4554, 9.7863)",102693.5,276346.8,316800.9,100866.7,297624.0,444256.8,336481.0,308453.4,355427.9,325380.7,382402.0,316146.3,325033.5,175211.4,312998.6,121258.7
2597,36160,50.5433,9.7959,Hessen,HE,Fulda,6631.0,"(50.5433, 9.7959)",116218.2,263908.9,327714.4,105136.5,311148.8,455170.3,340750.8,321978.2,342990.0,309496.5,369964.1,329671.1,319418.0,162773.5,300560.7,108820.8
2598,36163,50.4879,9.868,Hessen,HE,Fulda,6631.0,"(50.4879, 9.868)",106827.6,273406.1,314682.1,104976.6,301758.2,442138.0,340591.0,312587.6,352487.2,318993.7,379461.3,320280.4,329143.5,172270.7,310057.9,118318.0
2599,36166,50.7667,9.6667,Hessen,HE,Hersfeld-Rotenburg,6632.0,"(50.7667, 9.6667)",139143.5,244101.4,286486.4,128061.8,334074.1,413942.3,365579.1,344903.5,323182.5,286136.8,350156.6,352596.4,296058.4,142966.0,280753.2,89013.3
2600,36167,50.6333,9.85,Hessen,HE,Fulda,6631.0,"(50.6333, 9.85)",126301.6,260941.8,298948.2,115219.9,321232.2,426404.2,350834.2,332061.6,340022.9,306529.3,366996.9,339754.5,316450.9,159806.4,297593.5,105853.7
2601,36169,50.7167,9.9,Hessen,HE,Fulda,6631.0,"(50.7167, 9.9)",140431.0,254214.3,288703.6,129349.2,335361.5,416159.5,364963.5,346191.0,333295.4,313373.8,360269.5,353883.8,323295.4,153078.9,290866.1,99126.2
2602,36179,50.9745,9.7956,Hessen,HE,Hersfeld-Rotenburg,6632.0,"(50.9745, 9.7956)",170161.6,217692.6,265587.3,155563.8,365092.2,393043.2,381446.8,375921.6,296773.7,285645.7,323747.8,383614.4,311926.1,110900.9,254344.4,62604.5
2603,36199,50.9956,9.7284,Hessen,HE,Hersfeld-Rotenburg,6632.0,"(50.9956, 9.7284)",176629.7,212452.9,272931.4,162032.0,371560.3,400387.3,387914.9,382389.7,291534.0,280405.9,318508.1,390082.6,318394.2,111317.5,249104.7,57364.8
2604,36205,51.0717,9.9356,Hessen,HE,Werra-Meißner-Kreis,6636.0,"(51.0717, 9.9356)",188680.9,219329.2,258233.8,174083.2,383611.5,385689.8,399966.1,394440.9,298410.3,287282.3,325384.4,402133.8,330445.4,94620.2,255981.0,52758.7
2605,36208,50.95,9.9833,Hessen,HE,Hersfeld-Rotenburg,6632.0,"(50.95, 9.9833)",184383.7,253342.6,252313.7,162267.3,379314.2,379769.7,388150.2,390143.7,332423.7,308707.9,359397.8,397836.5,318629.5,111246.7,289994.4,98254.5
2606,36211,51.0333,9.6667,Hessen,HE,Hersfeld-Rotenburg,6632.0,"(51.0333, 9.6667)",181308.7,205489.3,279129.4,159192.3,376239.3,406585.3,385075.3,387068.7,284570.3,273442.3,311544.4,394761.6,320030.8,104353.9,242141.0,50401.1
2607,36214,51.0167,9.9333,Hessen,HE,Hersfeld-Rotenburg,6632.0,"(51.0167, 9.9333)",198774.7,227256.5,257199.5,176658.3,393705.3,384655.4,402541.3,404534.7,306337.6,295209.5,333311.6,412227.6,333020.6,102547.5,263908.2,60686.0
2608,36217,50.95,9.85,Hessen,HE,Hersfeld-Rotenburg,6632.0,"(50.95, 9.85)",186480.3,224274.8,259631.1,164363.9,381410.9,387087.1,390246.9,392240.3,303355.8,292227.8,330329.9,399933.2,320726.2,118939.4,260926.5,69186.6
2609,36219,51.0416,9.8605,Hessen,HE,Hersfeld-Rotenburg,6632.0,"(51.0416, 9.8605)",180634.0,223036.9,265062.0,166036.3,375564.6,392517.9,391919.2,386394.0,302118.0,290989.9,329092.1,394086.9,322398.5,101448.3,259688.7,56549.6
2610,36251,50.886,9.7378,Hessen,HE,Hersfeld-Rotenburg,6632.0,"(50.886, 9.7378)",160088.8,236552.3,274479.0,145476.9,355019.3,401934.9,371359.9,365848.8,315633.4,291917.6,342607.4,373541.6,301839.2,135416.9,273204.0,81464.2
2611,36266,50.8833,9.9873,Hessen,HE,Hersfeld-Rotenburg,6632.0,"(50.8833, 9.9873)",161392.0,253109.7,257547.5,162034.3,356322.6,385003.5,387917.3,367152.0,332190.8,308475.0,359164.8,374844.8,318396.6,125155.8,289761.4,98021.6
2612,36269,50.846,9.9795,Hessen,HE,Hersfeld-Rotenburg,6632.0,"(50.846, 9.9795)",156010.7,252706.9,272263.9,144928.9,350941.2,399719.8,387514.5,361770.6,331788.0,308072.2,358762.1,369463.5,317993.8,151571.5,289358.7,97618.8
2613,36272,50.8,9.6,Hessen,HE,Hersfeld-Rotenburg,6632.0,"(50.8, 9.6)",143505.0,224989.0,285452.1,132423.2,338435.6,412908.0,357644.6,349265.0,304070.1,278202.3,331044.2,356957.9,288123.9,123853.6,261640.8,69900.9
2614,36275,50.8333,9.5667,Hessen,HE,Hersfeld-Rotenburg,6632.0,"(50.8333, 9.5667)",150995.9,220929.7,284732.9,128879.5,345926.5,412188.8,354762.4,356755.9,300010.8,275320.1,326984.9,364448.8,285241.7,119794.3,257581.5,65841.6
2615,36277,50.8167,9.85,Hessen,HE,Hersfeld-Rotenburg,6632.0,"(50.8167, 9.85)",145914.1,244434.2,271609.1,134832.3,340844.7,399065.0,379241.8,351674.1,323515.3,299799.5,350489.4,359366.9,309721.1,143298.8,281086.0,89346.1
2616,36280,50.85,9.4667,Hessen,HE,Schwalm-Eder-Kreis,6634.0,"(50.85, 9.4667)",160936.3,217455.7,294875.5,125953.7,355866.9,422331.4,351836.7,366696.3,296536.8,272394.4,323510.9,374389.1,282316.0,116320.3,254107.5,62367.6
2617,36282,50.8167,9.7333,Hessen,HE,Hersfeld-Rotenburg,6632.0,"(50.8167, 9.7333)",145528.8,235505.6,277890.5,134447.0,340459.4,405346.4,370313.2,351288.8,314586.7,290870.9,341560.7,358981.6,300792.5,134370.2,272157.3,80417.5
2618,36284,50.8,9.9,Hessen,HE,Hersfeld-Rotenburg,6632.0,"(50.8, 9.9)",152464.6,252019.7,276894.9,141382.9,347395.2,404350.9,376997.2,358224.6,331100.8,307385.0,358074.9,365917.5,317306.6,150884.3,288671.5,96931.6
2619,36286,50.9333,9.55,Hessen,HE,Hersfeld-Rotenburg,6632.0,"(50.9333, 9.55)",164407.1,213642.3,295910.9,142290.7,359337.7,404140.8,368173.7,370167.1,292723.4,281595.3,319697.4,377860.0,298653.0,112506.9,250294.0,58554.2
2620,36287,50.7752,9.516,Hessen,HE,Hersfeld-Rotenburg,6632.0,"(50.7752, 9.516)",146503.5,235613.3,299418.8,121373.6,341434.1,426874.7,347256.5,352263.5,289527.2,267814.2,322667.7,359956.4,277735.8,134477.9,272265.1,80525.2
2621,36289,50.8833,9.8667,Hessen,HE,Hersfeld-Rotenburg,6632.0,"(50.8833, 9.8667)",174074.5,243033.4,262590.5,151958.1,369005.1,390046.4,377841.0,379834.5,322114.5,298398.7,349088.6,387527.4,308320.3,141898.1,279685.2,87945.3
2622,36304,50.7518,9.2708,Hessen,HE,Vogelsbergkreis,6535.0,"(50.7518, 9.2708)",166779.2,245401.4,309206.9,103300.3,361709.8,436662.8,329183.3,372539.2,271453.9,249741.0,304594.4,380232.1,259662.5,144266.0,282053.1,90313.3
2623,36318,50.6833,9.3,Hessen,HE,Vogelsbergkreis,6535.0,"(50.6833, 9.3)",174878.9,253501.0,317306.5,113689.8,369809.4,444762.4,339572.7,380638.8,281843.3,260130.4,314983.9,388331.7,270052.0,152365.6,290152.8,98412.9
