,zipcode,lat,long,state,state_code,community_name,community_code,coor,AKB Kitzingen,AKB Dortmund,AKB Zörbig,AKB Schöneck,AKB Buch,Mosolf Etzin,Mosolf Kippenheim,BLG Kelheim,BLG Duisburg,BLG Neuss,Carservice Erkens,ARS Altmann Wolnzach,CAT Zülpich,Autohaus Siebrecht,Neu: FleetParQ Essen ,Neu: FleetParQ Kassel
7607,94559,48.8833,12.8,Bayern,BY,Landkreis Straubing-Bogen,9278.0,"(48.8833, 12.8)",253732.5,616819.2,420962.4,386132.9,299918.4,548418.3,486275.5,76175.6,620787.7,601890.4,653928.3,122173.7,590572.7,515683.8,627317.0,461731.1
7608,94560,48.8619,12.8629,Bayern,BY,Landkreis Deggendorf,9271.0,"(48.8619, 12.8629)",259495.0,622581.7,426724.9,391895.4,292387.2,554180.9,492038.0,81938.2,626550.2,607652.9,659690.8,127936.2,596335.2,521446.3,633079.6,467493.6
7609,94562,48.7018,12.8248,Bayern,BY,Landkreis Deggendorf,9271.0,"(48.7018, 12.8248)",283651.8,646738.4,450881.7,416052.2,272660.7,578337.6,490616.8,102161.2,650707.0,631809.6,683847.5,100976.5,620492.0,545603.0,657236.3,491650.3
7610,94563,48.7613,12.8088,Bayern,BY,Landkreis Deggendorf,9271.0,"(48.7613, 12.8088)",278185.9,641272.6,445415.8,410586.3,270793.5,572871.7,488749.6,100294.0,645241.1,626343.8,678381.7,99109.3,615026.1,540137.2,651770.4,486184.4
7611,94566,48.9,13.4167,Bayern,BY,Freyung-Grafenau,9272.0,"(48.9, 13.4167)",322095.6,685182.2,434200.9,454496.0,339783.1,561656.8,554638.6,144538.7,689150.8,670253.4,722291.3,190536.8,658935.7,584046.8,695680.1,530094.1
7612,94568,48.9,13.4167,Bayern,BY,Freyung-Grafenau,9272.0,"(48.9, 13.4167)",322095.6,685182.2,434200.9,454496.0,339783.1,561656.8,554638.6,144538.7,689150.8,670253.4,722291.3,190536.8,658935.7,584046.8,695680.1,530094.1
7613,94569,48.8167,12.8,Bayern,BY,Landkreis Deggendorf,9271.0,"(48.8167, 12.8)",262151.5,625238.2,429381.4,394551.9,278959.5,556837.3,496915.6,84594.6,629206.7,610309.4,662347.3,107275.4,598991.7,524102.8,635736.0,470150.1
7614,94571,48.85,13.0667,Bayern,BY,Landkreis Deggendorf,9271.0,"(48.85, 13.0667)",280506.0,643592.7,447736.0,412906.4,297838.6,575191.9,513049.1,102949.2,647561.3,628663.9,680701.8,148947.3,617346.2,542457.3,654090.6,488504.6
7615,94572,48.8388,13.2286,Bayern,BY,Freyung-Grafenau,9272.0,"(48.8388, 13.2286)",296311.5,659398.1,463541.4,428711.9,313999.0,590997.3,528854.5,118754.6,663366.7,644469.3,696507.2,164752.7,633151.6,558262.7,669896.0,504310.0
7616,94574,48.6842,12.8804,Bayern,BY,Landkreis Deggendorf,9271.0,"(48.6842, 12.8804)",283411.7,646498.4,450641.6,415812.1,277286.6,578097.5,495242.7,105854.8,650466.9,631569.6,683607.4,105602.4,620251.9,545363.0,656996.2,491410.2
7617,94575,48.6244,13.2219,Bayern,BY,Landkreis Passau,9275.0,"(48.6244, 13.2219)",301445.9,664532.5,468675.8,433846.3,319133.4,596131.7,533988.9,123889.0,668501.1,649603.8,701641.6,169887.1,638286.1,563397.1,675030.4,509444.4
7618,94577,48.7228,13.0775,Bayern,BY,Landkreis Deggendorf,9271.0,"(48.7228, 13.0775)",281354.6,644441.3,448584.5,413755.0,299042.1,576040.5,513897.6,103797.8,648409.8,629512.5,681550.4,149795.8,618194.8,543305.9,654939.2,489353.2
7619,94579,48.7913,13.2597,Bayern,BY,Freyung-Grafenau,9272.0,"(48.7913, 13.2597)",297318.9,660405.6,464548.9,429719.3,315006.5,592004.8,529862.0,119762.1,664374.2,645476.8,697514.7,165760.1,634159.1,559270.2,670903.5,505317.5
7620,95028,50.3209,11.9172,Bayern,BY,Hof,9464.0,"(50.3209, 11.9172)",199452.0,448067.3,181043.3,324645.1,336894.0,308499.2,469506.7,192825.8,527148.4,547923.5,554122.5,236102.5,536605.9,346266.9,484719.1,281496.8
7621,95030,50.3173,11.8961,Bayern,BY,Hof,9464.0,"(50.3173, 11.8961)",197185.3,447732.4,180708.4,322378.5,334627.3,308164.3,467240.0,192467.1,526813.5,545656.9,553787.6,233835.9,534339.2,345932.0,484384.2,281161.9
7622,95032,50.2953,11.9103,Bayern,BY,Hof,9464.0,"(50.2953, 11.9103)",200354.1,449338.9,182314.9,325547.2,337796.1,309770.8,470408.8,190749.5,528420.0,548825.6,555394.1,236747.6,537508.0,347538.5,485990.7,282768.4
7623,95100,50.1706,12.1305,Bayern,BY,Wunsiedel i.Fichtelgebirge,9479.0,"(50.1706, 12.1305)",209548.3,481650.1,214626.0,334741.5,373519.7,342082.0,506132.4,165690.0,560731.2,558019.9,587705.2,211688.1,546702.2,379849.6,518301.8,315079.6
7624,95111,50.2492,12.0342,Bayern,BY,Landkreis Hof,9475.0,"(50.2492, 12.0342)",201593.1,468968.5,201944.5,326786.2,339035.0,329400.4,471647.7,178372.4,548049.6,550064.6,575023.7,224370.5,538747.0,367168.1,505620.3,302398.0
7625,95119,50.3303,11.7046,Bayern,BY,Landkreis Hof,9475.0,"(50.3303, 11.7046)",203305.5,442237.1,175213.1,328498.7,340747.5,302669.0,473360.2,216368.0,521318.2,510190.2,548292.3,239956.1,540459.4,340436.6,478888.9,275666.6
7626,95126,50.2228,11.935,Bayern,BY,Landkreis Hof,9475.0,"(50.2228, 11.935)",194615.5,494842.4,191674.8,319808.6,332057.4,319130.7,464670.1,186205.1,573923.5,543087.0,600897.6,232203.2,531769.3,356898.4,531494.2,292128.3
7627,95131,50.2846,11.6249,Bayern,BY,Landkreis Hof,9475.0,"(50.2846, 11.6249)",198125.2,449569.7,182545.6,323318.4,335567.2,310001.5,468179.9,223700.6,528650.8,517522.7,555624.8,234775.8,535279.1,347769.2,486221.4,282999.1
7628,95138,50.3665,11.6444,Bayern,BY,Landkreis Hof,9475.0,"(50.3665, 11.6444)",211167.3,438064.6,171040.6,336360.5,348609.3,298496.5,481222.0,223301.9,517145.7,506017.7,544119.8,247817.9,548321.2,336264.2,474716.4,271494.1
7629,95145,50.2624,11.9348,Bayern,BY,Landkreis Hof,9475.0,"(50.2624, 11.9348)",198430.2,453810.1,186786.0,323623.3,335872.1,314241.9,468484.8,187436.6,532891.1,546901.7,559865.2,233434.7,535584.0,352009.6,490461.8,287239.5
7630,95152,50.317,11.7502,Bayern,BY,Landkreis Hof,9475.0,"(50.317, 11.7502)",200535.1,439466.7,172442.7,325728.3,337977.1,299898.6,470589.8,213597.6,518547.8,507419.8,545521.9,237185.7,537689.0,337666.3,476118.5,272896.2
7631,95158,50.1519,11.9483,Bayern,BY,Wunsiedel i.Fichtelgebirge,9479.0,"(50.1519, 11.9483)",193478.3,493705.3,199520.9,318671.5,330920.3,326976.9,463533.0,168825.9,572786.4,541949.9,599760.5,214824.0,530632.2,364744.5,530357.1,299974.5
7632,95163,50.1022,11.8885,Bayern,BY,Wunsiedel i.Fichtelgebirge,9479.0,"(50.1022, 11.8885)",181016.3,481243.2,201211.1,306209.4,318458.3,328667.0,451070.9,170024.2,560324.3,529487.8,587298.4,216022.3,518170.2,366434.7,517895.0,326155.1
7633,95168,50.1301,12.0023,Bayern,BY,Wunsiedel i.Fichtelgebirge,9479.0,"(50.1301, 12.0023)",198486.5,498713.5,204529.1,323679.7,335928.5,331985.0,468541.2,163868.0,577794.6,546958.1,604768.6,209866.0,535640.4,369752.7,535365.2,304982.6
7634,95173,50.1997,12.085,Bayern,BY,Wunsiedel i.Fichtelgebirge,9479.0,"(50.1997, 12.085)",209528.1,476274.2,209250.1,334721.3,346970.1,336706.1,479582.8,170255.7,555355.3,544227.2,582329.3,216253.7,546682.0,374473.7,512925.9,309703.7
7635,95176,50.2667,11.85,Bayern,BY,Landkreis Hof,9475.0,"(50.2667, 11.85)",191640.2,445574.9,178550.9,316833.3,329082.1,306006.8,461694.8,194906.0,524656.0,540111.7,551630.1,228290.7,528794.0,343774.5,482226.7,279004.4
7636,95179,50.3333,11.6,Bayern,BY,Landkreis Hof,9475.0,"(50.3333, 11.6)",215596.0,447869.4,180845.4,340789.1,353038.0,308301.3,485650.7,228658.5,526950.5,515822.5,553924.6,252246.5,552749.9,346069.0,484521.2,281298.9
7637,95180,50.3747,11.7785,Bayern,BY,Landkreis Hof,9475.0,"(50.3747, 11.7785)",201069.1,431897.8,164873.7,326262.3,338511.1,292329.6,471123.8,211062.9,510978.8,499850.8,537952.9,237719.7,538223.0,330097.3,468549.5,265327.2
7638,95182,50.2833,11.95,Bayern,BY,Landkreis Hof,9475.0,"(50.2833, 11.95)",203822.8,452549.1,185525.0,329016.0,341264.8,312980.9,473877.5,186861.2,531630.2,552294.4,558604.2,232859.3,540976.7,350748.6,489200.8,285978.5
7639,95183,50.3747,11.918866666666666,Bayern,BY,Landkreis Hof,9475.0,"(50.3747, 11.918866666666666)",205121.7,447477.2,180453.1,330314.9,342563.7,307909.0,475176.4,202333.6,526558.3,515430.2,553532.3,241772.3,542275.6,345676.7,484128.9,280906.6
7640,95185,50.3221,11.9978,Bayern,BY,Landkreis Hof,9475.0,"(50.3221, 11.9978)",205210.2,458958.9,191934.9,330403.4,342652.2,319390.8,475264.9,187011.6,538040.0,526912.0,565014.1,233009.7,542364.1,357158.5,495610.7,292388.4
7641,95186,50.1,12.0833,Bayern,BY,Wunsiedel i.Fichtelgebirge,9479.0,"(50.1, 12.0833)",199302.0,499528.9,223330.9,324495.1,364849.9,350786.8,497462.6,157020.2,578610.0,547773.6,605584.1,203018.2,536455.9,388554.5,536180.7,323784.4
7642,95188,50.3752,11.7207,Bayern,BY,Landkreis Hof,9475.0,"(50.3752, 11.7207)",205604.4,436433.0,169408.9,330797.5,343046.4,296864.9,475659.1,215598.2,515514.1,504386.0,542488.2,242254.9,542758.3,334632.5,473084.8,269862.5
7643,95189,50.3333,11.85,Bayern,BY,Landkreis Hof,9475.0,"(50.3333, 11.85)",200082.6,442438.1,175414.0,325275.8,337524.6,302870.0,470137.3,196658.2,521519.2,510391.1,548493.3,236733.2,537236.5,340637.6,479089.8,275867.6
7644,95191,50.3,11.8,Bayern,BY,Landkreis Hof,9475.0,"(50.3, 11.8)",192460.5,442386.7,175362.6,317653.7,329902.5,302818.6,462515.2,214968.4,521467.8,540932.1,548441.9,229111.1,529614.4,340586.2,479038.5,275816.2
7645,95192,50.3833,11.6762,Bayern,BY,Landkreis Hof,9475.0,"(50.3833, 11.6762)",210635.0,435113.0,168089.0,335828.2,348077.0,295544.9,480689.7,220628.8,514194.1,503066.1,541168.2,247285.6,547788.9,333312.5,471764.8,268542.5
7646,95194,50.3,12.05,Bayern,BY,Landkreis Hof,9475.0,"(50.3, 12.05)",221958.2,464313.7,197289.6,347151.4,359400.2,324745.5,492012.9,182825.6,543394.7,532266.7,570368.8,228823.7,559112.1,362513.2,500965.4,297743.1
7647,95195,50.0833,11.9833,Bayern,BY,Wunsiedel i.Fichtelgebirge,9479.0,"(50.0833, 11.9833)",188353.2,488580.1,209842.4,313546.3,325795.1,337298.3,458407.8,162764.3,567661.2,536824.7,594635.3,208762.3,525507.0,375066.0,525231.9,333492.0
7648,95197,50.2783,11.7417,Bayern,BY,Landkreis Hof,9475.0,"(50.2783, 11.7417)",191808.9,446230.7,179206.6,317002.1,329250.9,306662.5,461863.6,218812.4,525311.8,540280.5,552285.8,228459.5,528962.8,344430.2,482882.4,279660.1
7649,95199,50.1064,12.102,Bayern,BY,Wunsiedel i.Fichtelgebirge,9479.0,"(50.1064, 12.102)",201559.2,490240.2,223216.2,326752.4,364297.7,350672.1,496910.4,156468.0,569321.3,550030.8,596295.4,202466.0,538713.1,388439.8,526892.0,323669.7
7650,95213,50.1895,11.7882,Bayern,BY,Landkreis Hof,9475.0,"(50.1895, 11.7882)",179733.2,479960.1,186061.6,304926.3,317175.2,313517.5,449787.9,182372.6,559041.2,528204.8,586015.3,216383.7,516887.1,351285.2,516611.9,286515.1
7651,95233,50.2356,11.7159,Bayern,BY,Landkreis Hof,9475.0,"(50.2356, 11.7159)",186740.7,486967.6,183836.2,311933.9,324182.7,311292.1,456795.4,215005.2,566048.7,535212.3,593022.8,223391.3,523894.6,349059.8,523619.4,284289.7
7652,95234,50.1621,11.8435,Bayern,BY,Landkreis Hof,9475.0,"(50.1621, 11.8435)",184992.1,485219.1,192677.4,310185.3,322434.1,320133.3,455046.8,178497.2,564300.2,533463.7,591274.2,221642.7,522146.0,357900.9,521870.8,293130.9
7653,95236,50.1455,11.6913,Bayern,BY,Landkreis Hof,9475.0,"(50.1455, 11.6913)",173731.9,473958.8,195618.2,298925.0,311173.9,323074.1,443786.6,201996.4,553039.9,522203.4,580014.0,210382.4,510885.8,360841.7,510610.6,318870.7
7654,95237,50.1833,11.85,Bayern,BY,Landkreis Hof,9475.0,"(50.1833, 11.85)",185036.5,485263.5,191079.1,310229.7,322478.5,318535.1,455091.2,177456.5,564344.6,533508.1,591318.7,221687.1,522190.4,356302.7,521915.3,291532.7
7655,95239,50.1333,11.8,Bayern,BY,Landkreis Hof,9475.0,"(50.1333, 11.8)",177462.8,477689.7,195280.4,302655.9,314904.7,322736.3,447517.4,182359.4,556770.8,525934.3,583744.9,214113.3,514616.6,360504.0,514341.5,322601.6
7656,95326,50.1007,11.4503,Bayern,BY,Landkreis Kulmbach,9477.0,"(50.1007, 11.4503)",155006.7,455233.6,225943.3,280199.8,309055.6,353399.2,443559.7,199878.1,534314.7,503478.2,561288.8,208264.2,492160.5,354098.2,491885.4,300145.5
7657,95336,50.0999,11.3766,Bayern,BY,Landkreis Kulmbach,9477.0,"(50.0999, 11.3766)",151162.9,451389.8,231222.8,276356.1,314335.2,358678.8,439715.9,205157.7,530470.9,499634.5,557445.0,213543.8,488316.8,350254.5,488041.6,296301.7
7658,95339,50.0988,11.59275,Bayern,BY,Landkreis Kulmbach,9477.0,"(50.0988, 11.59275)",165191.0,465418.0,212221.6,290384.2,302633.0,339677.5,435245.7,193455.5,544499.1,513662.6,571473.1,201841.6,502344.9,364282.6,502069.7,310329.9
7659,95346,50.1643,11.5035,Bayern,BY,Landkreis Kulmbach,9477.0,"(50.1643, 11.5035)",174923.9,475150.8,203450.8,300117.0,312365.9,330906.7,444978.6,203188.3,554231.9,523395.4,581206.0,211574.4,512077.8,368674.4,511802.6,320062.7
7660,95349,50.0254,11.3935,Bayern,BY,Landkreis Kulmbach,9477.0,"(50.0254, 11.3935)",139722.1,439949.1,225241.4,264915.3,308353.8,352697.3,428275.2,199176.3,519030.2,488193.7,546004.3,207562.4,476876.0,338813.7,476600.9,284861.0
7661,95352,50.1731,11.6339,Bayern,BY,Landkreis Kulmbach,9477.0,"(50.1731, 11.6339)",178266.3,478493.2,196870.0,303459.5,315708.3,324325.9,448321.0,206530.8,557574.3,526737.9,584548.4,214916.9,515420.2,362093.6,515145.0,323405.1
7662,95355,50.228,11.5551,Bayern,BY,Landkreis Kulmbach,9477.0,"(50.228, 11.5551)",184565.4,484792.3,194281.2,309758.5,322007.4,321737.1,454620.1,212829.8,563873.4,533036.9,590847.5,221215.9,521719.3,359504.8,521444.1,329704.2
7663,95356,50.2031,11.5936,Bayern,BY,Landkreis Kulmbach,9477.0,"(50.2031, 11.5936)",183484.0,483711.0,192435.0,308677.2,320926.0,319890.9,453538.7,211748.5,562792.1,531955.6,589766.1,220134.6,520637.9,357658.6,520362.7,292888.5
7664,95358,50.1552,11.5648,Bayern,BY,Landkreis Kulmbach,9477.0,"(50.1552, 11.5648)",173768.6,473995.6,220799.2,298961.8,311210.6,348255.1,443823.3,202033.1,553076.7,522240.2,580050.7,210419.2,510922.5,372860.2,510647.3,318907.5
7665,95359,50.0367,11.352,Bayern,BY,Landkreis Kulmbach,9477.0,"(50.0367, 11.352)",138410.5,438637.4,229952.4,263603.6,313064.8,357408.4,426963.5,203887.3,517718.5,486882.0,544692.6,212273.4,475564.4,337502.0,475289.2,283549.3
7666,95361,50.1,11.5333,Bayern,BY,Landkreis Kulmbach,9477.0,"(50.1, 11.5333)",159817.8,460044.8,218656.4,285011.0,309067.8,346112.3,441680.5,199890.3,539125.9,508289.4,566099.9,208276.4,496971.7,358909.4,496696.5,304956.7
7667,95362,50.1396,11.5776,Bayern,BY,Landkreis Kulmbach,9477.0,"(50.1396, 11.5776)",172093.9,472320.9,202098.2,297287.1,309535.9,329554.1,442148.6,200358.4,551402.0,520565.5,578376.1,208744.5,509247.8,367321.8,508972.7,317232.8
7668,95364,50.1264,11.5597,Bayern,BY,Landkreis Kulmbach,9477.0,"(50.1264, 11.5597)",168826.7,469053.6,215857.2,294019.9,306268.7,343313.2,438881.4,197091.2,548134.7,517298.3,575108.8,205477.2,505980.6,367918.3,505705.4,313965.5
7669,95365,50.2,11.4667,Bayern,BY,Landkreis Kulmbach,9477.0,"(50.2, 11.4667)",163046.8,463273.8,206370.2,288240.0,317833.9,333826.1,450446.6,208656.4,542354.9,511518.4,569329.0,217042.5,500200.7,293237.0,499925.6,308185.7
7670,95367,50.0667,11.55,Bayern,BY,Landkreis Kulmbach,9477.0,"(50.0667, 11.55)",154325.2,454552.1,212098.7,279518.3,302510.1,339554.6,435122.8,193332.6,533633.2,502796.7,560607.3,201718.7,491479.0,353416.7,491203.9,299464.0
7671,95369,50.1333,11.5167,Bayern,BY,Landkreis Kulmbach,9477.0,"(50.1333, 11.5167)",172257.7,472484.6,219288.2,297450.8,309699.7,346744.1,442312.4,200522.2,551565.7,520729.2,578539.8,208908.2,509411.6,371349.2,509136.4,317396.5
7672,95444,49.9461,11.5762,Bayern,BY,Bayreuth,9462.0,"(49.9461, 11.5762)",156552.6,456779.5,219766.0,281745.7,284876.6,347221.9,417489.3,175699.1,535860.6,505024.1,562834.7,184085.2,493706.5,355644.1,493431.3,301691.4
7673,95445,49.9431,11.5592,Bayern,BY,Bayreuth,9462.0,"(49.9431, 11.5592)",156282.4,456509.4,221020.2,281475.6,286037.5,348476.1,418650.2,176859.9,535590.5,504754.0,562564.5,185246.0,493436.3,355374.0,493161.1,301421.3
7674,95447,49.9481,11.5783,Bayern,BY,Bayreuth,9462.0,"(49.9481, 11.5783)",156688.9,456915.8,219572.8,281882.1,284683.5,347028.7,417296.1,175505.9,535996.9,505160.5,562971.0,183892.0,493842.8,355780.5,493567.6,301827.7
7675,95448,49.9474,11.5993,Bayern,BY,Bayreuth,9462.0,"(49.9474, 11.5993)",163614.8,463841.7,218275.9,288808.0,287443.6,345731.9,420056.3,178266.1,542922.8,512086.4,569896.9,186652.2,500768.7,362706.3,500493.5,308753.6
7676,95460,50.0456,11.6724,Bayern,BY,Landkreis Bayreuth,9472.0,"(50.0456, 11.6724)",162794.6,463021.6,205369.5,287987.8,300236.6,332825.4,432849.3,191059.1,542102.7,511266.2,569076.8,199445.2,499948.5,361886.2,499673.3,307933.5
7677,95463,49.9817,11.6139,Bayern,BY,Landkreis Bayreuth,9472.0,"(49.9817, 11.6139)",161351.5,461578.5,216012.6,286544.7,287624.8,343468.6,420237.5,178447.3,540659.5,509823.1,567633.6,186833.3,498505.4,360443.1,498230.2,306490.3
7678,95466,49.93745,11.7527,Bayern,BY,Landkreis Bayreuth,9472.0,"(49.93745, 11.7527)",175895.3,476122.2,230556.4,301088.4,298472.4,358012.3,431085.1,148500.8,555203.3,524366.8,582177.4,197681.0,513049.1,374986.8,512774.0,321034.1
7679,95469,49.8713,11.7812,Bayern,BY,Landkreis Bayreuth,9472.0,"(49.8713, 11.7812)",182122.5,482349.4,236783.6,307315.6,298148.4,364239.5,430761.1,145079.8,561430.5,530594.0,588404.6,197357.0,519276.3,381214.0,519001.2,327261.3
7680,95473,49.84943333333333,11.6236,Bayern,BY,Landkreis Bayreuth,9472.0,"(49.84943333333333, 11.6236)",174512.9,474739.8,229174.0,299706.0,275461.0,356629.9,408073.7,166283.5,553820.9,522984.4,580795.0,174669.6,511666.8,373604.4,511391.6,319651.7
7681,95478,49.8701,11.8908,Bayern,BY,Landkreis Tirschenreuth,9377.0,"(49.8701, 11.8908)",190276.9,490503.9,244938.1,315470.1,294230.7,372394.0,426843.4,136501.6,569585.0,538748.5,596559.0,182499.6,527430.8,389368.5,527155.6,335415.8
7682,95482,50.0954,11.7377,Bayern,BY,Landkreis Bayreuth,9472.0,"(50.0954, 11.7377)",169052.2,469279.2,201537.3,294245.4,306494.2,328993.2,439106.9,197316.7,548360.3,517523.8,575334.3,205702.8,506206.1,366760.9,505930.9,314191.1
7683,95485,49.9935,11.7787,Bayern,BY,Landkreis Bayreuth,9472.0,"(49.9935, 11.7787)",182119.8,482346.8,217716.6,307313.0,304697.0,345172.5,437309.7,156322.0,561427.9,530591.4,588402.0,203905.6,519273.7,382940.2,518998.6,327258.7
7684,95488,49.9348,11.4962,Bayern,BY,Landkreis Bayreuth,9472.0,"(49.9348, 11.4962)",153519.5,453746.5,226671.7,278712.7,285940.2,354127.7,418552.9,176762.7,532827.6,501991.1,559801.6,185148.8,490673.4,352611.1,490398.2,298658.4
7685,95490,49.9126,11.4659,Bayern,BY,Landkreis Bayreuth,9472.0,"(49.9126, 11.4659)",154038.0,454264.9,229626.3,279231.1,282047.2,357082.2,414659.9,172869.7,533346.0,502509.5,560320.1,181255.7,491191.8,353129.5,490916.7,299176.8
7686,95491,49.85,11.4333,Bayern,BY,Landkreis Bayreuth,9472.0,"(49.85, 11.4333)",156418.0,456644.9,244191.7,281611.1,274061.4,371647.6,406674.1,164883.9,535726.0,504889.5,562700.1,173270.0,493571.8,355509.5,493296.7,301556.8
7687,95493,50.0512,11.8,Bayern,BY,Landkreis Bayreuth,9472.0,"(50.0512, 11.8)",173957.8,474184.7,210326.2,299150.9,305146.5,337782.1,437759.2,173257.6,553265.8,522429.4,580239.9,204355.1,511111.7,375549.8,510836.5,319096.6
