,zipcode,lat,long,state,state_code,community_name,community_code,coor,AKB Kitzingen,AKB Dortmund,AKB Zörbig,AKB Schöneck,AKB Buch,Mosolf Etzin,Mosolf Kippenheim,BLG Kelheim,BLG Duisburg,BLG Neuss,Carservice Erkens,ARS Altmann Wolnzach,CAT Zülpich,Autohaus Siebrecht,Neu: FleetParQ Essen ,Neu: FleetParQ Kassel
5904,81371,48.1167,11.5478,Bayern,BY,Kreisfreie Stadt München,9162.0,"(48.1167, 11.5478)",296858.9,635066.8,452338.1,404380.6,145381.3,579794.1,381395.7,108412.0,639035.4,620138.1,672175.9,62327.4,588898.0,533931.4,645564.7,479978.7
5905,81373,48.1171,11.5393,Bayern,BY,Kreisfreie Stadt München,9162.0,"(48.1171, 11.5393)",296614.2,635413.6,452684.9,404727.3,145136.6,580140.8,381151.0,108758.8,639382.1,620484.8,672522.7,62674.1,588653.2,534278.2,645911.5,480325.5
5906,81375,48.1188,11.4917,Bayern,BY,Kreisfreie Stadt München,9162.0,"(48.1188, 11.4917)",291119.2,656255.5,464332.8,427344.0,139641.5,591788.7,375656.0,120406.7,661998.8,643101.4,695139.3,74322.1,583158.2,555120.1,668528.1,501167.4
5907,81377,48.1204,11.5001,Bayern,BY,Kreisfreie Stadt München,9162.0,"(48.1204, 11.5001)",292062.5,657198.8,455529.1,428287.3,140584.8,582985.1,376599.3,111603.0,662942.1,644044.8,696082.6,65518.4,584101.5,556063.4,669471.4,502110.7
5908,81379,48.0988,11.5204,Bayern,BY,Kreisfreie Stadt München,9162.0,"(48.0988, 11.5204)",295486.7,640611.4,457882.6,431711.5,144009.0,585338.6,380023.5,113956.5,666366.3,647468.9,699506.8,67871.9,587525.7,539476.0,672895.6,485523.3
5909,81475,48.15,11.5833,Bayern,BY,Kreisfreie Stadt München,9162.0,"(48.15, 11.5833)",266682.5,629769.2,447040.5,399082.9,157249.2,574496.4,375205.2,103114.4,633737.7,614840.4,666878.3,57029.7,603522.7,528633.8,640267.1,474681.1
5910,81476,48.0844,11.4923,Bayern,BY,Kreisfreie Stadt München,9162.0,"(48.0844, 11.4923)",294579.8,659716.1,459139.7,430804.6,139478.1,586595.6,379116.6,115213.5,665459.4,646562.1,698599.9,69128.9,586618.8,558580.8,671988.7,504628.0
5911,81477,48.0834,11.5036,Bayern,BY,Kreisfreie Stadt München,9162.0,"(48.0834, 11.5036)",296632.0,641756.7,459028.0,432856.8,140774.2,586483.9,381168.8,115101.9,667511.6,648614.3,700652.2,69017.3,588671.1,540621.3,674041.0,486668.6
5912,81479,48.0915,11.5392,Bayern,BY,Kreisfreie Stadt München,9162.0,"(48.0915, 11.5392)",297825.0,638012.4,455283.7,434049.9,146347.4,582739.6,382361.8,111357.6,668704.7,649807.3,701845.2,65273.0,589864.1,536877.0,675234.0,482924.3
5913,81539,48.1102,11.5899,Bayern,BY,Kreisfreie Stadt München,9162.0,"(48.1102, 11.5899)",273070.4,636157.1,453428.4,405470.8,148437.7,580884.3,384452.2,109502.3,640125.6,621228.3,673266.2,63417.6,591954.4,535021.7,646655.0,481069.0
5914,81541,48.1159,11.5795,Bayern,BY,Kreisfreie Stadt München,9162.0,"(48.1159, 11.5795)",271343.6,634430.3,451701.6,403744.0,147690.2,579157.5,383704.7,107775.5,638398.8,619501.5,671539.4,61690.8,591206.9,533294.9,644928.2,479342.2
5915,81543,48.1203,11.5733,Bayern,BY,Kreisfreie Stadt München,9162.0,"(48.1203, 11.5733)",270993.2,634079.8,451351.1,403393.6,146641.1,578807.0,375569.2,107425.0,638048.4,619151.0,671188.9,61340.4,583071.5,532944.4,644577.7,478991.7
5916,81545,48.0827,11.5619,Bayern,BY,Kreisfreie Stadt München,9162.0,"(48.0827, 11.5619)",277303.4,640390.1,457661.4,409703.8,150740.0,585117.3,386754.4,113735.2,644358.6,625461.3,677499.2,67650.6,594256.7,539254.7,650888.0,485302.0
5917,81547,48.0982,11.5821,Bayern,BY,Kreisfreie Stadt München,9162.0,"(48.0982, 11.5821)",274748.9,637835.5,455106.8,407149.3,148609.5,582562.7,384623.9,111180.7,641804.1,622906.7,674944.6,65096.1,592126.2,536700.1,648333.4,482747.4
5918,81549,48.1089,11.6074,Bayern,BY,Kreisfreie Stadt München,9162.0,"(48.1089, 11.6074)",272185.6,635272.3,452543.6,404586.0,149850.7,579999.5,385865.2,108617.5,639240.9,620343.5,672381.4,62532.9,609025.8,534136.9,645770.2,480184.2
5919,81667,48.1285,11.5975,Bayern,BY,Kreisfreie Stadt München,9162.0,"(48.1285, 11.5975)",269842.6,632929.3,450200.6,402243.0,149179.6,577656.5,377925.2,106274.4,636897.8,618000.5,670038.4,60189.8,606682.8,531793.9,643427.1,477841.2
5920,81669,48.1226,11.6035,Bayern,BY,Kreisfreie Stadt München,9162.0,"(48.1226, 11.6035)",270920.3,634006.9,451278.2,403320.7,149825.6,578734.1,378571.2,107352.1,637975.5,619078.1,671116.0,61267.5,607760.5,532871.5,644504.8,478918.8
5921,81671,48.1223,11.6205,Bayern,BY,Kreisfreie Stadt München,9162.0,"(48.1223, 11.6205)",270285.6,633372.3,450643.6,402686.0,152326.1,578099.5,388901.9,106717.5,637340.9,618443.5,670481.4,60632.9,607125.8,532236.9,643870.2,478284.2
5922,81673,48.1265,11.6317,Bayern,BY,Kreisfreie Stadt München,9162.0,"(48.1265, 11.6317)",270635.4,633722.1,450993.3,403035.8,171295.6,578449.3,389251.7,107067.2,637690.6,618793.3,670831.1,60982.6,607475.6,532586.7,644219.9,478633.9
5923,81675,48.1352,11.6039,Bayern,BY,Kreisfreie Stadt München,9162.0,"(48.1352, 11.6039)",269556.0,632642.7,449914.0,401956.4,149608.7,577369.9,377447.0,105987.8,636611.2,617713.9,669751.8,59903.2,606396.2,531507.3,643140.5,477554.6
5924,81677,48.1381,11.6147,Bayern,BY,Kreisfreie Stadt München,9162.0,"(48.1381, 11.6147)",268677.3,631764.0,449035.2,401077.7,169337.5,576491.2,387293.6,105109.1,635732.5,616835.2,668873.1,59024.5,605517.5,530628.6,642261.8,476675.8
5925,81679,48.1512,11.6103,Bayern,BY,Kreisfreie Stadt München,9162.0,"(48.1512, 11.6103)",266983.2,630069.9,447341.2,399383.6,167643.4,574797.1,385599.5,103415.1,634038.4,615141.1,667179.0,57330.4,603823.4,528934.5,640567.8,474981.8
5926,81735,48.1134,11.6466,Bayern,BY,Kreisfreie Stadt München,9162.0,"(48.1134, 11.6466)",280538.4,643625.1,460896.4,412938.8,154249.1,588352.3,399392.7,116970.2,647593.6,628696.3,680734.2,70885.6,617378.6,542489.7,654122.9,488537.0
5927,81737,48.1098,11.6183,Bayern,BY,Kreisfreie Stadt München,9162.0,"(48.1098, 11.6183)",271772.1,634858.7,452130.0,404172.5,151063.6,579586.0,390388.4,108203.9,638827.3,619930.0,671967.8,62119.3,608612.3,533723.4,645356.6,479770.6
5928,81739,48.15,11.5833,Bayern,BY,Kreisfreie Stadt München,9162.0,"(48.15, 11.5833)",266682.5,629769.2,447040.5,399082.9,157249.2,574496.4,375205.2,103114.4,633737.7,614840.4,666878.3,57029.7,603522.7,528633.8,640267.1,474681.1
5929,81825,48.118,11.6612,Bayern,BY,Kreisfreie Stadt München,9162.0,"(48.118, 11.6612)",279249.8,642336.4,459607.7,411650.2,180148.0,587063.7,398104.0,115681.6,646305.0,627407.6,679445.5,69597.0,616090.0,541201.0,652834.3,487248.3
5930,81827,48.1147,11.6972,Bayern,BY,Kreisfreie Stadt München,9162.0,"(48.1147, 11.6972)",278944.3,642031.0,459302.3,411344.7,179842.5,586758.2,397798.6,115376.2,645999.5,627102.2,679140.1,69291.5,615784.5,540895.6,652528.9,486942.9
5931,81829,48.1404,11.6802,Bayern,BY,Kreisfreie Stadt München,9162.0,"(48.1404, 11.6802)",275799.0,638885.7,456157.0,408199.4,176697.3,583612.9,394653.3,112230.9,642854.3,623956.9,675994.8,66146.3,612639.2,537750.3,649383.6,483797.6
5932,81925,48.1642,11.6218,Bayern,BY,Kreisfreie Stadt München,9162.0,"(48.1642, 11.6218)",265667.6,628754.3,446025.6,398068.0,166327.8,573481.5,384283.9,102099.5,632722.8,613825.5,665863.4,56014.9,602507.8,527618.9,639252.2,473666.2
5933,81927,48.1611,11.6394,Bayern,BY,Kreisfreie Stadt München,9162.0,"(48.1611, 11.6394)",267148.3,630235.0,447506.3,399548.7,167808.5,574962.2,385764.6,103580.1,634203.5,615306.2,667344.1,57495.5,603988.5,529099.6,640732.9,475146.9
5934,81929,48.1408,11.6366,Bayern,BY,Kreisfreie Stadt München,9162.0,"(48.1408, 11.6366)",279183.8,642270.4,459541.7,411584.2,180082.0,586997.6,398038.0,115615.6,646239.0,627341.6,679379.5,69531.0,616023.9,541135.0,652768.3,487182.3
5935,82008,48.066,11.6156,Bayern,BY,Landkreis München,9184.0,"(48.066, 11.6156)",292256.2,655342.8,472614.1,424656.6,153627.9,600070.1,389642.3,128688.0,659311.4,640414.1,692451.9,82603.4,629096.4,554207.4,665840.7,500254.7
5936,82024,48.0486,11.617,Bayern,BY,Landkreis München,9184.0,"(48.0486, 11.617)",291265.5,654352.1,471623.4,423665.9,156699.5,599079.3,410119.7,127697.3,658320.7,639423.3,691461.2,81612.7,628105.6,553216.7,664850.0,499264.0
5937,82031,48.0395,11.5232,Bayern,BY,Landkreis München,9184.0,"(48.0395, 11.5232)",296816.0,659902.6,477173.9,429216.4,147399.4,604629.8,389018.5,133247.8,663871.2,644973.8,697011.7,87163.2,633656.1,558767.2,670400.5,504814.5
5938,82041,48.0245,11.5974,Bayern,BY,Landkreis München,9184.0,"(48.0245, 11.5974)",291721.1,654807.7,472079.0,424121.5,157476.2,599534.9,410575.3,128152.9,658776.3,639878.9,691916.8,82068.3,628561.3,553672.3,665305.6,499719.6
5939,82049,48.0612,11.5215,Bayern,BY,Landkreis München,9184.0,"(48.0612, 11.5215)",300317.3,643962.5,461233.8,436542.2,143235.1,588689.7,384854.1,117307.7,671197.0,652299.6,704337.5,71223.1,592356.4,542827.1,677726.3,488874.4
5940,82054,47.9586,11.5674,Bayern,BY,Landkreis München,9184.0,"(47.9586, 11.5674)",299873.4,662960.0,480231.3,432273.8,165628.5,607687.2,418727.6,136305.2,666928.6,648031.2,700069.1,90220.6,636713.6,561824.6,673457.9,507871.9
5941,82057,47.95,11.4333,Bayern,BY,Landkreis Bad Tölz-Wolfratshausen,9173.0,"(47.95, 11.4333)",314033.0,679169.4,478588.9,450257.8,152711.4,606044.8,398569.8,134662.8,684912.6,666015.3,718053.2,88578.2,606072.0,578034.0,691441.9,524081.3
5942,82061,48.0932,11.4656,Bayern,BY,Landkreis München,9184.0,"(48.0932, 11.4656)",293152.8,658289.2,466366.5,429377.6,137223.5,593822.4,377689.6,122440.3,664032.4,645135.1,697173.0,76355.7,585191.8,557153.8,670561.8,503201.1
5943,82064,48.0049,11.5141,Bayern,BY,Landkreis München,9184.0,"(48.0049, 11.5141)",300823.2,663909.8,481181.1,433223.6,151259.8,608637.0,392878.9,137255.0,667878.4,648981.0,701018.9,91170.4,637663.4,562774.4,674407.7,508821.7
5944,82065,48.0203,11.4869,Bayern,BY,Landkreis München,9184.0,"(48.0203, 11.4869)",305382.1,665302.6,482573.9,434616.3,151664.6,610029.8,389918.9,138647.8,669271.2,650373.8,702411.7,92563.2,597421.1,564167.2,675800.5,510214.5
5945,82067,47.9889,11.4434,Bayern,BY,Landkreis München,9184.0,"(47.9889, 11.4434)",308643.4,673779.8,473199.4,444868.3,147321.9,600655.3,393180.2,129273.3,679523.1,660625.7,712663.6,83188.6,600682.5,572644.4,686052.4,518691.7
5946,82069,47.9903,11.4559,Bayern,BY,Landkreis München,9184.0,"(47.9903, 11.4559)",308853.0,673989.4,473409.0,445077.9,147531.5,600864.9,393389.8,129482.9,679732.7,660835.3,712873.2,83398.2,600892.1,572854.0,686262.0,518901.3
5947,82110,48.1339,11.3765,Bayern,BY,Fürstenfeldbruck,9179.0,"(48.1339, 11.3765)",285263.6,650400.0,458477.3,421488.5,132850.6,585933.2,369800.4,114551.2,656143.3,637245.9,689283.8,68466.6,577302.7,549264.6,662672.6,495311.9
5948,82131,48.0692,11.377,Bayern,BY,Starnberg,9188.0,"(48.0692, 11.377)",292413.7,657550.0,465627.3,428638.5,132095.2,593083.3,376950.5,121701.2,663293.3,644396.0,696433.8,75616.6,584452.7,556414.6,669822.6,502461.9
5949,82140,48.2,11.3333,Bayern,BY,Fürstenfeldbruck,9179.0,"(48.2, 11.3333)",274287.6,639424.0,461736.7,410512.4,140868.3,589192.6,358824.4,117810.6,645167.2,626269.9,678307.8,71726.0,566326.7,538288.6,651696.6,484335.9
5950,82152,48.10335,11.4124,Bayern,BY,Starnberg,9188.0,"(48.10335, 11.4124)",289577.3,654713.7,462791.0,425802.1,133774.3,590246.9,374114.1,118864.9,660457.0,641559.6,693597.5,72780.2,581616.4,553578.3,666986.3,499625.6
5951,82166,48.1188,11.4294,Bayern,BY,Landkreis München,9184.0,"(48.1188, 11.4294)",289686.7,654823.1,462900.4,425911.5,135186.0,590356.3,374223.5,118974.3,660566.3,641669.0,693706.9,72889.6,581725.8,553687.7,667095.7,499735.0
5952,82178,48.15,11.35,Bayern,BY,Fürstenfeldbruck,9179.0,"(48.15, 11.35)",285773.2,650909.6,458986.9,421998.1,135734.2,586442.8,370310.0,115060.8,656652.9,637755.5,689793.4,68976.2,577812.3,549774.2,663182.2,495821.5
5953,82194,48.2,11.3667,Bayern,BY,Fürstenfeldbruck,9179.0,"(48.2, 11.3667)",274989.4,640125.8,452101.9,411214.2,141570.2,579557.8,359526.2,108175.8,645869.1,626971.7,679009.6,62091.2,567028.5,538990.4,652398.4,485037.7
5954,82205,48.1075,11.2936,Bayern,BY,Starnberg,9188.0,"(48.1075, 11.2936)",294202.7,659339.0,467416.3,430427.5,124437.0,594872.3,378739.5,123490.2,665082.3,646185.0,698222.8,77405.6,586241.7,558203.6,671611.6,504250.9
5955,82211,47.9989,11.1768,Bayern,BY,Starnberg,9188.0,"(47.9989, 11.1768)",302588.4,667724.8,484714.8,438813.2,124292.0,612170.7,387125.2,140788.7,673468.1,654570.7,706608.6,94704.0,594627.5,566589.4,679997.4,512636.7
5956,82216,48.2167,11.2667,Bayern,BY,Fürstenfeldbruck,9179.0,"(48.2167, 11.2667)",268779.7,633916.1,463833.7,405004.5,135360.4,591289.6,353316.5,119907.6,639659.3,620762.0,672799.9,73823.0,560818.7,532780.7,646188.6,478828.0
5957,82223,48.1667,11.3167,Bayern,BY,Fürstenfeldbruck,9179.0,"(48.1667, 11.3167)",277915.8,643052.2,463575.4,414140.6,133341.0,591031.3,362452.6,119649.3,648795.4,629898.1,681936.0,73564.6,569954.8,541916.8,655324.7,487964.1
5958,82229,48.0351,11.214,Bayern,BY,Starnberg,9188.0,"(48.0351, 11.214)",297990.3,663126.7,480116.6,434215.1,122085.5,607572.6,382527.1,136190.5,668869.9,649972.6,702010.5,90105.9,590029.3,561991.3,675399.2,508038.6
5959,82234,48.0745,11.2482,Bayern,BY,Starnberg,9188.0,"(48.0745, 11.2482)",297791.9,662928.3,471005.6,434016.8,121962.3,598461.5,382328.7,127079.5,668671.6,649774.2,701812.1,80994.9,589831.0,561792.9,675200.9,507840.2
5960,82237,48.0725,11.2017,Bayern,BY,Starnberg,9188.0,"(48.0725, 11.2017)",293258.1,658394.5,475482.8,429482.9,117353.2,602938.7,377794.9,131556.6,664137.7,645240.4,697278.2,85472.0,585297.1,557259.1,670667.0,503306.3
5961,82239,48.1403,11.3014,Bayern,BY,Fürstenfeldbruck,9179.0,"(48.1403, 11.3014)",290570.7,655707.1,463784.4,426795.5,129262.4,591240.3,375107.5,119858.3,661450.3,642553.0,694590.9,73773.6,582609.8,554571.7,667979.7,500619.0
5962,82256,48.179,11.2547,Bayern,BY,Fürstenfeldbruck,9179.0,"(48.179, 11.2547)",278836.4,643972.8,466285.6,415061.3,127016.1,593741.5,363373.2,122359.4,649716.1,630818.7,682856.6,76274.8,570875.5,542837.4,656245.4,488884.7
5963,82266,48.0764,11.1523,Bayern,BY,Starnberg,9188.0,"(48.0764, 11.1523)",293975.8,659112.1,478797.5,430200.6,112837.5,606253.5,378512.6,134871.4,664855.4,645958.1,697995.9,88786.8,586014.8,557976.7,671384.7,504024.0
5964,82269,48.1174,11.0322,Bayern,BY,Landkreis Landsberg am Lech,9181.0,"(48.1174, 11.0322)",273706.7,638843.1,485699.6,409931.5,107224.5,613155.5,358243.5,141773.5,644586.3,625689.0,677726.9,95688.8,565745.8,537707.7,651115.7,483755.0
5965,82272,48.1556,11.0785,Bayern,BY,Fürstenfeldbruck,9179.0,"(48.1556, 11.0785)",268731.9,633868.3,479624.5,404956.7,111306.3,607080.4,353268.7,135698.3,639611.5,620714.2,672752.1,89613.7,560770.9,532732.9,646140.9,478780.2
5966,82275,48.1833,11.2833,Bayern,BY,Fürstenfeldbruck,9179.0,"(48.1833, 11.2833)",277288.3,642424.7,464737.4,413513.1,143869.1,592193.4,361825.1,120811.3,648168.0,629270.6,681308.5,74726.7,569327.4,541289.3,654697.3,487336.6
5967,82276,48.1833,11.1167,Bayern,BY,Fürstenfeldbruck,9179.0,"(48.1833, 11.1167)",271318.1,636454.5,476825.1,407542.9,116454.9,604281.0,355854.9,132898.9,642197.8,623300.4,675338.3,86814.3,563357.2,535319.1,648727.1,481366.4
5968,82278,48.2333,11.0667,Bayern,BY,Fürstenfeldbruck,9179.0,"(48.2333, 11.0667)",257796.5,622932.8,463604.6,394021.3,124377.2,591060.5,342333.3,138265.6,628676.1,609778.8,661816.6,92180.9,549835.5,521797.4,635205.4,467844.7
5969,82279,48.0833,11.1167,Bayern,BY,Landkreis Landsberg am Lech,9181.0,"(48.0833, 11.1167)",298717.5,663853.8,481531.5,434942.3,109753.7,608987.4,383494.4,137605.4,669597.1,650699.7,702737.6,91520.8,590996.6,562718.4,676126.4,508765.7
5970,82281,48.2833,11.1667,Bayern,BY,Fürstenfeldbruck,9179.0,"(48.2833, 11.1667)",259769.5,624905.9,455226.3,395994.4,126350.3,582682.2,344306.3,130519.5,630649.2,611751.8,663789.7,84434.9,551808.6,523770.5,637178.5,469817.8
5971,82284,48.1167,11.1667,Bayern,BY,Fürstenfeldbruck,9179.0,"(48.1167, 11.1667)",289673.5,654809.9,477122.6,425898.3,117174.7,604578.6,374210.3,133196.5,660553.1,641655.8,693693.7,87111.9,581712.6,553674.5,667082.5,499721.8
5972,82285,48.2223,11.1155,Bayern,BY,Fürstenfeldbruck,9179.0,"(48.2223, 11.1155)",266870.5,632006.9,477072.1,403095.3,133451.3,604528.0,351407.3,133145.9,637750.2,618852.8,670890.7,87061.3,558909.6,530871.5,644279.5,476918.8
5973,82287,48.1667,11.1333,Bayern,BY,Fürstenfeldbruck,9179.0,"(48.1667, 11.1333)",275125.9,640262.3,474493.4,411350.8,120058.7,601949.4,359662.7,130567.3,646005.6,627108.2,679146.1,84482.7,567165.0,539126.9,652534.9,485174.2
5974,82288,48.1167,11.1333,Bayern,BY,Fürstenfeldbruck,9179.0,"(48.1167, 11.1333)",291040.9,656177.3,478490.1,427265.8,114199.0,605946.0,375577.7,134563.9,661920.6,643023.2,695061.1,88479.3,583080.0,555041.9,668449.9,501089.2
5975,82290,48.1667,11.1667,Bayern,BY,Fürstenfeldbruck,9179.0,"(48.1667, 11.1667)",285043.1,650179.5,472492.3,421268.0,122743.9,599948.2,369579.9,128566.1,655922.8,637025.4,689063.3,82481.5,577082.2,549044.1,662452.1,495091.4
5976,82291,48.2084,11.1633,Bayern,BY,Fürstenfeldbruck,9179.0,"(48.2084, 11.1633)",271165.3,636301.7,472477.9,407390.1,125477.1,599933.8,355702.1,128551.8,642044.9,623147.6,675185.5,82467.2,563204.3,535166.3,648574.2,481213.6
5977,82293,48.25,11.1,Bayern,BY,Fürstenfeldbruck,9179.0,"(48.25, 11.1)",264065.8,629202.2,459522.6,400290.6,130646.5,586978.5,348602.6,139856.8,634945.4,616048.1,668086.0,93772.2,556104.8,528066.8,641474.8,474114.1
5978,82294,48.2382,11.1557,Bayern,BY,Fürstenfeldbruck,9179.0,"(48.2382, 11.1557)",265774.1,630910.5,476008.6,401999.0,132354.9,603464.6,350310.9,132082.5,636653.8,617756.4,669794.3,85997.9,557813.2,529775.1,643183.1,475822.4
5979,82296,48.1413,11.204,Bayern,BY,Fürstenfeldbruck,9179.0,"(48.1413, 11.204)",284690.8,649827.2,472139.9,420915.6,121598.3,599595.8,369227.6,128213.8,655570.4,636673.1,688711.0,82129.2,576729.8,548691.8,662099.7,494739.1
5980,82297,48.2167,11.0,Bayern,BY,Landkreis Aichach-Friedberg,9771.0,"(48.2167, 11.0)",256012.1,621148.5,463396.5,392236.9,117298.4,590852.4,340548.9,142886.8,626891.7,607994.4,660032.3,96802.2,548051.2,520013.1,633421.1,466060.4
5981,82299,48.1053,11.083,Bayern,BY,Fürstenfeldbruck,9179.0,"(48.1053, 11.083)",274727.1,639863.4,483005.6,410951.9,112433.1,610461.5,359263.9,139079.5,645606.7,626709.4,678747.2,92994.8,566766.1,538728.0,652136.0,484775.3
5982,82319,48.0019,11.3442,Bayern,BY,Starnberg,9188.0,"(48.0019, 11.3442)",304343.0,669479.3,477556.6,440567.8,136843.8,605012.6,388879.8,133630.5,675222.6,656325.3,708363.1,87545.9,596382.0,568343.9,681751.9,514391.2
5983,82327,47.9094,11.2803,Bayern,BY,Starnberg,9188.0,"(47.9094, 11.2803)",318737.5,683873.9,491951.2,454962.3,151238.4,619407.1,403274.3,148025.0,689617.1,670719.8,722757.7,101940.4,610776.5,582738.5,696146.5,528785.8
5984,82335,47.9674,11.3545,Bayern,BY,Starnberg,9188.0,"(47.9674, 11.3545)",309967.9,675104.3,477376.3,446192.8,142468.8,604832.2,394504.7,133450.1,680847.6,661950.2,713988.1,87365.5,602007.0,573968.9,687376.9,520016.2
5985,82340,47.946,11.2933,Bayern,BY,Starnberg,9188.0,"(47.946, 11.2933)",312666.0,677802.3,485879.6,448890.8,145166.8,613335.6,397202.8,141953.5,683545.6,664648.3,716686.1,95868.9,604705.0,576667.0,690074.9,522714.2
