,zipcode,lat,long,state,state_code,community_name,community_code,coor,AKB Kitzingen,AKB Dortmund,AKB Zörbig,AKB Schöneck,AKB Buch,Mosolf Etzin,Mosolf Kippenheim,BLG Kelheim,BLG Duisburg,BLG Neuss,Carservice Erkens,ARS Altmann Wolnzach,CAT Zülpich,Autohaus Siebrecht,Neu: FleetParQ Essen ,Neu: FleetParQ Kassel
820,14482,52.3871,13.0993,Brandenburg,BB,Kreisfreie Stadt Potsdam,12054.0,"(52.3871, 13.0993)",476613.0,469609.7,128582.6,525258.2,614055.0,27943.0,746667.7,480496.9,533195.9,540466.1,560169.9,513263.6,587054.6,323580.9,500250.0,356963.8
821,14513,52.4031,13.2601,Brandenburg,BB,Landkreis Potsdam-Mittelmark,12069.0,"(52.4031, 13.2601)",481602.8,474599.5,133572.4,530248.0,619044.8,42521.9,751657.5,485486.7,538185.7,545455.9,565159.7,518253.4,592044.4,328570.7,505239.8,361953.6
822,14532,52.35184,13.18208,Brandenburg,BB,Landkreis Potsdam-Mittelmark,12069.0,"(52.35184, 13.18208)",472388.3,465384.9,124357.9,521033.5,609830.3,38103.5,742443.0,476272.1,528971.1,536241.4,555945.2,509038.8,582829.9,319356.2,496025.3,352739.0
823,14542,52.3449,12.851166666666666,Brandenburg,BB,Landkreis Potsdam-Mittelmark,12069.0,"(52.3449, 12.851166666666666)",460253.1,446688.9,112222.7,508898.3,597695.1,45718.5,730307.8,464137.0,510275.2,517545.4,537249.2,496903.7,564133.9,300660.2,477329.3,334043.1
824,14547,52.24155,13.0253,Brandenburg,BB,Landkreis Potsdam-Mittelmark,12069.0,"(52.24155, 13.0253)",453725.9,457751.1,105695.5,502371.1,591167.9,56780.6,723780.6,457609.8,521337.3,528607.5,548311.4,490376.5,575196.1,311722.3,488391.4,334258.6
825,14548,52.3389,12.9722,Brandenburg,BB,Landkreis Potsdam-Mittelmark,12069.0,"(52.3389, 12.9722)",462958.5,451030.2,114928.1,511603.7,600400.4,34878.3,733013.1,466842.3,514616.4,521886.6,541590.5,499609.0,568475.2,305001.4,481670.5,338384.3
826,14550,52.417316666666665,12.79735,Brandenburg,BB,Landkreis Potsdam-Mittelmark,12069.0,"(52.417316666666665, 12.79735)",470382.9,440208.4,122352.5,519028.1,607824.9,30157.6,740437.6,474266.8,503794.6,511064.8,530768.7,507033.5,557653.4,294179.7,470848.8,327562.5
827,14552,52.2906,13.082400000000002,Brandenburg,BB,Landkreis Potsdam-Mittelmark,12069.0,"(52.2906, 13.082400000000002)",468195.4,461192.1,120165.0,516840.6,605637.4,45687.1,738250.1,472079.3,524778.3,532048.5,551752.4,504846.0,578637.1,315163.3,491832.4,348546.2
828,14554,52.2722,13.0167,Brandenburg,BB,Landkreis Potsdam-Mittelmark,12069.0,"(52.2722, 13.0167)",459100.5,452097.1,111070.1,507745.7,596542.4,51126.7,729155.1,462984.3,515683.3,522953.5,542657.4,495751.0,569542.1,306068.3,482737.5,339451.2
829,14558,52.3472,13.1053,Brandenburg,BB,Landkreis Potsdam-Mittelmark,12069.0,"(52.3472, 13.1053)",467742.7,460739.3,119712.3,516387.9,605184.7,31460.4,737797.4,471626.5,524325.5,531595.8,551299.6,504393.2,578184.3,314710.6,491379.7,348093.4
830,14612,52.5601,13.0927,Brandenburg,BB,Landkreis Havelland,12063.0,"(52.5601, 13.0927)",498624.1,474048.3,150593.7,547269.3,636066.1,32863.5,768678.8,502508.0,537634.5,544904.7,564608.6,535274.7,591493.3,328019.5,504688.6,361402.4
831,14621,52.6192,13.1265,Brandenburg,BB,Landkreis Havelland,12063.0,"(52.6192, 13.1265)",504610.9,480035.1,156580.5,553256.1,642052.9,34479.0,774665.6,508494.8,543621.3,550891.5,570595.4,541261.5,597480.1,334006.3,510675.4,367389.2
832,14624,52.5427,13.0584,Brandenburg,BB,Landkreis Havelland,12063.0,"(52.5427, 13.0584)",493690.5,469114.7,145660.1,542335.7,631132.5,27929.9,763745.2,497574.4,532700.9,539971.1,559675.0,530341.1,586559.7,323086.0,499755.1,356468.8
833,14641,52.61727931034483,12.84356551724138,Brandenburg,BB,Landkreis Havelland,12063.0,"(52.61727931034483, 12.84356551724138)",500903.1,476327.3,152872.7,549548.3,638345.0,20721.5,770957.7,504786.9,539913.5,547183.7,566887.5,537553.6,593772.2,330298.5,506967.6,363681.4
834,14656,52.5833,13.0,Brandenburg,BB,Landkreis Havelland,12063.0,"(52.5833, 13.0)",492602.0,468026.2,144571.6,541247.2,630044.0,22470.1,762656.7,496485.8,531612.4,538882.6,558586.5,529252.6,585471.2,321997.4,498666.5,355380.3
835,14662,52.711,12.614925,Brandenburg,BB,Landkreis Havelland,12063.0,"(52.711, 12.614925)",522523.9,461572.7,174493.5,571169.1,659965.9,42342.3,792578.6,526407.8,525158.9,532429.1,552133.0,559174.5,579017.7,315543.9,492213.1,348926.8
836,14669,52.4809,12.8149,Brandenburg,BB,Landkreis Havelland,12063.0,"(52.4809, 12.8149)",491152.3,466576.5,143121.9,539797.5,628594.3,0.0,761207.0,495036.1,530162.7,537432.9,557136.8,527802.8,584021.5,320547.7,497216.8,353930.6
837,14712,52.6066,12.337,Brandenburg,BB,Landkreis Havelland,12063.0,"(52.6066, 12.337)",514816.2,436313.4,166785.8,507629.5,652258.1,47904.3,733512.4,518700.0,499899.6,507169.8,526873.7,551466.7,553758.4,290284.6,466953.7,323667.5
838,14715,52.585464,12.436656,Brandenburg,BB,Landkreis Havelland,12063.0,"(52.585464, 12.436656)",507472.1,443685.3,159441.7,515001.3,644914.0,41163.7,740884.3,511355.9,507271.5,514541.7,534245.6,544122.6,561130.3,297656.5,474325.6,331039.4
839,14727,52.527,12.35835,Brandenburg,BB,Landkreis Havelland,12063.0,"(52.527, 12.35835)",504528.7,434393.0,156498.3,505709.1,641970.6,47745.6,731592.0,508412.5,497979.2,505249.5,524953.3,541179.2,551838.0,288364.3,465033.4,321747.1
840,14728,52.732325,12.37465,Brandenburg,BB,Landkreis Havelland,12063.0,"(52.732325, 12.37465)",542371.9,452617.6,194341.6,523933.6,679813.9,62190.4,749816.6,546255.8,516203.8,523474.0,543177.8,579022.5,570062.5,306588.8,483257.9,339971.7
841,14770,52.4189,12.5228,Brandenburg,BB,Kreisfreie Stadt Brandenburg an der Havel,12051.0,"(52.4189, 12.5228)",485559.5,423625.1,137529.1,494941.1,623001.5,26122.6,720824.1,489443.3,487211.3,494481.5,514185.4,522210.0,541070.1,277596.3,454265.4,310979.2
842,14772,52.4358,12.5297,Brandenburg,BB,Kreisfreie Stadt Brandenburg an der Havel,12051.0,"(52.4358, 12.5297)",487364.4,425430.0,139334.0,496746.0,624806.4,26630.1,722629.0,491248.2,489016.2,496286.4,515990.3,524014.9,542875.0,279401.2,456070.3,312784.1
843,14774,52.3864,12.4144,Brandenburg,BB,Kreisfreie Stadt Brandenburg an der Havel,12051.0,"(52.3864, 12.4144)",458606.2,414778.7,110575.8,486094.7,596048.1,37120.6,711977.7,462490.0,478364.9,485635.1,505339.0,495256.7,532223.7,268749.9,445419.0,302132.8
844,14776,52.4043,12.568,Brandenburg,BB,Kreisfreie Stadt Brandenburg an der Havel,12051.0,"(52.4043, 12.568)",481147.8,426640.3,133117.4,497956.3,618589.8,23877.1,723839.3,485031.7,490226.5,497496.7,517200.6,517798.4,544085.3,280611.5,457280.6,313994.4
845,14778,52.35946470588235,12.616252941176471,Brandenburg,BB,Landkreis Potsdam-Mittelmark,12069.0,"(52.35946470588235, 12.616252941176471)",472780.3,423736.5,124749.9,495052.5,610222.2,46773.6,720935.4,476664.1,487322.7,494592.9,514296.7,509430.8,541181.4,277707.7,454376.8,311090.6
846,14789,52.37086666666666,12.358833333333331,Brandenburg,BB,Landkreis Potsdam-Mittelmark,12069.0,"(52.37086666666666, 12.358833333333331)",453291.3,409463.8,105260.9,480779.9,590733.3,45188.2,706662.8,457175.2,473050.0,480320.3,500024.1,489941.9,526908.8,263435.1,440104.2,296818.0
847,14793,52.2265,12.363725,Brandenburg,BB,Landkreis Potsdam-Mittelmark,12069.0,"(52.2265, 12.363725)",434794.9,408471.0,86764.5,483440.1,572236.9,81066.4,704849.6,438678.7,472057.2,479327.4,499031.3,471445.5,525916.0,262442.2,439111.3,295825.1
848,14797,52.3271,12.6625,Brandenburg,BB,Landkreis Potsdam-Mittelmark,12069.0,"(52.3271, 12.6625)",470865.9,427293.5,122835.5,498609.6,608307.9,44859.2,740920.6,474749.8,490879.8,498150.0,517853.8,507516.5,544738.5,281264.8,457933.9,314647.7
849,14798,52.4929,12.4667,Brandenburg,BB,Landkreis Potsdam-Mittelmark,12069.0,"(52.4929, 12.4667)",495692.9,433758.5,147662.5,505074.6,633134.9,34958.6,730957.5,499576.8,497344.7,504614.9,524318.8,532343.5,551203.5,287729.8,464398.9,321112.6
850,14806,52.141275,12.605875,Brandenburg,BB,Landkreis Potsdam-Mittelmark,12069.0,"(52.141275, 12.605875)",429685.7,423765.8,81655.3,478330.9,567127.7,79088.5,699740.4,433569.6,487352.0,494622.2,514326.0,466336.3,541210.7,277737.0,454406.1,310218.4
851,14822,52.20591666666667,12.78605,Brandenburg,BB,Landkreis Potsdam-Mittelmark,12069.0,"(52.20591666666667, 12.78605)",437346.1,444421.1,89315.7,485991.3,574788.1,58680.6,707400.8,441230.0,508007.3,515277.5,534981.3,473996.7,561866.0,298392.3,475061.4,317878.8
852,14823,52.0686,12.6805,Brandenburg,BB,Landkreis Potsdam-Mittelmark,12069.0,"(52.0686, 12.6805)",424413.3,435411.8,76382.9,473058.5,561855.3,74812.6,694468.0,428297.2,498998.0,506268.3,525972.1,461063.9,552856.8,309175.4,466052.2,304946.0
853,14827,52.1146,12.4553,Brandenburg,BB,Landkreis Potsdam-Mittelmark,12069.0,"(52.1146, 12.4553)",417973.8,415602.1,69943.4,466619.0,555415.8,90089.7,688028.5,421857.6,479188.3,486458.5,506162.4,454624.3,533047.1,269573.3,446242.4,298506.4
854,14828,52.1718,12.3751,Brandenburg,BB,Landkreis Potsdam-Mittelmark,12069.0,"(52.1718, 12.3751)",426147.6,406578.8,78117.2,474792.8,563589.5,76520.3,696202.2,430031.4,470165.0,477435.2,497139.1,462798.1,524023.8,260550.0,437219.2,293932.9
855,14913,51.94417777777778,13.232044444444444,Brandenburg,BB,Landkreis Teltow-Fläming,12072.0,"(51.94417777777778, 13.232044444444444)",473746.8,504879.7,125716.5,522392.0,611188.8,103909.3,743801.5,477630.7,568466.0,575736.2,595440.0,510397.4,622324.7,358851.0,535520.1,354279.5
856,14929,52.0975,12.8726,Brandenburg,BB,Landkreis Potsdam-Mittelmark,12069.0,"(52.0975, 12.8726)",440703.0,473077.7,92672.6,489348.2,578145.0,72107.3,710757.7,444586.8,536664.0,543934.2,563638.0,477353.5,590522.7,327049.0,503718.1,321235.6
857,14943,52.14416666666667,13.142633333333334,Brandenburg,BB,Landkreis Teltow-Fläming,12072.0,"(52.14416666666667, 13.142633333333334)",476520.2,487440.8,128489.8,525165.4,613962.2,86470.4,746574.9,480404.1,551027.0,558297.3,578001.1,513170.8,604885.8,341412.1,518081.2,357052.9
858,14947,52.1116,13.2152,Brandenburg,BB,Landkreis Teltow-Fläming,12072.0,"(52.1116, 13.2152)",478067.0,495305.7,130036.6,526712.2,615509.0,73761.1,748121.7,481950.8,558891.9,566162.1,585866.0,514717.5,612750.7,349276.9,525946.0,358599.6
859,14959,52.2149,13.1857,Brandenburg,BB,Landkreis Teltow-Fläming,12072.0,"(52.2149, 13.1857)",465632.4,476026.5,117602.0,514277.6,603074.4,75056.1,735687.1,469516.3,539612.8,546883.0,566586.8,502283.0,593471.5,329997.8,506666.9,346165.1
860,14974,52.2779,13.2468,Brandenburg,BB,Landkreis Teltow-Fläming,12072.0,"(52.2779, 13.2468)",474760.7,467757.3,126730.3,523405.9,612202.7,66786.9,744815.4,478644.6,531343.6,538613.8,558317.6,511411.3,585202.3,321728.6,498397.7,355111.5
861,14979,52.3586,13.3099,Brandenburg,BB,Landkreis Teltow-Fläming,12072.0,"(52.3586, 13.3099)",483030.1,476026.7,134999.7,531675.3,620472.1,44656.7,753084.8,486913.9,539613.0,546883.2,566587.0,519680.6,593471.7,329998.0,506667.1,363380.9
862,15230,52.3475,14.5539,Brandenburg,BB,Frankfurt (Oder),12053.0,"(52.3475, 14.5539)",566856.2,559852.8,218825.8,615501.4,704298.2,158882.4,836910.9,570740.0,623439.1,630709.3,650413.1,603506.7,677297.8,413824.1,590493.2,447207.0
863,15232,52.3241,14.5325,Brandenburg,BB,Frankfurt (Oder),12053.0,"(52.3241, 14.5325)",563162.5,556159.2,215132.1,611807.7,700604.5,155188.7,833217.2,567046.4,619745.4,627015.6,646719.5,599813.1,673604.2,410130.4,586799.5,443513.3
864,15234,52.3646,14.5244,Brandenburg,BB,Frankfurt (Oder),12053.0,"(52.3646, 14.5244)",568577.9,561574.6,220547.5,617223.1,706019.9,160604.1,838632.6,572461.8,625160.8,632431.0,652134.9,605228.5,679019.6,415545.8,592214.9,448928.7
865,15236,52.3573,14.404942857142856,Brandenburg,BB,Frankfurt (Oder),12053.0,"(52.3573, 14.404942857142856)",556543.2,549539.9,208512.8,605188.4,693985.2,148569.4,826597.9,560427.1,613126.1,620396.3,640100.2,593193.8,666984.9,403511.1,580180.2,436894.0
866,15295,52.236325,14.5797375,Brandenburg,BB,Landkreis Oder-Spree,12067.0,"(52.236325, 14.5797375)",573119.3,566115.9,225088.9,621764.5,710561.3,165145.5,843174.0,577003.2,629702.2,636972.4,656676.2,609769.9,683560.9,420087.2,596756.3,453470.1
867,15299,52.17764,14.408440000000002,Brandenburg,BB,Landkreis Oder-Spree,12067.0,"(52.17764, 14.408440000000002)",568584.5,561581.1,220554.1,617229.7,706026.5,160610.7,838639.2,523039.0,625167.4,632437.6,652141.4,569037.1,679026.1,415552.4,592221.5,448935.3
868,15306,52.507208695652174,14.365156521739127,Brandenburg,BB,Landkreis Märkisch-Oderland,12064.0,"(52.507208695652174, 14.365156521739127)",571265.8,564262.4,223235.4,619911.0,708707.8,141992.6,841320.5,575149.6,627848.6,635118.9,654822.7,607916.3,681707.4,418233.7,594902.8,451616.5
869,15320,52.63746,14.246959999999998,Brandenburg,BB,Landkreis Märkisch-Oderland,12064.0,"(52.63746, 14.246959999999998)",582712.1,575708.7,234681.7,631357.3,720154.1,136915.0,852766.8,586595.9,639295.0,646565.2,666269.0,619362.6,693153.7,429680.0,606349.1,463062.9
870,15324,52.68272857142857,14.355614285714283,Brandenburg,BB,Landkreis Märkisch-Oderland,12064.0,"(52.68272857142857, 14.355614285714283)",588599.1,581595.8,240568.7,637244.3,726041.1,140017.5,858653.8,592483.0,645182.0,652452.2,672156.1,625249.7,699040.8,435567.0,612236.1,468949.9
871,15326,52.43338333333333,14.460175,Brandenburg,BB,Landkreis Märkisch-Oderland,12064.0,"(52.43338333333333, 14.460175)",567552.4,560549.1,219522.1,616197.6,704994.4,159578.6,837607.1,571436.3,624135.3,631405.5,651109.4,604203.0,677994.1,414520.3,591189.4,447903.2
872,15328,52.56778823529413,14.528564705882353,Brandenburg,BB,Landkreis Märkisch-Oderland,12064.0,"(52.56778823529413, 14.528564705882353)",585434.9,578431.6,237404.5,634080.1,722876.9,156161.7,855489.6,589318.8,642017.8,649288.0,668991.9,622085.5,695876.6,432402.8,609071.9,465785.7
873,15344,52.5786,13.8874,Brandenburg,BB,Landkreis Märkisch-Oderland,12064.0,"(52.5786, 13.8874)",543687.2,536683.9,195656.8,592332.4,681129.2,104436.3,813741.9,547571.1,600270.1,607540.3,627244.2,580337.8,654128.9,390655.1,567324.2,424038.0
874,15345,52.57750454545454,13.962654545454546,Brandenburg,BB,Landkreis Märkisch-Oderland,12064.0,"(52.57750454545454, 13.962654545454546)",550948.5,543945.2,202918.1,599593.7,688390.5,111697.6,821003.2,554832.4,607531.4,614801.6,634505.4,587599.1,661390.1,397916.4,574585.5,431299.3
875,15366,52.538225,13.7813,Brandenburg,BB,Landkreis Märkisch-Oderland,12064.0,"(52.538225, 13.7813)",536684.6,529681.3,188654.3,585329.8,674126.6,97197.9,806739.3,540568.5,593267.5,600537.7,620241.6,573335.2,647126.3,383652.5,560321.6,417035.4
876,15370,52.5125,13.76665,Brandenburg,BB,Landkreis Märkisch-Oderland,12064.0,"(52.5125, 13.76665)",532334.1,525330.7,184303.7,580979.3,669776.1,97764.3,802388.8,536217.9,588916.9,596187.2,615891.0,568984.6,642775.7,379302.0,555971.1,412684.8
877,15374,52.5114,14.1359,Brandenburg,BB,Landkreis Märkisch-Oderland,12064.0,"(52.5114, 14.1359)",548966.7,541963.4,200936.3,597611.9,686408.7,123674.9,819021.4,552850.6,605549.6,612819.8,632523.7,585617.3,659408.4,395934.6,572603.7,429317.5
878,15377,52.59763571428572,14.07845,Brandenburg,BB,Landkreis Märkisch-Oderland,12064.0,"(52.59763571428572, 14.07845)",558280.2,551276.9,210249.8,606925.4,695722.2,119029.4,828334.9,562164.1,614863.1,622133.3,641837.2,594930.8,668721.9,405248.1,581917.2,438631.0
879,15378,52.49465,13.8521,Brandenburg,BB,Landkreis Märkisch-Oderland,12064.0,"(52.49465, 13.8521)",531529.6,524526.2,183499.2,580174.7,668971.5,102817.8,801584.2,535413.4,588112.4,595382.6,615086.5,568180.1,641971.2,378497.4,555166.6,411880.3
880,15517,52.38236666666666,14.051666666666668,Brandenburg,BB,Landkreis Oder-Spree,12067.0,"(52.38236666666666, 14.051666666666668)",538047.1,531043.8,190016.7,586692.3,675489.1,130073.3,808101.8,541931.0,594630.0,601900.2,621604.1,574697.7,648488.8,385015.0,561684.1,418397.9
881,15518,52.39365384615384,14.159780769230768,Brandenburg,BB,Landkreis Oder-Spree,12067.0,"(52.39365384615384, 14.159780769230768)",546184.2,539180.9,198153.8,594829.4,683626.2,138210.4,816238.9,550068.1,602767.1,610037.3,629741.2,582834.8,656625.9,393152.1,569821.2,426535.0
882,15526,52.27654,14.05619,Brandenburg,BB,Landkreis Oder-Spree,12067.0,"(52.27654, 14.05619)",538861.3,531857.9,190830.9,587506.5,676303.2,130887.5,808915.9,542745.1,595444.1,602714.3,622418.2,575511.8,649302.9,385829.1,562498.3,419212.0
883,15528,52.361875,13.8934875,Brandenburg,BB,Landkreis Oder-Spree,12067.0,"(52.361875, 13.8934875)",526706.5,519703.2,178676.1,575351.7,664148.5,118732.7,796761.2,530590.4,583289.4,590559.6,610263.5,563357.1,637148.2,373674.4,550343.5,407057.3
884,15537,52.41874285714285,13.827628571428573,Brandenburg,BB,Landkreis Oder-Spree,12067.0,"(52.41874285714285, 13.827628571428573)",521549.7,514546.4,173519.3,570194.9,658991.7,108330.3,791604.4,525433.6,578132.6,585402.8,605106.6,558200.3,631991.3,368517.6,545186.7,401900.5
885,15562,52.4707,13.7736,Brandenburg,BB,Landkreis Märkisch-Oderland,12064.0,"(52.4707, 13.7736)",529498.2,522494.9,181467.8,578143.4,666940.2,99375.9,799552.9,533382.1,586081.1,593351.3,613055.2,566148.8,639939.9,376466.1,553135.2,409849.0
886,15566,52.4598,13.7054,Brandenburg,BB,Landkreis Oder-Spree,12067.0,"(52.4598, 13.7054)",532094.8,525091.4,184064.4,580740.0,669536.8,101972.5,802149.5,535978.6,588677.6,595947.9,615651.7,568745.3,642536.4,379062.7,555731.8,412445.6
887,15569,52.446,13.756,Brandenburg,BB,Landkreis Oder-Spree,12067.0,"(52.446, 13.756)",524456.9,517453.5,176426.5,573102.1,661898.8,101637.0,794511.5,528340.7,581039.7,588309.9,608013.8,561107.4,634898.5,371424.7,548093.9,404807.6
888,15711,52.286033333333336,13.6218,Brandenburg,BB,Landkreis Dahme-Spreewald,12061.0,"(52.286033333333336, 13.6218)",502749.5,495746.1,154719.1,551394.6,640191.4,94775.6,772804.1,506633.3,559332.3,566602.5,586306.4,539400.0,613191.1,349717.3,526386.4,383100.2
889,15712,52.29666666666666,13.704833333333331,Brandenburg,BB,Landkreis Dahme-Spreewald,12061.0,"(52.29666666666666, 13.704833333333331)",507260.0,500256.7,159229.6,555905.2,644702.0,99286.2,777314.7,511143.9,563842.9,571113.1,590816.9,543910.6,617701.6,354227.9,530897.0,387610.8
890,15713,52.34310000000001,13.6767,Brandenburg,BB,Landkreis Dahme-Spreewald,12061.0,"(52.34310000000001, 13.6767)",506807.8,499804.4,158777.4,555453.0,644249.8,98834.0,776862.4,510691.6,563390.6,570660.8,590364.7,543458.3,617249.4,353775.7,530444.8,387158.5
891,15732,52.3624,13.590533333333331,Brandenburg,BB,Landkreis Dahme-Spreewald,12061.0,"(52.3624, 13.590533333333331)",502706.1,495702.7,154675.7,551351.3,640148.1,94732.3,772760.8,506590.0,559289.0,566559.2,586263.0,539356.7,613147.7,349674.0,526343.1,383056.9
892,15738,52.348,13.6217,Brandenburg,BB,Landkreis Dahme-Spreewald,12061.0,"(52.348, 13.6217)",503355.8,496352.4,155325.4,552000.9,640797.7,95382.0,773410.4,507239.6,559938.6,567208.8,586912.7,540006.3,613797.4,350323.6,526992.8,383706.5
893,15741,52.227325,13.6471,Brandenburg,BB,Landkreis Dahme-Spreewald,12061.0,"(52.227325, 13.6471)",508929.4,501926.1,160899.0,557574.6,646371.4,100955.6,778984.1,513287.1,565512.3,572782.5,592486.4,545580.0,619371.1,355897.3,532566.4,389280.2
894,15745,52.3167,13.6333,Brandenburg,BB,Landkreis Dahme-Spreewald,12061.0,"(52.3167, 13.6333)",501480.0,494476.7,153449.6,550125.2,638922.0,93506.2,771534.7,505363.9,558062.9,565333.1,585037.0,538130.6,611921.7,348447.9,525117.0,381830.8
895,15746,52.1659,13.6594,Brandenburg,BB,Landkreis Dahme-Spreewald,12061.0,"(52.1659, 13.6594)",515367.8,508364.5,167337.4,564013.0,652809.8,107394.0,785422.5,497568.6,571950.7,579220.9,598924.8,552018.4,625809.5,362335.7,539004.8,395718.6
896,15748,52.12845,13.79985,Brandenburg,BB,Landkreis Dahme-Spreewald,12061.0,"(52.12845, 13.79985)",518291.9,522774.6,181747.6,578423.2,655733.9,121804.2,788346.6,504344.9,586360.8,593631.0,613334.9,550343.0,640219.6,376745.9,553415.0,410128.7
897,15749,52.29796,13.5407,Brandenburg,BB,Landkreis Dahme-Spreewald,12061.0,"(52.29796, 13.5407)",496957.5,489954.1,148927.1,545602.7,634399.5,88983.7,767012.2,500841.3,553540.3,560810.6,580514.4,533608.0,607399.1,343925.4,520594.5,377308.3
898,15754,52.27374285714286,13.774085714285714,Brandenburg,BB,Landkreis Dahme-Spreewald,12061.0,"(52.27374285714286, 13.774085714285714)",516634.5,509631.2,168604.2,565279.7,654076.5,108660.7,786689.2,520518.4,573217.4,580487.6,600191.5,553285.1,627076.2,363602.4,540271.5,396985.3
899,15755,52.1504,13.61,Brandenburg,BB,Landkreis Dahme-Spreewald,12061.0,"(52.1504, 13.61)",516227.5,509224.1,168197.1,564872.7,653669.5,108253.7,786282.2,499158.2,572810.4,580080.6,599784.4,552878.1,626669.1,363195.4,539864.5,396578.3
900,15757,52.09198,13.70392,Brandenburg,BB,Landkreis Dahme-Spreewald,12061.0,"(52.09198, 13.70392)",511754.3,516237.0,175210.0,571885.6,649196.3,115266.6,781809.0,497807.3,579823.2,587093.4,606797.3,543805.4,633682.0,370208.2,546877.4,403591.1
901,15806,52.21787142857143,13.418828571428572,Brandenburg,BB,Landkreis Teltow-Fläming,12072.0,"(52.21787142857143, 13.418828571428572)",492195.9,485192.5,144165.5,540841.1,629637.9,63647.9,762250.6,496079.7,548778.8,556049.0,575752.8,528846.4,602637.5,339163.8,515832.9,372546.7
