,zipcode,lat,long,state,state_code,community_name,community_code,coor,AKB Kitzingen,AKB Dortmund,AKB Zörbig,AKB Schöneck,AKB Buch,Mosolf Etzin,Mosolf Kippenheim,BLG Kelheim,BLG Duisburg,BLG Neuss,Carservice Erkens,ARS Altmann Wolnzach,CAT Zülpich,Autohaus Siebrecht,Neu: FleetParQ Essen ,Neu: FleetParQ Kassel
3690,54296,49.75,6.6333,Rheinland-Pfalz,RP,"Trier, kreisfreie Stadt",7211.0,"(49.75, 6.6333)",314983.5,261516.2,584682.9,216164.1,431720.9,712138.9,265014.9,517538.3,226280.9,198524.9,236634.1,508177.4,137100.5,419742.1,240788.1,365789.4
3691,54298,49.78884285714286,6.584114285714286,Rheinland-Pfalz,RP,Eifelkreis Bitburg-Prüm,7232.0,"(49.78884285714286, 6.584114285714286)",319073.8,254305.9,588773.3,220254.4,435811.2,702973.5,269105.3,521628.7,219070.5,191314.5,229423.7,512267.7,129890.2,423832.4,233577.7,369879.7
3692,54306,49.8333,6.6333,Rheinland-Pfalz,RP,Landkreis Trier-Saarburg,7235.0,"(49.8333, 6.6333)",318225.4,257629.9,586957.0,219406.0,434962.8,706297.4,268256.8,520780.2,222394.5,194638.5,232747.7,511419.3,133214.2,422016.1,236901.7,368063.4
3693,54308,49.7244,6.4991,Rheinland-Pfalz,RP,Landkreis Trier-Saarburg,7235.0,"(49.7244, 6.4991)",327053.7,268274.9,596753.1,228234.3,443791.0,716942.4,269352.1,529608.5,233039.5,205283.5,243392.7,520247.5,143859.2,431812.2,247546.7,377859.5
3694,54309,49.8124,6.583,Rheinland-Pfalz,RP,Landkreis Trier-Saarburg,7235.0,"(49.8124, 6.583)",322303.9,251851.5,592003.4,223484.5,439041.3,700519.0,272335.3,524858.7,216616.1,188860.1,226969.3,515497.8,127435.8,427062.5,231123.3,373109.8
3695,54310,49.82776666666666,6.483333333333333,Rheinland-Pfalz,RP,Landkreis Trier-Saarburg,7235.0,"(49.82776666666666, 6.483333333333333)",348612.1,253218.6,611385.8,249792.7,451461.4,701886.2,284755.5,537278.9,217983.3,190227.3,228336.5,527917.9,128802.9,410426.6,232490.5,392492.2
3696,54311,49.7623,6.5599,Rheinland-Pfalz,RP,Landkreis Trier-Saarburg,7235.0,"(49.7623, 6.5599)",319236.6,257069.0,588936.0,220417.2,435973.9,705736.5,269268.0,521791.4,221833.6,194077.6,232186.8,512430.4,132653.3,423995.1,236340.8,370042.4
3697,54313,49.9,6.7,Rheinland-Pfalz,RP,Landkreis Trier-Saarburg,7235.0,"(49.9, 6.7)",310619.4,251661.1,573103.8,211800.0,436444.8,700559.7,269738.8,522262.2,216425.7,188669.7,226778.9,512901.3,127245.4,408163.0,230932.9,354210.3
3698,54314,49.61666666666667,6.6861,Rheinland-Pfalz,RP,Landkreis Trier-Saarburg,7235.0,"(49.61666666666667, 6.6861)",347789.1,279365.2,627158.4,248969.7,423082.9,754614.3,241916.2,508900.4,244129.8,216373.8,254483.0,499539.4,154949.5,462217.5,258637.0,408264.8
3699,54316,49.67777777777778,6.723155555555556,Rheinland-Pfalz,RP,Landkreis Trier-Saarburg,7235.0,"(49.67777777777778, 6.723155555555556)",337528.1,274560.3,616897.5,238708.7,412821.9,744353.4,246116.0,498639.4,239325.0,211569.0,249678.2,489278.5,150144.6,451956.6,253832.2,398003.9
3700,54317,49.72613333333334,6.769041666666666,Rheinland-Pfalz,RP,Landkreis Trier-Saarburg,7235.0,"(49.72613333333334, 6.769041666666666)",336823.1,268171.9,586206.2,238003.7,412116.9,713662.2,245411.0,497934.4,232936.5,205180.5,243289.7,488573.5,143756.2,421265.4,247443.7,367312.7
3701,54318,49.7721,6.7329,Rheinland-Pfalz,RP,Landkreis Trier-Saarburg,7235.0,"(49.7721, 6.7329)",304547.5,264332.3,582366.6,205728.1,416718.5,709822.6,250012.6,502536.0,229096.9,201340.9,239450.1,493175.1,139916.6,417425.8,243604.1,363473.1
3702,54320,49.7462,6.7454,Rheinland-Pfalz,RP,Landkreis Trier-Saarburg,7235.0,"(49.7462, 6.7454)",340154.9,264388.8,582423.1,241335.5,415448.7,709879.1,248742.8,501266.2,229153.4,201397.4,239506.6,491905.3,139973.1,417482.3,243660.6,363529.6
3703,54329,49.7005,6.5765,Rheinland-Pfalz,RP,Landkreis Trier-Saarburg,7235.0,"(49.7005, 6.5765)",322499.4,269032.1,592198.8,223680.0,428527.5,719654.7,255507.5,514345.0,233796.7,206040.7,244149.9,504984.1,144616.4,427257.9,248303.9,373305.2
3704,54331,49.69245,6.588699999999999,Rheinland-Pfalz,RP,Landkreis Trier-Saarburg,7235.0,"(49.69245, 6.588699999999999)",351896.1,269834.7,593001.4,253076.7,427189.9,720457.3,252676.8,513007.4,234599.3,206843.3,244952.5,503646.5,145419.0,428060.5,249106.5,374107.8
3705,54332,49.7074,6.5394,Rheinland-Pfalz,RP,Landkreis Trier-Saarburg,7235.0,"(49.7074, 6.5394)",325091.7,272197.0,594791.2,226272.3,431242.4,722247.1,256435.6,517059.8,236961.6,209205.7,247314.9,507698.9,147781.3,429850.3,251468.8,375897.6
3706,54338,49.81105,6.76795,Rheinland-Pfalz,RP,Landkreis Trier-Saarburg,7235.0,"(49.81105, 6.76795)",301687.5,255337.3,573371.6,202868.1,418424.8,700827.6,251718.9,504242.3,220101.9,192345.9,230455.1,494881.4,130921.6,408430.8,234609.1,354478.1
3707,54340,49.827475,6.827316666666667,Rheinland-Pfalz,RP,Landkreis Trier-Saarburg,7235.0,"(49.827475, 6.827316666666667)",307352.8,251802.8,569837.2,208533.4,422425.4,697293.1,255719.4,508242.8,216567.5,188811.5,226920.7,498881.9,127387.1,404896.3,231074.7,350943.6
3708,54341,49.7667,6.7833,Rheinland-Pfalz,RP,Landkreis Trier-Saarburg,7235.0,"(49.7667, 6.7833)",298258.3,259857.4,577891.8,199438.9,415384.7,705347.7,248678.7,501202.1,224622.0,196866.0,234975.2,491841.2,135441.7,412950.9,239129.2,358998.2
3709,54343,49.8593,6.7648,Rheinland-Pfalz,RP,Landkreis Trier-Saarburg,7235.0,"(49.8593, 6.7648)",305076.3,249526.3,567560.7,206256.9,426489.3,695016.6,259783.3,512306.7,214291.0,186535.0,224644.2,502945.8,125110.6,402619.8,228798.2,348667.1
3710,54344,49.8,6.7167,Rheinland-Pfalz,RP,Landkreis Trier-Saarburg,7235.0,"(49.8, 6.7167)",306656.6,258321.7,576356.0,207837.2,418851.8,703812.0,252145.8,504669.2,223086.3,195330.3,233439.5,495308.3,133906.0,411415.2,237593.5,357462.5
3711,54346,49.8,6.8333,Rheinland-Pfalz,RP,Landkreis Trier-Saarburg,7235.0,"(49.8, 6.8333)",297683.1,258000.5,576034.9,198863.7,415376.1,703490.8,248670.2,501193.6,222765.1,195009.2,233118.4,491832.7,133584.8,411094.0,237272.3,357141.3
3712,54347,49.8555,6.8978,Rheinland-Pfalz,RP,Landkreis Bernkastel-Wittlich,7231.0,"(49.8555, 6.8978)",294893.3,253747.1,571781.5,196073.9,425140.2,699237.4,258434.2,510957.6,218511.8,190755.8,228865.0,501596.7,129331.4,406840.6,233019.0,352887.9
3713,54349,49.8247,6.8993,Rheinland-Pfalz,RP,Landkreis Trier-Saarburg,7235.0,"(49.8247, 6.8993)",297400.4,257549.3,575583.6,198581.0,421862.3,703039.5,255156.3,507679.7,222313.9,194557.9,232667.1,498318.8,133133.6,410642.8,236821.1,356690.1
3714,54411,49.724,7.0147,Rheinland-Pfalz,RP,Landkreis Trier-Saarburg,7235.0,"(49.724, 7.0147)",285708.7,273632.3,556372.9,186889.3,407212.8,683828.8,240506.9,493030.3,238396.9,210640.9,248750.1,483669.4,149216.6,391432.1,252904.1,337479.3
3715,54413,49.690485714285714,6.9214142857142855,Rheinland-Pfalz,RP,Landkreis Trier-Saarburg,7235.0,"(49.690485714285714, 6.9214142857142855)",326101.5,275650.3,605470.8,227282.1,401395.3,732926.7,234689.4,487212.8,240414.9,212658.9,250768.2,477851.8,151234.6,440530.0,254922.1,386577.2
3716,54421,49.69165,6.89165,Rheinland-Pfalz,RP,Landkreis Trier-Saarburg,7235.0,"(49.69165, 6.89165)",325360.7,275024.8,604730.1,226541.3,400654.6,732186.0,233948.6,486472.0,239789.4,212033.4,250142.6,477111.1,150609.1,439789.2,254296.6,385836.5
3717,54422,49.65866666666667,7.032766666666667,Rheinland-Pfalz,RP,Landkreis Trier-Saarburg,7235.0,"(49.65866666666667, 7.032766666666667)",317977.5,288139.6,597346.9,219158.1,393271.4,724802.8,226775.3,479088.8,252904.2,225148.3,263257.5,469727.9,163723.9,432406.0,267411.5,378453.3
3718,54424,49.754,6.98826,Rheinland-Pfalz,RP,Landkreis Bernkastel-Wittlich,7231.0,"(49.754, 6.98826)",282131.7,269887.2,552795.9,183312.3,398126.0,680251.8,243548.0,483943.5,234651.8,206895.8,245005.0,474582.6,145471.5,387855.0,249159.0,333902.3
3719,54426,49.765921428571424,6.95505,Rheinland-Pfalz,RP,Landkreis Bernkastel-Wittlich,7231.0,"(49.765921428571424, 6.95505)",284068.9,272122.0,554733.1,185249.5,402874.8,682189.0,247352.0,488692.3,236886.6,209130.6,247239.8,479331.4,147706.3,389792.2,251393.8,335839.5
3720,54427,49.6331,6.8222,Rheinland-Pfalz,RP,Landkreis Trier-Saarburg,7235.0,"(49.6331, 6.8222)",330215.4,284212.2,609584.8,231396.1,405509.3,737040.7,238803.3,491326.7,248976.9,221220.9,259330.1,481965.8,159796.5,444643.9,263484.1,390691.2
3721,54429,49.625,6.775,Rheinland-Pfalz,RP,Landkreis Trier-Saarburg,7235.0,"(49.625, 6.775)",335439.1,289435.9,614808.4,236619.7,410732.9,742264.4,244027.0,496550.4,254200.5,226444.6,264553.8,487189.5,165020.2,449867.6,268707.7,395914.9
3722,54439,49.593275,6.46925,Rheinland-Pfalz,RP,Landkreis Trier-Saarburg,7235.0,"(49.593275, 6.46925)",375587.3,291010.4,619488.6,276767.9,404769.5,739677.9,246241.1,536698.6,255775.0,228019.0,266128.2,527337.6,166594.7,454547.7,270282.2,400595.0
3723,54441,49.61950833333333,6.534916666666667,Rheinland-Pfalz,RP,Landkreis Trier-Saarburg,7235.0,"(49.61950833333333, 6.534916666666667)",359940.8,286194.4,605143.6,261121.5,435234.7,732599.5,242903.9,521052.1,250959.0,223203.0,261312.2,511691.2,161778.7,440202.7,265466.2,386250.0
3724,54450,49.5435,6.5329,Rheinland-Pfalz,RP,Landkreis Trier-Saarburg,7235.0,"(49.5435, 6.5329)",359079.5,297238.4,638448.8,260260.1,388261.7,765904.7,229733.3,520190.7,262003.0,234247.0,272356.2,510829.8,172822.7,473507.9,276510.2,419555.2
3725,54451,49.6049,6.5955,Rheinland-Pfalz,RP,Landkreis Trier-Saarburg,7235.0,"(49.6049, 6.5955)",354233.5,289057.8,633602.8,255414.1,429527.3,761058.7,244031.6,515344.8,253822.4,226066.4,264175.7,505983.8,164642.1,468661.9,268329.6,414709.2
3726,54453,49.65,6.45,Rheinland-Pfalz,RP,Landkreis Trier-Saarburg,7235.0,"(49.65, 6.45)",339410.5,280631.7,609110.0,240591.1,456147.9,729299.3,257588.8,541965.4,245396.4,217640.4,255749.6,532604.4,156216.0,444169.1,259903.6,390216.4
3727,54455,49.5752,6.5745,Rheinland-Pfalz,RP,Landkreis Trier-Saarburg,7235.0,"(49.5752, 6.5745)",354411.5,292180.1,633780.9,255592.2,429705.4,761236.8,236112.5,515522.8,256944.7,229188.7,267297.9,506161.9,167764.4,468840.0,271451.9,414887.3
3728,54456,49.65835,6.5,Rheinland-Pfalz,RP,Landkreis Trier-Saarburg,7235.0,"(49.65835, 6.5)",330180.6,280358.6,599880.1,231361.3,443218.7,727336.0,259745.4,529036.1,245123.2,217367.2,255476.4,519675.2,155942.9,434939.2,259630.4,380986.5
3729,54457,49.609,6.426,Rheinland-Pfalz,RP,Landkreis Trier-Saarburg,7235.0,"(49.609, 6.426)",380744.8,287954.4,616432.6,281925.4,409927.0,736621.9,251398.6,541856.1,252719.0,224963.0,263072.2,532495.1,163538.7,451491.7,267226.2,397539.0
3730,54459,49.6592,6.5926,Rheinland-Pfalz,RP,Landkreis Trier-Saarburg,7235.0,"(49.6592, 6.5926)",353360.1,277992.7,601159.4,254540.8,428654.0,728615.3,248592.0,514471.4,242757.3,215001.3,253110.5,505110.5,153577.0,436218.5,257264.5,382265.8
3731,54470,49.9224,7.0522,Rheinland-Pfalz,RP,Landkreis Bernkastel-Wittlich,7231.0,"(49.9224, 7.0522)",275515.8,246799.5,546179.9,176696.4,408487.7,673635.9,316978.6,494305.2,211564.2,183808.2,221917.4,484944.2,122383.8,381239.1,226071.4,327286.4
3732,54472,49.8867375,7.074275,Rheinland-Pfalz,RP,Landkreis Bernkastel-Wittlich,7231.0,"(49.8867375, 7.074275)",269458.3,256485.5,540122.5,170638.9,402430.2,667578.4,310921.1,488247.7,221250.2,193494.2,231603.4,478886.7,132069.8,375181.6,235757.4,321228.9
3733,54483,49.9,7.1833,Rheinland-Pfalz,RP,Landkreis Bernkastel-Wittlich,7231.0,"(49.9, 7.1833)",256465.7,285557.5,527129.9,157646.3,389437.6,654585.8,297928.5,475255.1,250322.2,222566.2,260675.4,465894.2,140112.7,362189.0,259027.1,308236.3
3734,54484,49.9333,7.0,Rheinland-Pfalz,RP,Landkreis Bernkastel-Wittlich,7231.0,"(49.9333, 7.0)",281467.3,248471.8,566506.2,182647.9,414439.2,693962.1,277586.2,500256.7,213236.4,185480.5,223589.7,490895.8,124056.1,401565.3,227743.6,347612.6
3735,54486,49.9125,7.0195,Rheinland-Pfalz,RP,Landkreis Bernkastel-Wittlich,7231.0,"(49.9125, 7.0195)",277142.0,249137.1,547806.2,178322.6,410114.0,675262.1,279073.5,495931.4,213901.8,186145.8,224255.0,486570.5,124721.4,382865.4,228409.0,328912.7
3736,54487,49.8833,6.95,Rheinland-Pfalz,RP,Landkreis Bernkastel-Wittlich,7231.0,"(49.8833, 6.95)",283595.7,254194.4,554259.8,184776.3,421848.3,681715.8,269146.5,507665.8,218959.1,191203.1,229312.3,498304.9,129778.7,389319.0,233466.3,335366.3
3737,54492,49.96666666666667,7.022233333333333,Rheinland-Pfalz,RP,Landkreis Bernkastel-Wittlich,7231.0,"(49.96666666666667, 7.022233333333333)",280667.2,242038.6,560073.0,181847.8,413639.1,687528.9,282502.8,499456.6,206803.3,179047.3,217156.5,490095.6,117622.9,395132.1,221310.5,341179.4
3738,54497,49.80929999999999,7.0565,Rheinland-Pfalz,RP,Landkreis Bernkastel-Wittlich,7231.0,"(49.80929999999999, 7.0565)",274981.1,265662.3,545645.3,176161.7,403315.4,673101.2,311806.2,489132.8,230426.9,202670.9,240780.1,479771.9,141246.6,380704.4,244934.1,326751.7
3739,54498,49.8864,6.9165,Rheinland-Pfalz,RP,Landkreis Bernkastel-Wittlich,7231.0,"(49.8864, 6.9165)",291676.6,249176.2,567210.6,192857.2,416467.8,694666.5,262888.7,502285.3,213940.9,186184.9,224294.1,492924.4,124760.5,402269.7,228448.1,348317.0
3740,54516,50.00135,6.9132,Rheinland-Pfalz,RP,Landkreis Bernkastel-Wittlich,7231.0,"(50.00135, 6.9132)",292201.3,229137.5,547171.8,193381.9,445042.6,674627.8,278336.6,530860.0,193902.1,166146.1,204255.3,521499.1,104721.8,382231.0,208409.3,328278.3
3741,54518,49.93829047619048,6.831185714285715,Rheinland-Pfalz,RP,Landkreis Bernkastel-Wittlich,7231.0,"(49.93829047619048, 6.831185714285715)",299273.0,244012.3,562046.7,200453.6,437068.4,689502.6,270362.5,522885.9,208777.0,181021.0,219130.2,513525.0,119596.6,397105.8,223284.2,343153.1
3742,54523,49.89165,6.78335,Rheinland-Pfalz,RP,Landkreis Bernkastel-Wittlich,7231.0,"(49.89165, 6.78335)",302941.5,247391.6,565426.0,204122.2,430511.0,692881.9,263805.0,516328.4,212156.2,184400.3,222509.5,506967.5,122975.9,400485.1,226663.5,346532.4
3743,54524,49.9,6.8833,Rheinland-Pfalz,RP,Landkreis Bernkastel-Wittlich,7231.0,"(49.9, 6.8833)",295097.5,243339.7,561374.1,196278.2,434007.8,688830.0,267301.8,519825.3,208104.4,180348.4,218457.6,510464.3,118924.0,396433.2,222611.6,342480.5
3744,54526,49.9833,6.7667,Rheinland-Pfalz,RP,Landkreis Bernkastel-Wittlich,7231.0,"(49.9833, 6.7667)",300228.6,245427.9,563002.3,201409.2,448214.3,690458.2,281508.4,534031.8,210192.5,182436.5,220545.7,524670.9,121012.2,398061.4,224699.7,344108.7
3745,54528,49.9333,6.85,Rheinland-Pfalz,RP,Landkreis Bernkastel-Wittlich,7231.0,"(49.9333, 6.85)",296299.7,241039.0,559073.4,197480.3,434723.8,686529.3,268017.9,520541.3,205803.7,178047.7,216156.9,511180.4,116623.3,394132.6,220310.9,340179.8
3746,54529,49.9833,6.6833,Rheinland-Pfalz,RP,Eifelkreis Bitburg-Prüm,7232.0,"(49.9833, 6.6833)",309829.7,240805.4,572603.5,211010.3,446157.5,689472.9,279451.5,531974.9,205570.0,177814.0,215923.2,522614.0,116389.7,407662.6,220077.2,353709.9
3747,54531,50.09818,6.82658,Rheinland-Pfalz,RP,Landkreis Bernkastel-Wittlich,7231.0,"(50.09818, 6.82658)",317419.6,217170.7,535205.1,215936.1,461514.7,662661.0,294808.7,520256.8,181935.4,154179.4,192288.6,527949.7,92755.0,370264.2,196442.6,316311.5
3748,54533,50.05416,6.83776,Rheinland-Pfalz,RP,Landkreis Bernkastel-Wittlich,7231.0,"(50.05416, 6.83776)",321820.5,221571.7,539606.0,220337.0,459268.9,667062.0,292563.0,524657.8,186336.3,158580.3,196689.5,532350.6,97156.0,374665.2,200843.5,320712.5
3749,54534,50.031975,6.807975,Rheinland-Pfalz,RP,Landkreis Bernkastel-Wittlich,7231.0,"(50.031975, 6.807975)",327206.7,226957.9,544992.2,225723.2,454331.6,672448.2,287625.7,530044.0,191722.5,163966.5,202075.7,530788.1,102542.2,380051.4,206229.7,326098.7
3750,54536,49.9833,7.0833,Rheinland-Pfalz,RP,Landkreis Bernkastel-Wittlich,7231.0,"(49.9833, 7.0833)",272258.7,242126.5,542922.9,173439.3,405230.6,670378.8,313721.5,491048.1,206891.1,179135.1,217244.3,481687.1,117710.8,377982.0,221398.3,324029.3
3751,54538,50.018233333333335,7.012266666666666,Rheinland-Pfalz,RP,Landkreis Bernkastel-Wittlich,7231.0,"(50.018233333333335, 7.012266666666666)",279945.9,228218.1,546252.4,181126.5,412917.8,673708.4,286019.7,498735.3,192982.7,165226.7,203335.9,489374.3,103802.4,381311.6,207489.9,327358.9
3752,54539,49.9794,7.0061,Rheinland-Pfalz,RP,Landkreis Bernkastel-Wittlich,7231.0,"(49.9794, 7.0061)",278146.3,235196.6,553231.0,179326.9,411118.2,680686.9,283141.1,496935.7,199961.3,172205.3,210314.5,487574.7,110780.9,388290.1,214468.5,334337.4
3753,54550,50.1972,6.8294,Rheinland-Pfalz,RP,Vulkaneifel,7233.0,"(50.1972, 6.8294)",310792.6,201511.4,528578.1,209309.1,457209.8,656034.0,309248.9,513629.8,166276.0,138520.0,176629.2,521322.7,77095.7,363637.3,180783.2,309684.5
3754,54552,50.20504615384616,6.887934615384615,Rheinland-Pfalz,RP,Vulkaneifel,7233.0,"(50.20504615384616, 6.887934615384615)",307254.6,201883.5,525040.2,205771.1,453671.8,652496.1,305711.0,510091.9,166648.1,138892.1,177001.3,517784.7,77467.8,360099.3,181155.3,306146.6
3755,54558,50.12224,6.917440000000001,Rheinland-Pfalz,RP,Vulkaneifel,7233.0,"(50.12224, 6.917440000000001)",314736.6,214487.8,532522.1,213253.1,464581.5,659978.1,297875.6,517573.9,179252.4,151496.4,189605.6,525266.7,90072.1,367581.3,193759.6,313628.6
3756,54568,50.2222,6.6598,Rheinland-Pfalz,RP,Vulkaneifel,7233.0,"(50.2222, 6.6598)",327918.2,192225.2,545703.7,226434.7,474335.4,640892.8,326374.5,530755.4,156989.9,129233.9,167343.1,538448.3,67809.5,349433.1,171497.1,326810.2
3757,54570,50.183215,6.7121200000000005,Rheinland-Pfalz,RP,Vulkaneifel,7233.0,"(50.183215, 6.7121200000000005)",321835.7,201225.7,539621.3,220352.3,468252.9,649893.3,313189.5,524673.0,165990.4,138234.4,176343.6,532365.8,76810.0,374680.4,180497.6,320727.7
3758,54574,50.1833,6.6083,Rheinland-Pfalz,RP,Vulkaneifel,7233.0,"(50.1833, 6.6083)",337578.1,200903.1,555363.7,236094.7,488592.9,649570.6,321886.9,540415.4,165667.7,137911.7,176020.9,548108.3,76487.4,358111.0,180174.9,336470.1
3759,54576,50.279250000000005,6.66815,Rheinland-Pfalz,RP,Vulkaneifel,7233.0,"(50.279250000000005, 6.66815)",327482.8,184474.3,545268.3,225999.3,473900.0,633141.9,325939.1,530320.0,149238.9,121482.9,159592.1,538012.9,60058.6,341682.2,163746.1,326374.7
3760,54578,50.304825,6.6999625,Rheinland-Pfalz,RP,Vulkaneifel,7233.0,"(50.304825, 6.6999625)",328950.4,182750.6,546735.9,227466.9,475367.6,631418.2,327406.7,531787.6,147515.2,119759.2,157868.5,539480.5,58334.9,339958.5,162022.4,327842.4
3761,54579,50.35,6.75,Rheinland-Pfalz,RP,Vulkaneifel,7233.0,"(50.35, 6.75)",329308.4,177739.6,547094.0,227824.9,475725.6,626407.2,327764.8,532145.7,142504.2,114748.2,152857.4,539838.5,53323.9,334947.5,157011.4,325152.3
3762,54584,50.34246666666667,6.599366666666666,Rheinland-Pfalz,RP,Vulkaneifel,7233.0,"(50.34246666666667, 6.599366666666666)",337357.9,179290.0,555143.4,235874.4,483775.1,627957.5,335814.2,540195.1,144054.6,116298.6,154407.8,547888.0,54874.3,336497.9,158561.8,326702.7
3763,54585,50.3667,6.6167,Rheinland-Pfalz,RP,Vulkaneifel,7233.0,"(50.3667, 6.6167)",338280.2,176711.7,556065.8,236796.8,484697.4,625379.3,336736.6,541117.5,141476.4,113720.4,151829.6,548810.3,52296.0,333919.7,155983.6,324124.5
3764,54586,50.3333,6.5833,Rheinland-Pfalz,RP,Vulkaneifel,7233.0,"(50.3333, 6.5833)",336846.2,186305.0,554631.7,235362.7,483263.4,634972.6,335302.6,539683.5,151069.7,123313.7,161422.9,547376.3,61889.3,343512.9,165576.9,333717.8
3765,54587,50.3167,6.60835,Rheinland-Pfalz,RP,Vulkaneifel,7233.0,"(50.3167, 6.60835)",333877.3,183163.6,551662.8,232393.8,480294.5,631831.2,332333.7,536714.6,147928.2,120172.2,158281.4,544407.4,58747.9,340371.5,162435.4,330576.4
3766,54589,50.35,6.51665,Rheinland-Pfalz,RP,Vulkaneifel,7233.0,"(50.35, 6.51665)",343646.8,182910.3,561432.3,242163.3,510183.2,631577.9,343477.3,546484.0,147675.0,119919.0,158028.2,554176.9,58494.6,340118.2,162182.2,330323.1
3767,54595,50.20128333333333,6.4006,Rheinland-Pfalz,RP,Eifelkreis Bitburg-Prüm,7232.0,"(50.20128333333333, 6.4006)",342646.0,201343.5,568245.9,248976.9,490631.7,650011.0,323925.8,576449.2,166108.1,138352.1,176461.3,567088.2,76927.8,358551.4,180615.3,348756.2
3768,54597,50.1880064516129,6.433361290322581,Rheinland-Pfalz,RP,Eifelkreis Bitburg-Prüm,7232.0,"(50.1880064516129, 6.433361290322581)",343581.0,201848.6,566592.3,247323.3,491566.7,650516.2,324860.8,577384.2,166613.2,138857.3,176966.5,568023.3,77432.9,359056.5,181120.5,349261.4
3769,54608,50.23375,6.2927375,Rheinland-Pfalz,RP,Eifelkreis Bitburg-Prüm,7232.0,"(50.23375, 6.2927375)",351738.5,210246.4,614512.2,252919.1,499724.2,658914.0,333018.3,585541.7,175011.1,147255.1,185364.3,576180.8,85830.7,367454.4,189518.3,357659.2
3770,54610,50.2167,6.55,Rheinland-Pfalz,RP,Eifelkreis Bitburg-Prüm,7232.0,"(50.2167, 6.55)",337776.4,202138.6,555562.0,236293.0,499640.1,650806.2,332934.2,540613.7,166903.2,139147.2,177256.4,548306.5,77722.9,359346.5,181410.4,336668.4
3771,54611,50.35675,6.43,Rheinland-Pfalz,RP,Vulkaneifel,7233.0,"(50.35675, 6.43)",348913.2,184523.6,566698.7,247429.7,509666.8,633191.2,342960.8,551750.4,149288.2,121532.3,159641.5,559443.3,60107.9,341731.5,163795.4,331936.4
