,zipcode,lat,long,state,state_code,community_name,community_code,coor,AKB Kitzingen,AKB Dortmund,AKB Zörbig,AKB Schöneck,AKB Buch,Mosolf Etzin,Mosolf Kippenheim,BLG Kelheim,BLG Duisburg,BLG Neuss,Carservice Erkens,ARS Altmann Wolnzach,CAT Zülpich,Autohaus Siebrecht,Neu: FleetParQ Essen ,Neu: FleetParQ Kassel
6230,84180,48.6167,12.4333,Bayern,BY,Dingolfing-Landau,9279.0,"(48.6167, 12.4333)",264104.8,627191.4,430711.5,396505.2,242573.3,558167.4,460529.3,72073.8,631160.0,612262.6,664300.5,70889.1,600944.9,526056.0,637689.3,472103.3
6231,84181,48.4,12.2167,Bayern,BY,Landshut,9274.0,"(48.4, 12.2167)",274814.9,637901.6,441421.6,407215.3,221102.2,568877.6,439058.3,82783.9,641870.1,622972.8,675010.7,93667.8,611655.1,536766.2,648399.5,482813.5
6232,84183,48.6167,12.3833,Bayern,BY,Dingolfing-Landau,9279.0,"(48.6167, 12.3833)",259233.2,622319.8,425839.9,391633.6,237701.7,553295.8,455657.8,67202.2,626288.4,607391.1,659428.9,66017.5,596073.4,521184.5,632817.7,467231.7
6233,84184,48.5,12.1,Bayern,BY,Landshut,9274.0,"(48.5, 12.1)",263306.3,626393.0,429913.0,395706.7,209167.3,557368.9,427123.4,71275.3,630361.5,611464.2,663502.1,81732.9,600146.5,525257.6,636890.9,471304.9
6234,84186,48.4488,12.1069,Bayern,BY,Landshut,9274.0,"(48.4488, 12.1069)",269567.4,632654.1,436174.2,401967.8,208981.3,563630.1,426937.3,77536.5,636622.7,617725.3,669763.2,81546.9,606407.6,531518.7,643152.0,477566.0
6235,84187,48.6587,12.3693,Bayern,BY,Landshut,9274.0,"(48.6587, 12.3693)",252302.9,615389.5,418909.6,384703.3,237408.7,546365.5,455364.8,60271.9,619358.1,600460.7,652498.6,65724.5,589143.0,514254.1,625887.4,460301.4
6236,84189,48.35,12.3333,Bayern,BY,Landshut,9274.0,"(48.35, 12.3333)",289438.7,652525.4,456045.4,421839.1,230351.2,583501.3,448307.2,97407.7,656493.9,637596.6,689634.5,119800.2,626278.9,551390.0,663023.3,497437.3
6237,84307,48.4051,12.7575,Bayern,BY,Landkreis Rottal-Inn,9277.0,"(48.4051, 12.7575)",301859.4,664946.1,469089.3,434259.8,268455.3,596545.3,486411.4,122906.4,668914.6,650017.3,702055.2,105235.7,638699.6,563810.7,675444.0,509858.0
6238,84323,48.3912,12.6095,Bayern,BY,Landkreis Rottal-Inn,9277.0,"(48.3912, 12.6095)",304530.3,667616.9,471137.0,436930.7,255874.9,598592.9,473830.9,112499.3,671585.5,652688.2,704726.0,94183.2,641370.5,566481.5,678114.8,512528.8
6239,84326,48.4641,12.69025,Bayern,BY,Landkreis Rottal-Inn,9277.0,"(48.4641, 12.69025)",297566.8,660653.5,464796.7,429967.2,269189.2,592252.7,487145.3,118613.8,664622.0,645724.7,697762.6,97938.9,634407.0,559518.1,671151.4,505565.4
6240,84329,48.3533,12.786,Bayern,BY,Landkreis Rottal-Inn,9277.0,"(48.3533, 12.786)",309573.7,672660.4,476803.6,441974.1,265151.4,604259.5,483107.5,130620.7,676628.9,657731.6,709769.5,154600.4,646413.9,571525.0,683158.2,517572.3
6241,84332,48.406,12.8226,Bayern,BY,Landkreis Rottal-Inn,9277.0,"(48.406, 12.8226)",307395.1,670481.7,474625.0,439795.5,273127.9,602080.9,491083.9,128442.1,674450.3,655552.9,707590.8,109613.5,644235.3,569346.3,680979.6,515393.6
6242,84333,48.5333,12.75,Bayern,BY,Landkreis Rottal-Inn,9277.0,"(48.5333, 12.75)",286107.6,649194.3,453337.6,418508.0,277654.1,580793.5,495610.2,107154.6,653162.9,634265.5,686303.4,105970.0,622947.8,548058.9,659692.2,494106.2
6243,84335,48.35,12.7333,Bayern,BY,Landkreis Rottal-Inn,9277.0,"(48.35, 12.7333)",310523.4,673610.0,477753.3,442923.8,262521.5,605209.2,480477.5,131570.4,677578.6,658681.2,710719.1,151970.5,647363.6,572474.6,684107.9,518521.9
6244,84337,48.4833,12.85,Bayern,BY,Landkreis Rottal-Inn,9277.0,"(48.4833, 12.85)",299287.9,662374.5,466517.8,431688.3,281616.7,593973.7,499572.8,120334.9,666343.1,647445.7,699483.6,119150.2,636128.1,561239.1,672872.4,507286.4
6245,84339,48.3833,12.6667,Bayern,BY,Landkreis Rottal-Inn,9277.0,"(48.3833, 12.6667)",308287.6,671374.3,474894.4,440688.0,258265.1,602350.3,476221.1,116256.7,675342.9,656445.5,708483.4,97940.6,645127.8,570238.9,681872.2,516286.2
6246,84347,48.432,12.9381,Bayern,BY,Landkreis Rottal-Inn,9277.0,"(48.432, 12.9381)",307084.7,670171.3,474314.6,439485.1,281584.9,601770.5,499541.0,128131.6,674139.9,655242.5,707280.4,126947.0,643924.8,569035.9,680669.2,515083.2
6247,84359,48.2655,13.0231,Bayern,BY,Landkreis Rottal-Inn,9277.0,"(48.2655, 13.0231)",376445.1,739531.8,530201.2,508845.5,277343.3,657657.2,495299.4,151843.8,743500.3,724603.0,776640.9,166792.4,713285.3,638396.4,750029.7,584443.7
6248,84364,48.4449,13.091,Bayern,BY,Landkreis Rottal-Inn,9277.0,"(48.4449, 13.091)",317880.8,680967.5,485110.8,450281.2,295281.8,612566.7,513237.8,150596.0,684936.1,666038.7,718076.6,131767.4,654721.0,579832.1,691465.4,525879.4
6249,84367,48.31536666666667,12.907533333333332,Bayern,BY,Landkreis Rottal-Inn,9277.0,"(48.31536666666667, 12.907533333333332)",323868.8,686955.4,491098.7,456269.2,274567.9,618554.6,492523.9,144915.7,690924.0,672026.6,724064.5,164016.9,660708.9,585820.0,697453.3,531867.3
6250,84371,48.3947,13.0063,Bayern,BY,Landkreis Rottal-Inn,9277.0,"(48.3947, 13.0063)",323086.4,686173.1,490316.4,455486.8,287334.0,617772.3,505290.1,144133.4,690141.7,671244.3,723282.2,176783.0,659926.6,585037.7,696671.0,531085.0
6251,84375,48.2475,12.9845,Bayern,BY,Landkreis Rottal-Inn,9277.0,"(48.2475, 12.9845)",370831.7,733918.3,499049.7,503232.1,271729.9,626505.6,489685.9,152866.8,737886.9,718989.5,771027.4,161178.9,707671.8,632782.9,744416.2,578830.2
6252,84378,48.4925,12.925,Bayern,BY,Landkreis Rottal-Inn,9277.0,"(48.4925, 12.925)",301915.9,665002.6,469145.8,434316.3,288367.0,596601.7,506323.1,122962.9,668971.1,650073.8,702111.7,121778.2,638756.1,563867.2,675500.5,509914.5
6253,84381,48.5333,12.95,Bayern,BY,Landkreis Rottal-Inn,9277.0,"(48.5333, 12.95)",308147.1,671233.8,475377.1,440547.5,295932.8,602833.0,513888.9,125433.3,675202.4,656305.0,708342.9,124248.6,644987.3,570098.4,681731.7,516145.7
6254,84384,48.3292,12.987,Bayern,BY,Landkreis Rottal-Inn,9277.0,"(48.3292, 12.987)",328745.6,691832.2,495975.5,461146.0,278696.1,623431.4,496652.2,149792.5,695800.8,676903.4,728941.3,168145.1,665585.7,590696.8,702330.1,536744.1
6255,84385,48.529,13.054,Bayern,BY,Landkreis Rottal-Inn,9277.0,"(48.529, 13.054)",306713.1,669799.8,473943.0,439113.5,298641.5,601398.9,516597.6,129156.2,673768.3,654871.0,706908.8,133211.5,643553.3,568664.4,680297.6,514711.6
6256,84387,48.2543,12.9579,Bayern,BY,Landkreis Rottal-Inn,9277.0,"(48.2543, 12.9579)",369361.0,732447.7,497579.1,501761.4,270259.3,625035.0,488215.3,151396.2,736416.3,717518.9,769556.8,159708.3,706201.2,631312.3,742945.6,577359.6
6257,84389,48.4167,12.9,Bayern,BY,Landkreis Rottal-Inn,9277.0,"(48.4167, 12.9)",314269.9,677356.6,481499.9,446670.3,280002.7,608955.8,497958.8,135316.9,681325.2,662427.8,714465.7,116488.4,651110.1,576221.2,687854.5,522268.5
6258,84405,48.2704,12.1606,Bayern,BY,Erding,9177.0,"(48.2704, 12.1606)",307242.9,670329.6,487600.9,439643.3,208141.2,615056.8,426097.2,97978.4,674298.2,655400.8,707438.7,97590.2,644083.1,569194.2,680827.5,515241.5
6259,84416,48.34215,12.13625,Bayern,BY,Erding,9177.0,"(48.34215, 12.13625)",279879.2,642965.9,446485.9,412279.6,218021.2,573941.9,435977.2,87848.2,646934.4,628037.1,680075.0,89408.9,616719.4,541830.5,653463.8,487877.8
6260,84419,48.266000000000005,12.2694,Bayern,BY,Landkreis Mühldorf am Inn,9183.0,"(48.266000000000005, 12.2694)",317478.8,680565.4,497836.7,449879.2,218377.0,625292.6,436333.0,111065.6,684534.0,665636.6,717674.5,107826.0,654318.9,579430.0,691063.3,525477.3
6261,84424,48.212,12.0567,Bayern,BY,Erding,9177.0,"(48.212, 12.0567)",300455.1,663541.8,480813.1,432855.5,201353.3,608269.0,419309.4,136886.9,667510.3,648613.0,700650.9,90802.3,637295.3,562406.4,674039.6,508453.7
6262,84427,48.2167,12.1333,Bayern,BY,Erding,9177.0,"(48.2167, 12.1333)",310724.6,673811.3,491082.6,443125.0,211622.8,618538.5,429578.9,104257.3,677779.8,658882.5,710920.4,101071.8,647564.8,572675.9,684309.2,518723.2
6263,84428,48.3123,12.2734,Bayern,BY,Landkreis Mühldorf am Inn,9183.0,"(48.3123, 12.2734)",292890.4,655977.1,459497.1,425290.8,220293.8,586953.1,438249.9,100859.4,659945.6,641048.3,693086.2,109742.8,629730.6,554841.7,666475.0,500889.0
6264,84431,48.24605,12.3409,Bayern,BY,Landkreis Mühldorf am Inn,9183.0,"(48.24605, 12.3409)",319028.6,682115.2,499386.5,451429.0,219926.8,626842.4,437882.8,112564.6,686083.8,667186.4,719224.3,109375.8,655868.7,580979.8,692613.1,527027.1
6265,84432,48.3833,12.1333,Bayern,BY,Erding,9177.0,"(48.3833, 12.1333)",275169.7,638256.4,441776.4,407570.1,215204.3,569232.4,433160.3,83138.7,642224.9,623327.6,675365.5,87769.9,612009.9,537121.0,648754.3,483168.3
6266,84434,48.4,12.05,Bayern,BY,Erding,9177.0,"(48.4, 12.05)",283080.8,646167.5,449687.5,415481.2,207122.9,577143.4,425078.9,91049.8,650136.0,631238.7,683276.6,79688.5,619921.0,545032.1,656665.3,491079.4
6267,84435,48.2574,12.0497,Bayern,BY,Erding,9177.0,"(48.2574, 12.0497)",298066.9,661153.5,478424.8,430467.3,198965.1,605880.7,416921.1,109145.5,665122.1,646224.7,698262.6,88414.1,634907.1,560018.1,671651.4,506065.4
6268,84437,48.2,12.2833,Bayern,BY,Landkreis Mühldorf am Inn,9183.0,"(48.2, 12.2833)",324125.2,687211.9,504483.2,456525.6,225023.4,631939.1,442979.5,124867.4,691180.4,672283.1,724321.0,114472.4,660965.4,586076.5,697709.8,532123.8
6269,84439,48.3833,12.0833,Bayern,BY,Erding,9177.0,"(48.3833, 12.0833)",292760.3,655846.9,443937.1,425160.7,210541.9,571393.0,428497.9,85299.4,659815.5,640918.1,692956.0,83107.5,629600.5,554711.5,666344.8,500758.8
6270,84453,48.2503,12.5215,Bayern,BY,Landkreis Mühldorf am Inn,9183.0,"(48.2503, 12.5215)",333394.6,696481.2,473178.7,465795.0,234292.8,600634.6,452248.8,114541.0,700449.8,681552.4,733590.3,123741.8,670234.8,595345.8,706979.1,541393.1
6271,84478,48.2085,12.3989,Bayern,BY,Landkreis Mühldorf am Inn,9183.0,"(48.2085, 12.3989)",330013.4,693100.0,510371.3,462413.8,230911.6,637827.3,448867.6,115291.7,697068.6,678171.2,730209.1,120360.6,666853.6,591964.6,703597.9,538011.9
6272,84489,48.1693,12.8314,Bayern,BY,Landkreis Altötting,9171.0,"(48.1693, 12.8314)",367645.4,730732.1,501681.8,500045.8,268543.6,629137.7,486499.7,143044.1,734700.6,715803.3,767841.2,157992.6,704485.6,629596.7,741230.0,575644.0
6273,84494,48.3318,12.5018,Bayern,BY,Landkreis Mühldorf am Inn,9183.0,"(48.3318, 12.5018)",295885.1,658971.7,462491.8,428285.5,247539.9,589947.7,465496.0,103854.1,662940.3,644042.9,696080.8,136988.9,632725.3,557836.3,669469.6,503883.6
6274,84503,48.2253,12.6766,Bayern,BY,Landkreis Altötting,9171.0,"(48.2253, 12.6766)",349819.6,712906.3,483856.0,482220.0,250717.8,611311.9,468673.9,125218.3,716874.8,697977.5,750015.4,140166.8,686659.8,611770.9,723404.2,557818.2
6275,84508,48.1675,12.7325,Bayern,BY,Landkreis Altötting,9171.0,"(48.1675, 12.7325)",359165.6,722252.2,493201.9,491566.0,260063.8,620657.8,478019.8,134564.2,726220.8,707323.4,759361.3,149512.8,696005.8,621116.8,732750.1,567164.1
6276,84513,48.27175,12.58395,Bayern,BY,Landkreis Mühldorf am Inn,9183.0,"(48.27175, 12.58395)",338667.5,701754.1,472703.8,471067.9,239565.7,600159.8,457521.8,114066.1,705722.7,686825.4,738863.2,129014.7,675507.7,600618.7,712252.0,546666.0
6277,84518,48.1345,12.5815,Bayern,BY,Landkreis Altötting,9171.0,"(48.1345, 12.5815)",348148.7,711235.4,495171.4,480549.1,249046.9,622627.3,467003.0,136533.7,715203.9,696306.6,748344.5,138495.9,684988.9,610100.0,721733.3,556147.3
6278,84524,48.241,12.69,Bayern,BY,Landkreis Altötting,9171.0,"(48.241, 12.69)",348760.0,711846.7,482796.4,481160.4,249658.3,610252.3,467614.3,124158.7,715815.3,696917.9,748955.8,139107.3,685600.2,610711.3,722344.6,556758.6
6279,84529,48.0616,12.7676,Bayern,BY,Landkreis Traunstein,9189.0,"(48.0616, 12.7676)",373747.2,736833.9,507783.6,506147.6,274645.4,635239.5,492601.5,149145.9,740802.4,721905.1,773943.0,164094.4,710587.4,635698.5,747331.7,581745.8
6280,84533,48.240633333333335,12.876,Bayern,BY,Landkreis Altötting,9171.0,"(48.240633333333335, 12.876)",363107.6,726194.3,497144.0,495508.0,264005.8,624599.9,481961.9,138506.3,730162.8,711265.5,763303.4,153454.8,699947.8,625058.9,736692.2,571106.2
6281,84539,48.2644,12.41915,Bayern,BY,Landkreis Mühldorf am Inn,9183.0,"(48.2644, 12.41915)",327144.9,690231.5,469446.6,459545.3,228043.1,596902.6,445999.1,110808.9,694200.1,675302.7,727340.6,117492.1,663985.1,589096.1,700729.4,535143.4
6282,84543,48.2667,12.65,Bayern,BY,Landkreis Altötting,9171.0,"(48.2667, 12.65)",344933.8,708020.4,478351.7,477334.2,245832.0,605807.6,463788.0,119714.0,711989.0,693091.6,745129.5,135281.0,681774.0,606885.0,718518.3,552932.3
6283,84544,48.1985,12.35,Bayern,BY,Landkreis Mühldorf am Inn,9183.0,"(48.1985, 12.35)",331330.4,694417.1,511688.4,463730.8,232228.6,639144.3,450184.7,117331.7,698385.6,679488.3,731526.2,121677.6,668170.6,593281.7,704915.0,539329.0
6284,84546,48.4,12.45,Bayern,BY,Landkreis Mühldorf am Inn,9183.0,"(48.4, 12.45)",285222.6,648309.2,451829.3,417623.0,246642.5,579285.2,464598.5,93191.6,652277.8,633380.5,685418.3,78626.5,622062.8,547173.8,658807.1,493221.1
6285,84547,48.2,12.7667,Bayern,BY,Landkreis Altötting,9171.0,"(48.2, 12.7667)",357587.8,720674.4,491624.1,489988.2,258486.0,619080.0,476442.0,132986.4,724643.0,705745.6,757783.5,147935.0,694428.0,619539.0,731172.3,565586.3
6286,84549,48.1163,12.5427,Bayern,BY,Landkreis Traunstein,9189.0,"(48.1163, 12.5427)",345352.4,708439.1,525710.4,477752.8,246250.6,653166.3,464206.7,133482.3,712407.6,693510.3,745548.2,135699.6,682192.6,607303.7,718937.0,553351.0
6287,84550,48.0833,12.6,Bayern,BY,Landkreis Altötting,9171.0,"(48.0833, 12.6)",352093.4,715180.0,501488.9,484493.8,252991.6,628944.8,470947.7,142851.2,719148.6,700251.3,752289.1,142440.6,688933.6,614044.6,725677.9,560091.9
6288,84552,48.3386,12.6623,Bayern,BY,Landkreis Rottal-Inn,9277.0,"(48.3386, 12.6623)",313729.3,676815.9,480336.0,446129.7,253777.8,607791.9,471733.9,121698.3,680784.5,661887.1,713925.0,143226.8,650569.5,575680.5,687313.8,521727.8
6289,84553,48.1333,12.6833,Bayern,BY,Landkreis Altötting,9171.0,"(48.1333, 12.6833)",365135.2,728221.9,499171.6,497535.6,266033.4,626627.5,483989.5,140533.9,732190.4,713293.1,765331.0,155482.4,701975.4,627086.5,738719.8,573133.8
6290,84555,48.1667,12.3833,Bayern,BY,Landkreis Mühldorf am Inn,9183.0,"(48.1667, 12.3833)",336430.7,699517.4,516788.7,468831.1,237329.0,644244.6,455285.0,124560.7,703486.0,684588.6,736626.5,126778.0,673270.9,598382.0,710015.3,544429.3
6291,84556,48.2,12.7,Bayern,BY,Landkreis Altötting,9171.0,"(48.2, 12.7)",354087.0,717173.7,488123.4,486487.4,254985.3,615579.3,472941.3,129485.7,721142.3,702244.9,754282.8,144434.3,690927.2,616038.3,727671.6,562085.6
6292,84558,48.09526666666667,12.6651,Bayern,BY,Landkreis Altötting,9171.0,"(48.09526666666667, 12.6651)",368535.2,731621.9,502571.6,500935.6,269433.4,630027.5,487389.5,143933.9,735590.4,716693.1,768731.0,158882.5,705375.4,630486.5,742119.8,576533.8
6293,84559,48.1819,12.4307,Bayern,BY,Landkreis Mühldorf am Inn,9183.0,"(48.1819, 12.4307)",332142.8,695229.5,512500.8,464543.2,233041.0,639956.7,450997.1,120272.8,699198.0,680300.7,732338.6,122490.1,668983.0,594094.1,705727.4,540141.4
6294,84561,48.1833,12.7833,Bayern,BY,Landkreis Altötting,9171.0,"(48.1833, 12.7833)",360297.5,723384.1,494333.8,492697.9,261195.7,621789.7,479151.7,135696.1,727352.7,708455.3,760493.2,150644.7,697137.7,622248.7,733882.0,568296.0
6295,84562,48.2667,12.4667,Bayern,BY,Landkreis Mühldorf am Inn,9183.0,"(48.2667, 12.4667)",331215.9,694302.5,471498.7,463616.3,232114.1,598954.6,450070.2,112861.0,698271.1,679373.8,731411.6,121563.1,668056.1,593167.1,704800.4,539214.4
6296,84564,48.3,12.3833,Bayern,BY,Landkreis Mühldorf am Inn,9183.0,"(48.3, 12.3833)",300699.4,663786.1,467306.1,433099.8,235849.7,594762.0,453805.8,108668.4,667754.6,648857.3,700895.2,125298.7,637539.6,562650.7,674283.9,508697.9
6297,84565,48.1833,12.5167,Bayern,BY,Landkreis Mühldorf am Inn,9183.0,"(48.1833, 12.5167)",340725.7,703812.4,521083.7,473126.1,241623.9,648539.6,459580.0,123852.1,707780.9,688883.6,740921.5,131072.9,677565.9,602677.0,714310.3,548724.3
6298,84567,48.28335,12.775,Bayern,BY,Landkreis Altötting,9171.0,"(48.28335, 12.775)",355976.8,719063.4,490013.1,488377.2,256875.0,617469.0,474831.0,131375.4,723032.0,704134.6,756172.5,146324.0,692816.9,617928.0,729561.3,563975.3
6299,84568,48.3071,12.5983,Bayern,BY,Landkreis Altötting,9171.0,"(48.3071, 12.5983)",304363.7,667450.3,470970.4,436764.1,248097.9,598426.3,466054.0,112332.7,671418.9,652521.5,704559.4,137546.9,641203.9,566314.9,677948.2,512362.2
6300,84570,48.2167,12.5667,Bayern,BY,Landkreis Mühldorf am Inn,9183.0,"(48.2167, 12.5667)",338151.2,701237.8,518509.1,470551.6,239049.4,645965.0,457005.4,120423.1,705206.4,686309.0,738346.9,128498.4,674991.4,600102.4,711735.7,546149.7
6301,84571,48.2907,12.7262,Bayern,BY,Landkreis Altötting,9171.0,"(48.2907, 12.7262)",317380.2,680466.9,484610.1,449780.6,254109.5,612066.1,472065.6,138427.2,684435.4,665538.1,717576.0,143558.5,654220.4,579331.5,690964.8,525378.8
6302,84573,48.3333,12.4333,Bayern,BY,Landkreis Mühldorf am Inn,9183.0,"(48.3333, 12.4333)",293681.2,656767.9,460287.9,426081.6,239285.1,587743.8,457241.1,101650.2,660736.4,641839.1,693877.0,128734.1,630521.4,555632.5,667265.8,501679.8
6303,84574,48.15,12.45,Bayern,BY,Landkreis Mühldorf am Inn,9183.0,"(48.15, 12.45)",336441.1,699527.7,516799.0,468841.5,237339.3,644254.9,455295.3,124571.0,703496.3,684598.9,736636.8,126788.3,673281.3,598392.3,710025.6,544439.6
6304,84576,48.2272,12.6114,Bayern,BY,Landkreis Altötting,9171.0,"(48.2272, 12.6114)",340468.0,703554.7,485641.9,472868.4,241366.3,613097.8,459322.3,127004.2,707523.3,688625.9,740663.8,130815.3,677308.2,602419.3,714052.6,548466.6
6305,84577,48.2122,12.5995,Bayern,BY,Landkreis Altötting,9171.0,"(48.2122, 12.5995)",340875.1,703961.8,487779.2,473275.5,241773.3,615235.1,459729.4,129141.5,707930.3,689033.0,741070.9,131222.3,677715.3,602826.4,714459.7,548873.7
6306,84579,48.1667,12.6167,Bayern,BY,Landkreis Altötting,9171.0,"(48.1667, 12.6167)",356466.6,719553.3,490503.0,488867.0,257364.8,617958.9,475320.9,131865.3,723521.8,704624.5,756662.4,146813.8,693306.8,618417.9,730051.2,564465.2
6307,85049,48.7667,11.4147,Bayern,BY,Ingolstadt,9161.0,"(48.7667, 11.4147)",194538.0,557624.6,374895.9,326938.4,177020.5,502351.8,415689.4,55220.9,561593.2,542695.8,594733.7,33652.3,531378.2,456489.2,568122.5,402536.5
6308,85051,48.7212,11.4096,Bayern,BY,Ingolstadt,9161.0,"(48.7212, 11.4096)",205219.8,568306.5,385577.8,337620.2,159036.6,513033.7,376992.6,50637.4,572275.0,553377.7,605415.6,29401.9,542060.0,467171.1,578804.4,413218.4
6309,85053,48.7515,11.4588,Bayern,BY,Ingolstadt,9161.0,"(48.7515, 11.4588)",204189.0,567275.6,384546.9,336589.4,170296.7,512002.8,388252.8,48497.1,571244.2,552346.8,604384.7,26928.6,541029.2,466140.2,577773.5,412187.5
6310,85055,48.776,11.4459,Bayern,BY,Ingolstadt,9161.0,"(48.776, 11.4459)",192110.3,555196.9,372468.2,324510.7,175053.7,499924.2,413261.7,53254.1,559165.5,540268.2,592306.0,31685.6,528950.5,454061.5,565694.8,400108.8
