,zipcode,lat,long,state,state_code,community_name,community_code,coor,AKB Kitzingen,AKB Dortmund,AKB Zörbig,AKB Schöneck,AKB Buch,Mosolf Etzin,Mosolf Kippenheim,BLG Kelheim,BLG Duisburg,BLG Neuss,Carservice Erkens,ARS Altmann Wolnzach,CAT Zülpich,Autohaus Siebrecht,Neu: FleetParQ Essen ,Neu: FleetParQ Kassel
6959,89434,48.6314,10.6199,Bayern,BY,Landkreis Dillingen an der Donau,9773.0,"(48.6314, 10.6199)",175066.3,540202.7,405798.5,311291.2,88591.5,533254.5,306547.6,115803.2,545946.0,527048.6,579086.5,94567.7,515730.9,439067.3,552475.3,385114.6
6960,89435,48.6545,10.4986,Bayern,BY,Landkreis Dillingen an der Donau,9773.0,"(48.6545, 10.4986)",165961.9,531098.3,419225.0,302186.7,84946.1,546680.9,302902.2,129229.7,536841.6,517944.2,569982.1,107994.2,506626.5,429962.9,543370.9,376010.2
6961,89437,48.5998,10.374,Bayern,BY,Landkreis Dillingen an der Donau,9773.0,"(48.5998, 10.374)",155265.7,520402.1,456743.2,291490.5,71644.7,584199.1,289844.3,137888.0,526145.3,507248.0,559285.9,116652.5,495930.3,419266.7,532674.6,365314.0
6962,89438,48.5142,10.5306,Bayern,BY,Landkreis Dillingen an der Donau,9773.0,"(48.5142, 10.5306)",177051.7,542188.0,439082.8,313276.5,72535.6,566538.7,290491.7,142508.5,547931.3,529033.9,581071.8,111315.8,517716.3,441052.6,554460.6,387099.9
6963,89440,48.65,10.55,Bayern,BY,Landkreis Dillingen an der Donau,9773.0,"(48.65, 10.55)",157199.4,522335.8,413109.5,293424.2,86245.4,540565.4,304201.4,123114.2,528079.0,509181.7,561219.6,101878.6,497864.0,421200.4,534608.3,367247.7
6964,89441,48.5703,10.3161,Bayern,BY,Landkreis Dillingen an der Donau,9773.0,"(48.5703, 10.3161)",157096.7,522233.1,458574.3,293321.5,66205.7,586030.2,284405.4,142156.9,527976.4,509079.0,561116.9,135072.6,497761.3,421097.7,534505.7,367145.0
6965,89443,48.65,10.65,Bayern,BY,Landkreis Dillingen an der Donau,9773.0,"(48.65, 10.65)",178738.8,543875.2,403004.9,314963.6,92264.0,530460.8,310220.0,113009.6,549618.4,530721.1,582759.0,91774.0,519403.4,442739.8,556147.8,388787.1
6966,89446,48.6524,10.3988,Bayern,BY,Landkreis Dillingen an der Donau,9773.0,"(48.6524, 10.3988)",158046.6,523183.0,459524.1,294271.4,75566.4,586980.1,293766.0,137254.8,528926.2,510028.9,562066.8,116019.2,498711.2,422047.6,535455.6,368094.9
6967,89447,48.6736,10.3252,Bayern,BY,Landkreis Dillingen an der Donau,9773.0,"(48.6736, 10.3252)",145840.2,510976.5,447317.7,282065.0,71747.3,574773.6,289946.9,145746.2,516719.8,497822.4,549860.3,124510.6,486504.8,409841.1,523249.1,355888.4
6968,89518,48.6785,10.1413,Baden-Württemberg,BW,Landkreis Heidenheim,8135.0,"(48.6785, 10.1413)",142842.6,507979.0,444320.2,279067.5,66821.0,571776.1,247388.1,161379.8,513722.3,494824.9,546862.8,171029.2,483507.2,406843.6,520251.6,352890.9
6969,89520,48.6873,10.1601,Baden-Württemberg,BW,Landkreis Heidenheim,8135.0,"(48.6873, 10.1601)",140247.2,505383.6,441724.7,276472.0,69653.9,569180.6,250191.3,158784.4,511126.8,492229.5,544267.4,173862.2,480911.8,404248.2,517656.1,350295.5
6970,89522,48.6833,10.15,Baden-Württemberg,BW,Landkreis Heidenheim,8135.0,"(48.6833, 10.15)",141842.9,506979.3,443320.5,278067.8,66258.0,570776.4,248384.7,160380.1,512722.6,493825.2,545863.1,170466.2,482507.5,405843.9,519251.9,351891.2
6971,89537,48.5887,10.2058,Baden-Württemberg,BW,Landkreis Heidenheim,8135.0,"(48.5887, 10.2058)",148493.9,513630.2,449971.4,284718.7,54664.4,577427.3,272864.0,153328.8,519373.5,500476.1,552514.0,158872.6,489158.5,412494.8,525902.8,358542.1
6972,89542,48.6217,10.176,Baden-Württemberg,BW,Landkreis Heidenheim,8135.0,"(48.6217, 10.176)",149029.7,514166.1,450507.3,285254.5,58730.0,577963.2,276929.6,156125.6,519909.4,501012.0,553049.9,162938.3,489694.3,413030.7,526438.7,359078.0
6973,89547,48.6225,10.0198,Baden-Württemberg,BW,Landkreis Heidenheim,8135.0,"(48.6225, 10.0198)",163142.9,528279.3,464620.5,299367.7,64098.0,592076.4,239566.8,204654.7,534022.5,515125.2,567163.1,168306.2,503807.5,427143.9,540551.9,373191.2
6974,89551,48.7432,10.1119,Baden-Württemberg,BW,Landkreis Heidenheim,8135.0,"(48.7432, 10.1119)",139028.3,504164.7,440505.8,275253.1,76263.3,567961.7,252686.4,163366.8,509907.9,491010.6,543048.4,180471.6,479692.9,403029.3,516437.2,349076.5
6975,89555,48.6909,10.0638,Baden-Württemberg,BW,Landkreis Heidenheim,8135.0,"(48.6909, 10.0638)",149363.7,514500.1,450841.3,285588.6,78770.5,578297.2,244421.4,167900.9,520243.4,501346.0,553383.9,182978.7,490028.4,413364.7,526772.7,359412.0
6976,89558,48.6833,9.9333,Baden-Württemberg,BW,Göppingen,8117.0,"(48.6833, 9.9333)",148528.6,513665.0,450006.1,284753.4,75605.3,577462.1,231111.0,216162.0,496041.2,477143.8,516030.9,179813.6,438613.3,412529.6,502570.5,358576.9
6977,89561,48.7,10.3667,Baden-Württemberg,BW,Landkreis Heidenheim,8135.0,"(48.7, 10.3667)",142495.5,507631.9,443973.1,278720.3,77703.7,571429.0,295903.3,136989.7,513375.2,494477.8,546515.7,115754.2,483160.1,406496.5,519904.5,352543.8
6978,89564,48.6996,10.2421,Baden-Württemberg,BW,Landkreis Heidenheim,8135.0,"(48.6996, 10.2421)",138194.2,503330.6,439671.7,274419.0,67100.8,567127.6,285300.4,155782.6,509073.8,490176.5,542214.4,171309.0,478858.8,402195.2,515603.1,348242.4
6979,89567,48.5524,10.291,Baden-Württemberg,BW,Landkreis Heidenheim,8135.0,"(48.5524, 10.291)",156800.8,521937.1,458278.3,293025.6,55878.0,585734.2,274077.6,145017.6,527680.4,508783.0,560820.9,137933.2,497465.4,420801.7,534209.7,366849.0
6980,89568,48.5954,10.2607,Baden-Württemberg,BW,Landkreis Heidenheim,8135.0,"(48.5954, 10.2607)",150950.4,516086.8,452427.9,287175.2,60059.4,579883.8,278259.0,147922.9,521830.0,502932.7,554970.6,140838.5,491615.0,414951.4,528359.4,360998.7
6981,89584,48.2713,9.6339,Baden-Württemberg,BW,Alb-Donau-Kreis,8425.0,"(48.2713, 9.6339)",215731.3,499603.5,517208.9,351956.2,51248.6,644664.8,175119.8,224352.2,503758.9,484861.6,523748.7,188003.7,446331.0,479732.3,510288.3,425779.6
6982,89597,48.21683333333333,9.637533333333332,Baden-Württemberg,BW,Alb-Donau-Kreis,8425.0,"(48.21683333333333, 9.637533333333332)",224704.3,510869.2,526181.9,360929.1,50399.7,653637.8,173352.7,233325.2,515024.6,496127.3,535014.3,196976.7,457596.7,488705.3,521553.9,434752.6
6983,89601,48.3758,9.7327,Baden-Württemberg,BW,Alb-Donau-Kreis,8425.0,"(48.3758, 9.7327)",198389.9,504809.6,499867.4,316674.9,52605.0,627323.4,244034.9,211718.1,508965.0,490067.7,528954.8,175369.6,451537.1,462390.9,515494.4,408438.2
6984,89604,48.3305,9.7242,Baden-Württemberg,BW,Alb-Donau-Kreis,8425.0,"(48.3305, 9.7242)",203451.4,509871.1,504928.9,321736.4,47756.9,632384.8,249096.3,216779.6,514026.5,495129.2,534016.2,180431.1,456598.6,467452.3,520555.8,413499.6
6985,89605,48.328,9.7704,Baden-Württemberg,BW,Alb-Donau-Kreis,8425.0,"(48.328, 9.7704)",200943.0,511587.3,502420.5,337167.8,48536.4,629876.5,250812.5,214271.2,515742.7,496845.3,535732.4,177922.7,458314.8,464944.0,522272.0,410991.3
6986,89607,48.2119,9.6565,Baden-Württemberg,BW,Alb-Donau-Kreis,8425.0,"(48.2119, 9.6565)",223505.6,588642.0,524983.1,359730.4,49057.9,652439.1,174427.9,232126.4,517027.7,498130.4,537017.4,195778.0,459599.8,487506.6,523557.0,433553.9
6987,89608,48.2667,9.7833,Baden-Württemberg,BW,Alb-Donau-Kreis,8425.0,"(48.2667, 9.7833)",209420.1,574556.5,510897.6,345644.9,39446.4,638353.6,246624.6,218040.9,511554.8,492657.4,531544.5,181692.5,454126.9,473421.1,518084.1,419468.4
6988,89610,48.3,9.8333,Baden-Württemberg,BW,Alb-Donau-Kreis,8425.0,"(48.3, 9.8333)",199133.0,564269.3,500610.5,335357.8,34621.2,628066.4,252065.1,207753.8,516995.3,498098.0,536985.0,171405.3,459567.4,463134.0,523524.7,409181.2
6989,89611,48.2368,9.55915,Baden-Württemberg,BW,Alb-Donau-Kreis,8425.0,"(48.2368, 9.55915)",222642.9,504528.3,524120.4,316393.6,58160.2,651576.3,167463.6,231263.7,508683.7,489786.3,528673.4,194915.2,451255.7,486643.9,515213.0,432691.1
6990,89613,48.17635,9.67955,Baden-Württemberg,BW,Alb-Donau-Kreis,8425.0,"(48.17635, 9.67955)",224631.0,589767.4,526108.6,360855.8,46185.2,653564.5,176035.9,233251.9,520887.0,501989.7,540876.7,196903.4,463459.1,488632.0,527416.3,434679.3
6991,89614,48.2864,9.8026,Baden-Württemberg,BW,Alb-Donau-Kreis,8425.0,"(48.2864, 9.8026)",202258.5,567394.9,503736.0,338483.3,37775.8,631191.9,255055.2,210879.3,519985.4,501088.1,539975.1,174530.8,462557.5,466259.5,526514.7,412306.8
6992,89616,48.2348,9.6896,Baden-Württemberg,BW,Alb-Donau-Kreis,8425.0,"(48.2348, 9.6896)",220528.0,585664.3,522005.5,356752.8,45080.8,649461.4,176462.1,229148.8,513645.3,494748.0,533635.0,192800.3,456217.4,484528.9,520174.6,430576.2
6993,89617,48.2392,9.6098,Baden-Württemberg,BW,Alb-Donau-Kreis,8425.0,"(48.2392, 9.6098)",219847.2,503372.8,521324.8,356072.0,55364.5,648780.7,169640.9,228468.1,507528.2,488630.9,527517.9,192119.6,450100.3,483848.2,514057.5,429895.5
6994,89619,48.2031,9.6884,Baden-Württemberg,BW,Alb-Donau-Kreis,8425.0,"(48.2031, 9.6884)",223152.4,588288.8,524629.9,359377.2,46488.3,652085.9,176072.4,231773.2,516674.5,497777.2,536664.2,195424.8,459246.6,487153.4,523203.8,433200.7
6995,90402,49.4504,11.0778,Bayern,BY,Nürnberg,9564.0,"(49.4504, 11.0778)",100720.6,463706.2,301449.7,233121.0,213928.0,428905.6,346540.7,123507.6,467775.8,448878.5,500916.3,119679.4,437560.8,362570.8,474305.1,308618.1
6996,90403,49.4541,11.0768,Bayern,BY,Nürnberg,9564.0,"(49.4541, 11.0768)",98334.9,461421.5,301635.2,230735.3,214705.0,429091.1,347317.7,124284.6,465390.1,446492.7,498530.6,120456.4,435175.1,360286.1,471919.4,306333.4
6997,90408,49.4678,11.0693,Bayern,BY,Nürnberg,9564.0,"(49.4678, 11.0693)",96324.2,459410.9,300604.9,228724.6,215835.8,428060.9,348448.5,120919.7,463379.4,444482.1,496520.0,121587.2,433164.4,358275.5,469908.8,304322.8
6998,90409,49.4478,11.0683,Bayern,BY,Nürnberg,9564.0,"(49.4478, 11.0683)",100173.9,463159.6,301509.4,232574.3,213906.9,428965.3,346519.6,123486.4,467229.1,448331.8,500369.7,119658.2,437014.1,362024.2,473758.5,308071.5
6999,90411,49.4897,11.1064,Bayern,BY,Nürnberg,9564.0,"(49.4897, 11.1064)",99607.4,462694.1,299158.9,232007.8,227958.0,426614.8,360570.7,119473.7,466662.6,447765.3,499803.2,127166.5,436447.6,361558.7,473192.0,307606.0
7000,90419,49.4639,11.0671,Bayern,BY,Nürnberg,9564.0,"(49.4639, 11.0671)",97146.4,460233.1,301325.8,229546.8,215192.5,428781.8,347805.2,121640.6,464201.6,445304.3,497342.2,120943.9,433986.6,359097.7,470731.0,305145.0
7001,90425,49.4732,11.0567,Bayern,BY,Nürnberg,9564.0,"(49.4732, 11.0567)",96117.0,459203.7,301061.4,228517.4,217104.1,428517.3,349716.8,121376.1,463172.2,444274.9,496312.8,122855.5,432957.2,358068.3,469701.6,304115.6
7002,90427,49.5178,11.0058,Bayern,BY,Nürnberg,9564.0,"(49.5178, 11.0058)",90068.2,453053.9,308809.6,222468.6,223909.2,436265.5,356521.9,129124.3,457123.5,438226.1,490264.0,136817.2,426908.4,351918.5,463652.8,297965.8
7003,90429,49.4599,11.0275,Bayern,BY,Nürnberg,9564.0,"(49.4599, 11.0275)",96063.7,459049.3,313434.5,228464.1,216382.1,440890.4,348994.8,125961.6,463118.9,444221.5,496259.4,122133.4,432903.9,357913.9,469648.2,303961.2
7004,90431,49.4453,11.0222,Bayern,BY,Nürnberg,9564.0,"(49.4453, 11.0222)",99066.4,462052.0,311727.9,231466.8,214675.5,439183.8,347288.2,124255.1,466121.6,447224.2,499262.1,120426.9,435906.5,360916.6,472650.9,306963.9
7005,90439,49.4358,11.0384,Bayern,BY,Nürnberg,9564.0,"(49.4358, 11.0384)",99206.3,462191.9,309730.3,231606.7,212677.9,437186.3,345290.6,122257.5,466261.5,447364.1,499402.0,118429.3,436046.5,361056.5,472790.8,307103.8
7006,90441,49.4324,11.0497,Bayern,BY,Nürnberg,9564.0,"(49.4324, 11.0497)",100354.1,463339.8,308804.1,232754.5,211751.7,436260.1,344364.4,121331.3,467409.3,448512.0,500549.9,117503.1,437194.3,362204.4,473938.7,308251.7
7007,90443,49.446,11.0782,Bayern,BY,Nürnberg,9564.0,"(49.446, 11.0782)",100542.5,463528.1,300582.4,232942.9,213586.2,428038.4,346198.9,123165.8,467597.7,448700.4,500738.2,119337.6,437382.7,362392.7,474127.0,308440.0
7008,90449,49.4177,11.0297,Bayern,BY,Nürnberg,9564.0,"(49.4177, 11.0297)",86482.8,464247.8,309216.7,233662.6,198078.6,436672.6,330691.3,121743.9,468317.4,449420.0,501457.9,117915.7,438102.4,363112.4,474846.7,309159.7
7009,90451,49.4072,11.0352,Bayern,BY,Nürnberg,9564.0,"(49.4072, 11.0352)",87408.9,465174.0,308034.6,234588.7,210982.2,435490.6,343594.9,120561.8,469243.6,450346.2,502384.1,116733.6,439028.5,364038.6,475772.9,310085.9
7010,90453,49.3834,11.0416,Bayern,BY,Nürnberg,9564.0,"(49.3834, 11.0416)",106448.7,469434.3,307522.1,238849.1,202995.8,434978.0,335608.5,120049.2,473503.9,454606.5,506644.4,116221.0,443288.8,368298.9,480033.2,314346.2
7011,90455,49.4478,11.0683,Bayern,BY,Nürnberg,9564.0,"(49.4478, 11.0683)",100173.9,463159.6,301509.4,232574.3,213906.9,428965.3,346519.6,123486.4,467229.1,448331.8,500369.7,119658.2,437014.1,362024.2,473758.5,308071.5
7012,90459,49.4403,11.0809,Bayern,BY,Nürnberg,9564.0,"(49.4403, 11.0809)",100761.8,463747.5,302276.2,233162.2,213463.3,429732.2,346076.0,123042.9,467817.1,448919.7,500957.6,119214.7,437602.0,362612.1,474346.4,308659.4
7013,90461,49.4361,11.0925,Bayern,BY,Nürnberg,9564.0,"(49.4361, 11.0925)",101958.1,464943.8,301855.0,234358.5,209607.9,429310.9,342220.6,119139.3,469013.3,450116.0,502153.9,115485.4,438798.3,363808.4,475542.7,309855.7
7014,90469,49.4092,11.092,Bayern,BY,Nürnberg,9564.0,"(49.4092, 11.092)",104547.6,467533.2,305268.4,236948.0,208216.0,432724.4,340828.7,117795.6,471602.8,452705.5,504743.3,113967.4,441387.8,366397.8,478132.1,312445.1
7015,90471,49.417,11.1251,Bayern,BY,Nürnberg,9564.0,"(49.417, 11.1251)",108712.1,469081.0,300176.4,241112.5,207141.3,427632.3,339754.0,116672.7,475767.3,456870.0,508907.9,113018.8,445552.3,367945.6,482296.7,313992.9
7016,90473,49.4044,11.1341,Bayern,BY,Nürnberg,9564.0,"(49.4044, 11.1341)",118425.0,481511.7,298783.0,250825.4,208721.1,426238.9,341333.8,112419.2,485480.2,466582.9,518620.8,111512.0,455265.2,380376.3,492009.6,326423.6
7017,90475,49.4075,11.1649,Bayern,BY,Nürnberg,9564.0,"(49.4075, 11.1649)",115411.8,478498.5,295769.8,247812.3,207322.0,423225.7,339934.7,111020.1,482467.1,463569.7,515607.6,110872.6,452252.0,377363.1,488996.4,323410.4
7018,90478,49.443,11.0948,Bayern,BY,Nürnberg,9564.0,"(49.443, 11.0948)",101666.6,464652.2,301453.0,234067.0,210482.2,428908.9,343094.9,116564.7,468721.8,449824.4,501862.3,116359.7,438506.8,363516.8,475251.1,309564.1
7019,90480,49.4371,11.1194,Bayern,BY,Nürnberg,9564.0,"(49.4371, 11.1194)",105392.2,468478.8,299554.1,237792.6,209949.7,427010.0,342562.4,114665.7,472447.4,453550.1,505587.9,114656.9,442232.4,367343.4,478976.7,313390.7
7020,90482,49.464,11.1491,Bayern,BY,Nürnberg,9564.0,"(49.464, 11.1491)",104192.0,467278.7,293606.8,236592.4,222405.9,421062.7,355018.6,113921.6,471247.2,452349.9,504387.8,121614.4,441032.2,366143.3,477776.6,312190.6
7021,90489,49.4586,11.0974,Bayern,BY,Nürnberg,9564.0,"(49.4586, 11.0974)",102589.2,465675.8,298189.9,234989.6,211849.1,425645.9,344461.8,118504.7,469644.4,450747.1,502784.9,117726.6,439429.4,364540.5,476173.7,310587.7
7022,90491,49.4741,11.1296,Bayern,BY,Nürnberg,9564.0,"(49.4741, 11.1296)",100339.6,463426.3,295479.2,232740.0,224278.2,422935.1,356890.9,115793.9,467394.8,448497.5,500535.4,123486.8,437179.8,362290.9,473924.2,308338.2
7023,90513,49.4424,10.9541,Bayern,BY,Landkreis Fürth,9573.0,"(49.4424, 10.9541)",82590.4,465110.1,315839.2,234524.8,198595.5,443295.1,331208.2,128366.4,469179.6,450282.3,502320.2,124538.2,438964.6,363974.7,475709.0,310022.0
7024,90518,49.3856,11.3573,Bayern,BY,Nürnberger Land,9574.0,"(49.3856, 11.3573)",119605.6,482692.2,300001.3,252006.0,219535.9,427457.2,352148.6,96232.0,486660.8,467763.4,519801.3,119018.3,456445.8,381556.8,493190.1,327604.1
7025,90522,49.4228,10.9577,Bayern,BY,Landkreis Fürth,9573.0,"(49.4228, 10.9577)",83938.4,466458.0,315959.5,235872.8,196037.0,443415.4,328649.7,128486.7,470527.6,451630.2,503668.1,124658.5,440312.6,365322.6,477056.9,311369.9
7026,90530,49.3523,11.1507,Bayern,BY,Landkreis Roth,9576.0,"(49.3523, 11.1507)",126172.4,477436.7,306530.3,258572.8,202052.7,433986.3,334665.4,116976.2,493227.6,474330.3,526368.1,108514.3,463012.6,376301.3,499756.9,322348.6
7027,90537,49.376,11.2143,Bayern,BY,Nürnberger Land,9574.0,"(49.376, 11.2143)",122349.1,485435.8,302707.1,254749.5,207839.1,430163.0,340451.8,105325.0,489404.3,470507.0,522544.9,104691.0,459189.3,384300.4,495933.7,330347.7
7028,90542,49.5833,11.25,Bayern,BY,Landkreis Erlangen-Höchstadt,9572.0,"(49.5833, 11.25)",112796.5,454657.1,278476.3,245196.9,235213.2,405932.2,367825.9,126035.7,479851.7,460954.3,512992.2,134421.7,449636.6,353521.7,486381.0,299569.0
7029,90547,49.406,10.9991,Bayern,BY,Landkreis Fürth,9573.0,"(49.406, 10.9991)",87037.4,466908.6,311877.5,236323.3,195141.0,439333.4,327753.7,124404.6,470978.1,452080.8,504118.7,120576.4,440763.1,365773.2,477507.5,311820.5
7030,90552,49.483,11.2412,Bayern,BY,Nürnberger Land,9574.0,"(49.483, 11.2412)",106017.0,469103.7,285200.3,238417.4,223731.9,412656.3,356344.6,115247.6,473072.2,454174.9,506212.7,122940.4,442857.2,367968.3,479601.5,314015.5
7031,90556,49.47285,10.86665,Bayern,BY,Landkreis Fürth,9573.0,"(49.47285, 10.86665)",73320.6,454972.5,325311.5,226060.9,201475.2,452767.4,334087.9,137838.6,460715.8,441818.4,493856.3,134010.4,430500.7,353837.1,467245.1,299884.4
7032,90559,49.352,11.3115,Bayern,BY,Nürnberger Land,9574.0,"(49.352, 11.3115)",123083.5,486170.2,303479.3,255483.9,214983.5,430935.2,347596.2,100072.1,490138.7,471241.4,523279.3,111835.3,459923.7,385034.8,496668.1,331082.1
7033,90562,49.5452,11.1445,Bayern,BY,Landkreis Erlangen-Höchstadt,9572.0,"(49.5452, 11.1445)",106053.2,455099.0,289456.0,238453.6,233084.3,416911.9,365696.9,124600.0,473108.5,454211.1,506249.0,132292.8,442893.4,353963.6,479637.8,300010.9
7034,90571,49.4695,11.2006,Bayern,BY,Nürnberger Land,9574.0,"(49.4695, 11.2006)",102816.5,465903.2,291732.4,235216.9,220531.4,419188.3,353144.1,112047.1,469871.8,450974.4,503012.3,119740.0,439656.7,364767.8,476401.1,310815.1
7035,90574,49.3957,10.8885,Bayern,BY,Landkreis Fürth,9573.0,"(49.3957, 10.8885)",84541.9,464156.3,321752.9,235244.8,189750.8,449208.8,322363.5,134280.1,469899.6,451002.2,503040.1,130451.9,439684.5,363020.9,476428.9,309068.2
7036,90579,49.4946,10.7923,Bayern,BY,Landkreis Fürth,9573.0,"(49.4946, 10.7923)",64931.6,446192.7,331098.1,217281.1,201442.5,458554.0,324549.5,143625.3,451936.0,433038.6,485076.5,139797.1,421720.9,345057.3,458465.3,291104.6
7037,90584,49.2513,11.2366,Bayern,BY,Landkreis Roth,9576.0,"(49.2513, 11.2366)",132375.3,495462.0,312733.3,264775.7,214710.6,440189.2,347323.3,84774.2,499430.6,480533.2,532571.1,91607.2,469215.5,394326.6,505959.9,340373.9
7038,90587,49.523833333333336,10.885533333333331,Bayern,BY,Landkreis Fürth,9573.0,"(49.523833333333336, 10.885533333333331)",88550.1,449601.8,320320.0,220950.5,207665.3,447775.9,340278.0,140634.7,455605.3,436707.9,488745.8,136732.8,425390.2,348466.4,462134.6,294513.7
7039,90592,49.3578,11.2433,Bayern,BY,Nürnberger Land,9574.0,"(49.3578, 11.2433)",124910.7,487997.3,305268.6,257311.1,210400.7,432724.5,343013.4,103623.0,491965.9,473068.5,525106.4,107252.6,461750.9,386861.9,498495.2,332909.2
