,zipcode,lat,long,state,state_code,community_name,community_code,coor,AKB Kitzingen,AKB Dortmund,AKB Zörbig,AKB Schöneck,AKB Buch,Mosolf Etzin,Mosolf Kippenheim,BLG Kelheim,BLG Duisburg,BLG Neuss,Carservice Erkens,ARS Altmann Wolnzach,CAT Zülpich,Autohaus Siebrecht,Neu: FleetParQ Essen ,Neu: FleetParQ Kassel
3280,47533,51.7883,6.1386,Nordrhein-Westfalen,NW,Kleve,5154.0,"(51.7883, 6.1386)",451398.2,129628.8,540272.5,347813.7,646328.7,576804.0,532307.7,654235.4,78946.8,94854.0,54795.0,661928.3,164986.4,300432.0,99052.8,290636.8
3281,47546,51.7391,6.291,Nordrhein-Westfalen,NW,Kleve,5154.0,"(51.7391, 6.291)",436677.4,117914.6,528558.3,333093.0,631608.0,565089.8,517587.0,639514.7,64226.1,80133.2,47126.2,647207.5,150265.6,288717.8,87338.7,278922.6
3282,47551,51.7667,6.1667,Nordrhein-Westfalen,NW,Kleve,5154.0,"(51.7667, 6.1667)",441520.7,118721.7,540221.8,337936.2,636451.3,576753.4,522430.3,644357.9,69069.3,84976.5,52085.5,652050.8,155108.9,300381.3,91178.0,290586.2
3283,47559,51.7833,6.0167,Nordrhein-Westfalen,NW,Kleve,5154.0,"(51.7833, 6.0167)",453021.9,130222.9,551723.0,349437.4,647952.5,588254.6,533931.5,655859.1,80570.5,96477.7,56418.7,663552.0,166610.1,311882.5,102679.2,302087.4
3284,47574,51.6787,6.159,Nordrhein-Westfalen,NW,Kleve,5154.0,"(51.6787, 6.159)",434176.2,111377.2,532877.4,330591.8,629106.8,569408.9,515085.8,637013.4,61724.8,77632.0,37065.0,644706.3,147764.4,293036.9,83833.5,283241.7
3285,47589,51.6652,6.2737,Nordrhein-Westfalen,NW,Kleve,5154.0,"(51.6652, 6.2737)",426382.6,103583.7,525083.8,322798.2,621313.2,561615.3,507292.2,629219.9,53931.3,69838.5,34342.5,636912.7,139970.9,285243.3,76039.9,275448.1
3286,47608,51.5191,6.3236,Nordrhein-Westfalen,NW,Kleve,5154.0,"(51.5191, 6.3236)",411565.1,96985.2,518485.3,307980.7,606495.7,555016.8,492474.7,614402.4,41961.1,57868.3,16514.7,622095.2,123356.4,278644.8,69441.5,268849.6
3287,47623,51.5829,6.2414,Nordrhein-Westfalen,NW,Kleve,5154.0,"(51.5829, 6.2414)",426983.2,104184.3,525684.4,323398.8,621913.8,562215.9,507892.8,629820.5,54531.9,70439.1,23013.9,637513.3,129855.6,285843.9,76640.5,276048.7
3288,47624,51.5833,6.25,Nordrhein-Westfalen,NW,Kleve,5154.0,"(51.5833, 6.25)",425468.5,102669.5,524169.6,321884.0,620399.0,560701.1,506378.0,628305.7,53017.1,68924.3,24052.5,635998.6,139056.7,284329.1,75125.8,274533.9
3289,47625,51.5833,6.25,Nordrhein-Westfalen,NW,Kleve,5154.0,"(51.5833, 6.25)",425468.5,102669.5,524169.6,321884.0,620399.0,560701.1,506378.0,628305.7,53017.1,68924.3,24052.5,635998.6,139056.7,284329.1,75125.8,274533.9
3290,47626,51.5833,6.25,Nordrhein-Westfalen,NW,Kleve,5154.0,"(51.5833, 6.25)",425468.5,102669.5,524169.6,321884.0,620399.0,560701.1,506378.0,628305.7,53017.1,68924.3,24052.5,635998.6,139056.7,284329.1,75125.8,274533.9
3291,47627,51.5833,6.25,Nordrhein-Westfalen,NW,Kleve,5154.0,"(51.5833, 6.25)",425468.5,102669.5,524169.6,321884.0,620399.0,560701.1,506378.0,628305.7,53017.1,68924.3,24052.5,635998.6,139056.7,284329.1,75125.8,274533.9
3292,47638,51.4419,6.2664,Nordrhein-Westfalen,NW,Kleve,5154.0,"(51.4419, 6.2664)",414169.1,106529.4,525016.6,310584.7,571597.4,561548.2,480088.3,617006.4,44565.1,60472.3,6288.4,624699.2,112831.4,285176.1,68733.2,275381.0
3293,47647,51.45,6.3667,Nordrhein-Westfalen,NW,Kleve,5154.0,"(51.45, 6.3667)",403868.6,89785.5,511285.7,300284.2,598799.2,547817.2,484778.2,606705.9,34264.6,50171.8,10206.8,614398.7,118674.7,271445.2,58432.7,261650.0
3294,47652,51.6268,6.1979,Nordrhein-Westfalen,NW,Kleve,5154.0,"(51.6268, 6.1979)",434535.7,111736.7,533236.8,330951.2,629466.3,569768.4,515445.3,637372.9,62084.3,77991.5,29953.5,645065.8,148123.9,293396.3,84193.0,283601.2
3295,47661,51.5333,6.4333,Nordrhein-Westfalen,NW,Kleve,5154.0,"(51.5333, 6.4333)",411754.3,88955.4,510455.5,308169.9,606684.9,546987.0,492663.9,614591.6,39303.0,55210.2,22053.3,622284.4,125342.6,270615.0,61411.6,260819.8
3296,47665,51.6074,6.3792,Nordrhein-Westfalen,NW,Wesel,5170.0,"(51.6074, 6.3792)",419722.4,96923.4,518423.5,316137.9,614653.0,554955.0,500632.0,622559.6,47271.0,63178.2,27523.3,630252.5,133310.6,278583.0,69379.7,268787.9
3297,47669,51.3974,6.2919,Nordrhein-Westfalen,NW,Kleve,5154.0,"(51.3974, 6.2919)",409155.5,101515.8,520003.0,305571.0,567234.0,556534.5,475724.8,611992.7,39551.5,55458.7,0.0,619685.6,108468.0,280162.5,63719.6,270367.3
3298,47798,51.3311,6.5616,Nordrhein-Westfalen,NW,"Krefeld, Stadt",5114.0,"(51.3311, 6.5616)",376519.3,76062.1,514344.5,272691.9,571449.9,550876.0,457428.9,579356.6,14930.9,24561.8,24913.8,587049.4,94694.2,256593.5,46644.7,246798.4
3299,47799,51.3319,6.5717,Nordrhein-Westfalen,NW,"Krefeld, Stadt",5114.0,"(51.3319, 6.5717)",375240.7,75101.7,514007.7,271413.3,570171.3,550539.2,456150.2,578077.9,14453.4,23283.1,25995.3,585770.8,93415.5,255633.2,45684.3,245838.0
3300,47800,51.3428,6.5951,Nordrhein-Westfalen,NW,"Krefeld, Stadt",5114.0,"(51.3428, 6.5951)",377591.4,73075.4,512263.3,274006.9,572521.9,548794.8,458500.9,580428.6,12378.0,23021.3,37603.2,588121.5,93153.7,253606.9,43658.1,243811.8
3301,47802,51.3333,6.5683,Nordrhein-Westfalen,NW,"Krefeld, Stadt",5114.0,"(51.3333, 6.5683)",379553.0,75037.1,513679.2,271990.0,574483.6,550210.7,460462.6,582390.3,14265.6,23859.9,25550.0,590083.2,93992.3,255568.6,45619.8,245773.5
3302,47803,51.3516,6.5496,Nordrhein-Westfalen,NW,"Krefeld, Stadt",5114.0,"(51.3516, 6.5496)",382062.2,77546.3,513999.8,274499.2,576992.8,550531.4,462971.8,584899.5,14586.3,26369.1,23450.1,592592.4,96501.5,274159.3,48129.0,264364.2
3303,47804,51.3037,6.5032,Nordrhein-Westfalen,NW,"Krefeld, Stadt",5114.0,"(51.3037, 6.5032)",384616.2,86089.1,521904.6,274048.0,579546.8,558436.1,465525.8,587453.4,22834.8,25917.8,24352.2,595146.3,97227.9,266620.6,56671.8,256825.4
3304,47805,51.3251,6.5805,Nordrhein-Westfalen,NW,"Krefeld, Stadt",5114.0,"(51.3251, 6.5805)",374202.1,75224.3,515647.7,270374.7,569132.6,552179.3,455111.6,577039.3,16578.0,22244.5,26878.9,584732.2,92376.9,255755.8,45807.0,245960.6
3305,47807,51.304,6.5899,Nordrhein-Westfalen,NW,"Krefeld, Stadt",5114.0,"(51.304, 6.5899)",377623.5,79096.4,517921.1,267055.2,572554.1,554452.6,458533.1,580460.7,18254.3,18925.1,28624.7,588153.6,89057.5,259627.9,49679.0,249832.7
3306,47809,51.3281,6.616,Nordrhein-Westfalen,NW,"Krefeld, Stadt",5114.0,"(51.3281, 6.616)",371366.7,74052.9,512812.3,267539.3,566297.2,549343.9,452276.2,574203.9,13742.6,19409.1,38152.2,581896.8,89541.5,254584.4,44635.5,244789.2
3307,47829,51.3553,6.6366,Nordrhein-Westfalen,NW,"Krefeld, Stadt",5114.0,"(51.3553, 6.6366)",375238.6,70722.7,509557.6,271654.2,570169.2,546089.2,456148.2,578075.9,7516.7,22549.5,35702.5,585768.7,92681.9,251254.2,41305.4,241459.0
3308,47839,51.3755,6.5091,Nordrhein-Westfalen,NW,"Krefeld, Stadt",5114.0,"(51.3755, 6.5091)",399993.7,92354.0,510841.2,296409.2,594924.3,547372.7,480903.3,602830.9,18056.1,32783.6,20566.6,610523.8,106483.3,271000.7,54557.8,261205.5
3309,47877,51.2637,6.5473,Nordrhein-Westfalen,NW,Viersen,5166.0,"(51.2637, 6.5473)",371124.8,84366.8,523191.5,267297.4,566055.4,559723.0,452034.4,573962.1,26066.4,20079.0,31611.3,581654.9,89299.7,264898.2,54949.4,255103.1
3310,47906,51.3643,6.4186,Nordrhein-Westfalen,NW,Viersen,5166.0,"(51.3643, 6.4186)",398268.8,96705.2,515192.4,287700.6,593199.4,551724.0,467951.1,601106.1,34740.9,38029.5,13715.4,608798.9,100694.2,275351.9,58909.0,265556.8
3311,47918,51.3209,6.4941,Nordrhein-Westfalen,NW,Viersen,5166.0,"(51.3209, 6.4941)",386049.8,87522.7,517056.1,275481.6,580980.4,553587.6,466959.4,588887.0,18658.1,30861.2,22261.8,596579.9,98661.5,268054.2,58105.3,258259.0
3312,47929,51.3363,6.3407,Nordrhein-Westfalen,NW,Viersen,5166.0,"(51.3363, 6.3407)",408184.8,107071.2,525558.4,292345.3,554378.0,562089.9,462868.9,611022.1,45106.9,45126.9,8834.7,618714.9,95612.0,285717.9,69275.0,275922.7
3313,48143,51.9597,7.6314,Nordrhein-Westfalen,NW,"Münster, Stadt",5515.0,"(51.9597, 7.6314)",407905.8,68930.2,414071.0,280158.4,602836.4,450602.5,505748.0,613665.8,110057.6,134166.3,137031.7,621358.7,186041.7,215275.4,89193.5,205480.2
3314,48145,51.9667,7.6333,Nordrhein-Westfalen,NW,"Münster, Stadt",5515.0,"(51.9667, 7.6333)",408235.1,69259.5,412563.1,280487.7,603165.7,449094.6,506077.2,613995.1,110386.9,134495.5,137361.0,621688.0,186371.0,215604.7,89522.8,205809.5
3315,48147,51.9858,7.648,Nordrhein-Westfalen,NW,"Münster, Stadt",5515.0,"(51.9858, 7.648)",415291.2,76315.5,407138.8,287543.7,610221.8,443670.3,513133.3,621051.2,112833.5,136942.2,139807.6,628744.0,193427.0,222660.7,91969.4,212865.5
3316,48149,51.9716,7.6068,Nordrhein-Westfalen,NW,"Münster, Stadt",5515.0,"(51.9716, 7.6068)",411701.6,72726.0,410046.8,283954.2,606632.2,446578.3,509543.7,617461.6,113524.0,137632.6,140498.1,625154.5,189837.5,219071.2,92659.9,209276.0
3317,48151,51.951,7.6181,Nordrhein-Westfalen,NW,"Münster, Stadt",5515.0,"(51.951, 7.6181)",405054.1,66078.5,412818.3,277306.7,599984.7,449349.8,502896.2,610814.1,107205.9,131314.5,134180.0,618507.0,183190.0,212423.7,86341.8,202628.5
3318,48153,51.9268,7.6313,Nordrhein-Westfalen,NW,"Münster, Stadt",5515.0,"(51.9268, 7.6313)",406179.7,67204.0,421676.2,278432.2,601110.3,458207.7,504021.8,611939.7,108331.5,132440.1,135305.5,619632.5,184315.5,213549.2,87467.4,203754.1
3319,48155,51.9597,7.6349,Nordrhein-Westfalen,NW,"Münster, Stadt",5515.0,"(51.9597, 7.6349)",408125.2,69149.6,410358.3,280377.8,603055.8,446889.8,505967.3,613885.2,110277.0,134385.6,137251.1,621578.1,186261.1,215494.8,89412.9,205699.6
3320,48157,52.0003,7.6893,Nordrhein-Westfalen,NW,"Münster, Stadt",5515.0,"(52.0003, 7.6893)",413943.1,74967.4,406159.0,286195.6,608873.7,442690.5,511785.2,619703.1,116094.9,140203.5,143069.0,627396.0,192078.9,194327.0,95230.8,211517.5
3321,48159,51.9915,7.6124,Nordrhein-Westfalen,NW,"Münster, Stadt",5515.0,"(51.9915, 7.6124)",412811.2,73835.5,411156.3,285063.7,607741.7,447687.8,510653.3,618571.1,114633.5,138742.2,141607.6,626264.0,190947.0,220180.7,93769.4,210385.5
3322,48161,51.9471,7.5446,Nordrhein-Westfalen,NW,"Münster, Stadt",5515.0,"(51.9471, 7.5446)",408288.9,69313.2,413555.1,280541.4,603219.5,450086.6,506131.0,614048.9,104786.4,128895.0,131760.5,621741.7,188255.4,215658.4,83922.3,205863.3
3323,48163,51.9176,7.5725,Nordrhein-Westfalen,NW,"Münster, Stadt",5515.0,"(51.9176, 7.5725)",399760.9,60785.2,421846.1,272013.4,594691.4,458377.6,497603.0,605520.9,108785.6,131308.1,135759.7,613213.7,177896.7,207130.4,87921.6,197335.2
3324,48165,51.903,7.6395,Nordrhein-Westfalen,NW,"Münster, Stadt",5515.0,"(51.903, 7.6395)",401348.5,62372.9,423433.8,273601.1,596279.1,459965.3,499190.6,607108.5,110373.3,132895.8,137347.4,614801.4,179484.4,208718.1,89509.2,198922.9
3325,48167,51.9162,7.7108,Nordrhein-Westfalen,NW,"Münster, Stadt",5515.0,"(51.9162, 7.7108)",396667.0,67932.3,403834.5,279160.5,591597.6,440366.0,504750.0,602427.0,116298.8,140407.5,143272.9,610119.9,185043.8,188885.5,95434.8,194241.4
3326,48231,51.9511,7.9876,Nordrhein-Westfalen,NW,Warendorf,5570.0,"(51.9511, 7.9876)",371561.9,81026.2,378729.3,292587.9,566492.5,415260.8,518177.5,577321.9,134112.6,151882.6,161086.6,585014.7,198471.2,163780.3,113248.5,169136.3
3327,48249,51.8315,7.2808,Nordrhein-Westfalen,NW,Coesfeld,5558.0,"(51.8315, 7.2808)",424276.1,66803.7,438324.6,281727.4,619206.7,474856.1,511980.7,630036.1,79847.0,103955.7,106821.1,637729.0,163316.0,231645.7,58982.9,221850.5
3328,48268,52.0936,7.594,Nordrhein-Westfalen,NW,Steinfurt,5566.0,"(52.0936, 7.594)",424670.3,85694.7,398071.1,296922.9,619600.9,434602.7,522512.4,630430.3,126492.7,150601.3,153466.8,638123.2,202806.2,213685.6,105628.6,222244.7
3329,48282,52.1734,7.5278,Nordrhein-Westfalen,NW,Steinfurt,5566.0,"(52.1734, 7.5278)",424499.6,94927.9,401103.6,306156.1,619430.2,437635.1,531745.6,630259.6,135725.9,159834.5,162700.0,637952.5,212039.4,216718.1,114861.8,222074.0
3330,48291,51.98,7.7829,Nordrhein-Westfalen,NW,Warendorf,5570.0,"(51.98, 7.7829)",393465.0,79000.1,392739.3,290228.3,588395.6,429270.8,515817.9,599225.0,120127.6,144236.2,147101.7,606917.9,196111.6,185683.5,99263.5,191039.4
3331,48301,51.9333,7.35,Nordrhein-Westfalen,NW,Coesfeld,5558.0,"(51.9333, 7.35)",416850.0,77874.4,430898.5,289102.6,611780.6,467430.0,528530.7,622610.0,96397.0,120505.7,123371.1,630302.9,179866.0,224219.6,75533.0,214424.4
3332,48308,51.8564,7.4833,Nordrhein-Westfalen,NW,Coesfeld,5558.0,"(51.8564, 7.4833)",404353.1,65377.4,425026.2,276605.6,599283.6,461557.8,502195.2,610113.0,102197.7,126306.3,129171.7,617805.9,182488.9,211722.6,81333.6,201927.4
3333,48317,51.7953,7.7382,Nordrhein-Westfalen,NW,Warendorf,5570.0,"(51.7953, 7.7382)",364264.4,54394.1,396215.4,265622.3,559195.0,432746.9,491211.9,570024.4,117980.3,124917.1,144954.4,577717.3,171505.6,171633.9,85034.5,161838.8
3334,48324,51.8559,7.7884,Nordrhein-Westfalen,NW,Warendorf,5570.0,"(51.8559, 7.7884)",386640.5,62524.6,393807.9,273752.8,581571.1,430339.5,499342.4,592400.5,126110.8,133047.6,153084.9,600093.4,179636.1,178858.9,93165.0,184214.9
3335,48329,51.9833,7.4167,Nordrhein-Westfalen,NW,Coesfeld,5558.0,"(51.9833, 7.4167)",418422.7,79447.0,417257.1,290675.2,613353.3,453788.6,516264.8,624182.7,103225.7,127334.4,130199.8,631875.6,186694.7,225792.3,82361.6,215997.1
3336,48336,51.9922,8.0407,Nordrhein-Westfalen,NW,Warendorf,5570.0,"(51.9922, 8.0407)",369664.2,84184.8,377271.1,295746.5,564594.8,413802.6,521336.0,575424.2,147771.0,155041.2,174745.1,583117.1,201629.8,161882.6,114825.1,167238.6
3337,48341,52.05,7.4667,Nordrhein-Westfalen,NW,Steinfurt,5566.0,"(52.05, 7.4667)",418267.2,79291.5,415529.4,290519.7,613197.8,452060.9,516109.3,624027.2,120089.5,144198.2,147063.6,631720.0,196403.0,225636.7,99225.5,215841.6
3338,48346,52.0402,7.8423,Nordrhein-Westfalen,NW,Warendorf,5570.0,"(52.0402, 7.8423)",385885.0,88313.3,393491.9,299541.5,580815.6,430023.4,525131.0,591645.0,129440.7,153549.3,156414.8,599337.9,205424.8,178103.4,108576.6,183459.4
3339,48351,51.9259,7.8469,Nordrhein-Westfalen,NW,Warendorf,5570.0,"(51.9259, 7.8469)",385329.9,71911.3,392497.4,283139.5,580260.5,429028.9,508729.1,591089.9,124552.9,142434.2,151527.0,598782.8,189022.8,177548.4,103688.8,182904.3
3340,48356,52.0833,7.4833,Nordrhein-Westfalen,NW,Steinfurt,5566.0,"(52.0833, 7.4833)",422610.4,83634.7,406278.9,294862.9,617541.0,442810.4,520452.5,628370.4,124432.7,148541.4,151406.8,636063.2,200746.2,229979.9,103568.7,220184.8
3341,48361,51.9291,8.1112,Nordrhein-Westfalen,NW,Warendorf,5570.0,"(51.9291, 8.1112)",361846.7,77526.2,369014.1,289087.9,556777.3,405545.6,514677.5,567606.7,141112.4,148382.6,168086.5,575299.5,194971.2,154065.1,108166.5,159421.1
3342,48366,52.0556,7.3577,Nordrhein-Westfalen,NW,Steinfurt,5566.0,"(52.0556, 7.3577)",425704.6,86728.9,422966.8,297957.1,620635.2,459498.3,523546.7,631464.6,106059.7,130168.4,133033.8,639157.5,203840.4,233074.2,92005.2,223279.0
3343,48369,52.1737,7.634,Nordrhein-Westfalen,NW,Steinfurt,5566.0,"(52.1737, 7.634)",415409.0,93428.9,392013.0,304657.1,610339.6,428544.5,530246.7,621169.0,134227.0,158335.6,161201.0,628861.9,210540.4,207627.4,113362.9,212983.4
3344,48429,52.2868,7.4437,Nordrhein-Westfalen,NW,Steinfurt,5566.0,"(52.2868, 7.4437)",423211.4,109576.1,399815.3,320804.3,618142.0,436346.9,546393.9,628971.4,142838.2,166946.9,169812.3,636664.2,233080.4,215429.8,132526.4,220785.7
3345,48431,52.2772,7.432,Nordrhein-Westfalen,NW,Steinfurt,5566.0,"(52.2772, 7.432)",425256.7,108567.7,401860.7,319795.9,620187.3,438392.2,545385.5,631016.7,138375.7,162484.3,165349.8,638709.6,228617.9,217475.1,128063.8,222831.1
3346,48432,52.2672,7.4443,Nordrhein-Westfalen,NW,Steinfurt,5566.0,"(52.2672, 7.4443)",424091.5,106957.2,400695.5,318185.4,619022.1,437227.0,543775.0,629851.5,139545.3,163654.0,166519.4,637544.4,229787.5,216309.9,129233.4,221665.9
3347,48455,52.3007,7.1576,Niedersachsen,NI,Landkreis Grafschaft Bentheim,3456.0,"(52.3007, 7.1576)",448452.3,139049.9,425056.3,336810.6,643382.9,461587.8,558604.5,654212.3,120062.2,144170.8,147036.3,661905.2,210304.4,240670.8,109750.3,246026.7
3348,48465,52.324557142857145,7.215885714285714,Niedersachsen,NI,Landkreis Grafschaft Bentheim,3456.0,"(52.324557142857145, 7.215885714285714)",442152.5,146175.3,418756.5,343936.1,637083.1,455288.0,565729.9,647912.5,127187.6,151296.3,154161.7,655605.4,217429.8,234370.9,116875.8,239726.9
3349,48477,52.2976,7.5838,Nordrhein-Westfalen,NW,Steinfurt,5566.0,"(52.2976, 7.5838)",413859.9,110689.2,390463.9,321917.4,608790.5,426995.4,547507.0,619619.9,150724.3,174832.9,177698.4,627312.8,240966.5,206078.3,140412.4,211434.3
3350,48480,52.39876666666667,7.486633333333334,Niedersachsen,NI,Landkreis Emsland,3454.0,"(52.39876666666667, 7.486633333333334)",434332.2,125698.2,410936.1,336926.4,629262.7,447467.6,588158.1,640092.1,149615.8,173724.4,176589.9,647785.0,239858.0,226550.6,139303.9,231906.5
3351,48485,52.2447,7.3718,Nordrhein-Westfalen,NW,Steinfurt,5566.0,"(52.2447, 7.3718)",433684.5,105231.5,410288.5,316459.7,628615.1,446820.0,542049.3,639444.5,129863.6,153972.2,156837.7,647137.4,220105.8,225902.9,119551.7,231258.9
3352,48488,52.4,7.3,Niedersachsen,NI,Landkreis Emsland,3454.0,"(52.4, 7.3)",443838.9,152436.0,420442.8,350196.7,638769.4,456974.3,571990.6,649598.8,133448.3,157556.9,160422.4,657291.7,223690.5,236057.3,123136.4,241413.2
3353,48493,52.2094,7.319,Nordrhein-Westfalen,NW,Steinfurt,5566.0,"(52.2094, 7.319)",441476.5,100796.3,418080.4,312024.5,636407.0,454611.9,537614.1,647236.4,122494.6,146603.2,149468.7,654929.3,212736.8,233694.9,112182.7,239050.8
3354,48496,52.3817,7.6016,Nordrhein-Westfalen,NW,Steinfurt,5566.0,"(52.3817, 7.6016)",422423.5,121002.5,399027.5,332230.7,617354.1,435559.0,594703.7,628183.5,156161.4,180270.0,183135.4,635876.4,246403.6,214641.9,145849.5,219997.9
3355,48499,52.3256,7.4305,Niedersachsen,NI,Landkreis Emsland,3454.0,"(52.3256, 7.4305)",423845.8,115211.8,400449.8,326440.0,618776.4,436981.3,577671.8,629605.8,139129.5,163238.1,166103.5,637298.7,229371.6,216064.2,128817.6,221420.2
3356,48527,52.4491,7.0518,Niedersachsen,NI,Landkreis Grafschaft Bentheim,3456.0,"(52.4491, 7.0518)",459187.8,159328.4,435791.7,357089.2,654118.3,472323.2,578883.0,664947.7,140340.7,164449.4,167314.8,672640.6,230582.9,251406.2,130028.8,256762.1
3357,48529,52.4149,7.0766,Niedersachsen,NI,Landkreis Grafschaft Bentheim,3456.0,"(52.4149, 7.0766)",456289.8,156430.5,432893.8,354191.3,651220.4,469425.3,575985.1,662049.8,137442.8,161551.4,164416.9,669742.7,227685.0,248508.3,127130.9,253864.2
3358,48531,52.4517,7.1065,Niedersachsen,NI,Landkreis Grafschaft Bentheim,3456.0,"(52.4517, 7.1065)",458656.5,169974.6,435260.5,367735.4,653587.1,471792.0,589529.2,664416.5,150986.9,175095.5,177961.0,672109.4,241229.1,250874.9,140675.0,256230.9
3359,48565,52.1504,7.3366,Nordrhein-Westfalen,NW,Steinfurt,5566.0,"(52.1504, 7.3366)",433783.3,94807.6,422074.0,306035.8,628713.8,458605.5,531625.4,639543.3,122501.4,146610.0,149475.5,647236.1,212743.6,241152.8,112189.5,231357.6
3360,48599,52.2012,7.0409,Nordrhein-Westfalen,NW,Borken,5554.0,"(52.2012, 7.0409)",463674.0,131673.9,440277.9,329175.4,658604.5,476809.4,551228.6,669433.9,112686.3,136794.9,139660.3,677126.8,202928.4,255892.4,102374.4,261248.3
3361,48607,52.208,7.1899,Nordrhein-Westfalen,NW,Steinfurt,5566.0,"(52.208, 7.1899)",455301.6,108103.7,431905.6,319331.9,650232.2,468437.1,550390.5,661061.6,111848.2,135956.8,138822.2,668754.5,202090.4,247520.0,101536.3,252876.0
