,zipcode,lat,long,state,state_code,community_name,community_code,coor,AKB Kitzingen,AKB Dortmund,AKB Zörbig,AKB Schöneck,AKB Buch,Mosolf Etzin,Mosolf Kippenheim,BLG Kelheim,BLG Duisburg,BLG Neuss,Carservice Erkens,ARS Altmann Wolnzach,CAT Zülpich,Autohaus Siebrecht,Neu: FleetParQ Essen ,Neu: FleetParQ Kassel
328,06469,51.8008,11.3349,Sachsen-Anhalt,ST,Salzlandkreis,15089.0,"(51.8008, 11.3349)",323027.6,372105.9,72403.4,379786.5,517958.1,200372.8,605669.5,427193.1,435692.1,442962.3,462666.2,459959.8,489550.9,162441.7,402746.2,195824.6
329,06484,51.8158,11.180166666666668,Sachsen-Anhalt,ST,Landkreis Harz,15085.0,"(51.8158, 11.180166666666668)",332827.7,363507.9,82203.6,371188.5,527758.3,210172.9,597071.5,436993.2,427094.1,434364.3,454068.2,469759.9,480952.9,153843.7,394148.2,187226.6
330,06485,,,,,,,"(nan, nan)",0.0,0.0,0.0,0.0,0.0,0.0,0.0,0.0,0.0,0.0,0.0,0.0,0.0,0.0,0.0,0.0
331,06493,51.61924285714286,11.1474,Sachsen-Anhalt,ST,Landkreis Harz,15085.0,"(51.61924285714286, 11.1474)",309670.5,327680.6,85231.6,345575.8,504601.1,228784.6,571458.7,411866.8,406761.7,395633.7,433735.8,444633.5,442222.2,165843.2,364332.4,161613.8
332,06502,51.759375,11.0679,Sachsen-Anhalt,ST,Landkreis Harz,15085.0,"(51.759375, 11.0679)",327946.1,357388.0,95115.9,344493.8,522876.7,223085.2,570376.7,449905.5,420974.2,428244.4,447948.3,482672.2,474833.0,147723.8,388028.3,160531.9
333,06526,51.5226,11.28515,Sachsen-Anhalt,ST,Mansfeld-Südharz,15087.0,"(51.5226, 11.28515)",276110.3,320023.4,95847.6,335517.1,471040.9,232572.2,561400.0,389601.0,399104.4,387976.4,426078.5,422367.7,434565.0,158185.9,356675.1,153956.6
334,06528,51.48625,11.277742857142856,Sachsen-Anhalt,ST,Mansfeld-Südharz,15087.0,"(51.48625, 11.277742857142856)",269333.1,319976.1,89070.5,328739.9,464263.7,225795.0,554622.8,382823.9,399057.2,387929.1,426031.3,415590.6,434517.7,158138.7,356627.8,153909.3
335,06536,51.50130000000001,11.059772727272728,Sachsen-Anhalt,ST,Mansfeld-Südharz,15087.0,"(51.50130000000001, 11.059772727272728)",289345.3,307355.4,109082.6,325250.6,484275.9,245807.1,551133.5,402836.0,386436.5,375308.5,413410.6,435602.7,421897.0,145518.0,344007.2,141288.6
336,06537,51.42775,11.09105,Sachsen-Anhalt,ST,Mansfeld-Südharz,15087.0,"(51.42775, 11.09105)",273517.7,304376.0,108481.3,322271.1,468448.3,245205.8,548154.1,402234.7,383457.1,372329.0,410431.1,435001.4,418917.6,142538.5,341027.7,138309.2
337,06542,51.4206,11.404914285714286,Sachsen-Anhalt,ST,Mansfeld-Südharz,15087.0,"(51.4206, 11.404914285714286)",272323.3,329509.1,79933.5,331730.1,467253.9,216658.0,557613.0,373686.9,408590.2,397462.1,435564.2,406453.6,444050.7,167671.6,366160.8,163442.3
338,06543,51.63456363636363,11.308363636363636,Sachsen-Anhalt,ST,Mansfeld-Südharz,15087.0,"(51.63456363636363, 11.308363636363636)",299528.7,342278.1,84511.2,358935.4,494459.2,212480.5,584818.3,405919.0,421359.2,410231.1,448333.2,438685.7,456819.7,180440.6,378929.8,176211.3
339,06556,51.36118181818181,11.289572727272729,Thüringen,TH,Kyffhäuserkreis,16065.0,"(51.36118181818181, 11.289572727272729)",254011.3,329873.4,93663.0,313418.1,448941.9,230387.5,539301.0,387416.4,408954.5,397826.4,435928.5,420183.1,444415.0,168035.9,366525.1,163806.6
340,06567,51.3517,11.1394,Thüringen,TH,Kyffhäuserkreis,16065.0,"(51.3517, 11.1394)",258646.7,318894.5,101777.6,318053.4,453577.2,238502.1,543936.3,395530.9,397975.6,386847.5,424949.6,428297.7,433436.1,157057.0,355546.2,152827.7
341,06571,51.29964,11.37466,Thüringen,TH,Kyffhäuserkreis,16065.0,"(51.29964, 11.37466)",259891.9,342618.4,96069.9,319298.6,454822.5,232794.4,545181.5,352869.6,421699.5,410571.4,448673.6,385636.3,457160.0,180781.0,379270.2,176551.6
342,06577,51.27401666666666,11.219883333333334,Thüringen,TH,Kyffhäuserkreis,16065.0,"(51.27401666666666, 11.219883333333334)",240801.6,357174.8,120964.5,300208.4,435732.2,257689.0,526091.3,365725.5,436255.9,425127.9,463230.0,398492.2,456570.6,195337.4,393826.6,191108.0
343,06578,51.286566666666666,11.1237,Thüringen,TH,Landkreis Sömmerda,16068.0,"(51.286566666666666, 11.1237)",250123.7,344736.9,108526.5,309530.5,445054.3,245251.1,535413.4,375047.6,423818.0,412689.9,450792.1,407814.3,459278.5,182899.5,381388.7,178670.1
344,06618,51.11371428571429,11.83460714285714,Sachsen-Anhalt,ST,Burgenlandkreis,15084.0,"(51.11371428571429, 11.83460714285714)",302235.0,399609.5,86011.7,350880.2,439677.0,213467.7,572289.7,306118.9,478690.6,467562.5,505664.7,338885.6,507242.4,237772.1,436261.3,233542.7
345,06628,51.1245,11.682942857142857,Sachsen-Anhalt,ST,Burgenlandkreis,15084.0,"(51.1245, 11.682942857142857)",250898.5,367392.7,99913.0,310103.2,436948.0,227368.9,535986.1,303389.9,446473.8,435345.7,473447.9,336156.6,466465.4,220315.5,404044.4,200822.2
346,06632,51.23785,11.7711,Sachsen-Anhalt,ST,Burgenlandkreis,15084.0,"(51.23785, 11.7711)",273918.0,377216.4,86135.1,333122.7,464300.4,213591.0,559005.7,330742.2,456297.5,445169.4,483271.6,363508.9,491758.0,215379.0,413868.2,211149.6
347,06636,51.22733333333333,11.66805,Sachsen-Anhalt,ST,Burgenlandkreis,15084.0,"(51.22733333333333, 11.66805)",260181.5,374649.6,96485.7,319386.2,457926.1,223941.7,545269.2,324368.0,453730.7,442602.7,480704.8,357134.7,475748.5,212812.2,411301.4,208582.8
348,06638,51.2713,11.6577,Sachsen-Anhalt,ST,Burgenlandkreis,15084.0,"(51.2713, 11.6577)",267251.4,365536.7,70392.7,326456.1,467306.1,228395.1,552339.1,333747.9,444617.8,433489.7,471591.8,366514.6,480078.3,203699.2,402188.4,199469.9
349,06642,51.26314285714285,11.535714285714286,Sachsen-Anhalt,ST,Burgenlandkreis,15084.0,"(51.26314285714285, 11.535714285714286)",268576.3,358070.3,87761.7,327983.0,463506.8,224486.2,553865.9,343639.2,437151.4,426023.3,464125.4,376405.9,472611.9,196232.8,394722.0,192003.5
350,06647,51.19788,11.53861,Sachsen-Anhalt,ST,Burgenlandkreis,15084.0,"(51.19788, 11.53861)",257778.8,361887.5,105489.8,317185.5,452709.4,232945.7,543068.5,333372.1,440968.6,429840.5,467942.6,366138.8,473547.8,200050.0,398539.2,195820.7
351,06648,51.129425,11.509425,Sachsen-Anhalt,ST,Burgenlandkreis,15084.0,"(51.129425, 11.509425)",245468.5,361962.7,112682.2,304673.2,440399.1,240138.1,530556.2,314603.2,441043.8,429915.8,468017.9,347369.9,461035.5,210862.7,398614.5,195392.2
352,06667,51.186864285714286,11.9362,Sachsen-Anhalt,ST,Burgenlandkreis,15084.0,"(51.186864285714286, 11.9362)",302464.9,387349.9,71423.2,351110.1,439906.9,198879.1,572519.6,306348.7,466430.9,455302.9,493405.0,339115.4,501891.5,225512.4,424001.6,221283.1
353,06679,51.1824,12.074966666666668,Sachsen-Anhalt,ST,Burgenlandkreis,15084.0,"(51.1824, 12.074966666666668)",306489.6,392064.2,70971.9,355134.8,443931.6,198427.8,576544.3,310373.5,471145.3,460017.3,498119.4,343140.2,506605.8,230226.8,428716.0,225997.4
354,06682,51.118575,12.030775,Sachsen-Anhalt,ST,Burgenlandkreis,15084.0,"(51.118575, 12.030775)",296133.6,396122.6,72299.8,344778.8,433575.6,199755.7,566188.3,300017.4,475203.7,464075.6,502177.8,332784.1,501141.0,234285.2,432774.4,230055.8
355,06686,51.2274625,12.106075,Sachsen-Anhalt,ST,Burgenlandkreis,15084.0,"(51.2274625, 12.106075)",315825.1,391496.7,57323.3,364470.2,453267.0,184779.2,585879.7,319708.9,470577.8,459449.7,497551.9,352475.6,506038.3,229659.3,428148.5,225429.9
356,06688,51.26146666666667,12.029866666666663,Sachsen-Anhalt,ST,Burgenlandkreis,15084.0,"(51.26146666666667, 12.029866666666663)",318643.2,381231.6,66824.0,367288.4,456085.2,194279.9,588697.9,322527.1,460312.7,449184.6,487286.7,355293.8,495773.2,219394.1,417883.3,215164.8
357,06711,,,,,,,"(nan, nan)",0.0,0.0,0.0,0.0,0.0,0.0,0.0,0.0,0.0,0.0,0.0,0.0,0.0,0.0,0.0,0.0
358,06712,51.03506470588235,12.139394117647058,Sachsen-Anhalt,ST,Burgenlandkreis,15084.0,"(51.03506470588235, 12.139394117647058)",301436.9,410327.6,86504.8,349766.2,438878.9,213960.7,571491.6,305320.8,489408.7,478280.6,516382.8,338087.5,506128.4,248490.2,446979.4,244260.8
359,06721,51.0746,11.94308,Sachsen-Anhalt,ST,Burgenlandkreis,15084.0,"(51.0746, 11.94308)",292664.5,403502.2,76441.2,341309.7,430106.5,203897.1,562719.2,296548.4,482583.3,471455.3,509557.4,329315.1,497671.9,241664.8,440154.0,237435.4
360,06722,51.032,11.981875,Sachsen-Anhalt,ST,Burgenlandkreis,15084.0,"(51.032, 11.981875)",288418.2,411900.6,84839.6,337063.4,425860.2,212295.5,558472.9,292302.0,490981.7,479853.6,517955.7,325068.7,493425.6,250063.1,448552.3,245833.8
361,06729,51.06856666666667,12.2182,Sachsen-Anhalt,ST,Burgenlandkreis,15084.0,"(51.06856666666667, 12.2182)",309436.5,411148.3,87325.5,357765.8,446878.5,214781.4,579491.2,313320.4,490229.4,479101.4,517203.5,346087.1,514128.1,249310.9,447800.1,245081.5
362,06749,51.63295,12.336200000000002,Sachsen-Anhalt,ST,Anhalt-Bitterfeld,15082.0,"(51.63295, 12.336200000000002)",361033.8,407543.7,15956.2,409679.0,498475.8,139483.1,631088.5,364917.7,486624.8,475496.7,513598.8,397684.4,522085.3,245706.2,444195.4,241476.9
363,06766,51.660475000000005,12.2387,Sachsen-Anhalt,ST,Anhalt-Bitterfeld,15082.0,"(51.660475000000005, 12.2387)",361494.2,408093.7,11522.9,410139.4,498936.2,140878.0,631548.9,365378.1,487174.8,476046.7,514148.8,398144.8,522635.3,246256.2,444745.4,242026.9
364,06772,,,,,,,"(nan, nan)",0.0,0.0,0.0,0.0,0.0,0.0,0.0,0.0,0.0,0.0,0.0,0.0,0.0,0.0,0.0,0.0
365,06773,51.752633333333335,12.52205,Sachsen-Anhalt,ST,Landkreis Wittenberg,15091.0,"(51.752633333333335, 12.52205)",397791.5,444391.0,49761.1,446436.7,535233.5,131470.8,667846.2,401675.4,504926.4,512344.0,531900.4,434442.1,558932.5,282553.5,481042.7,278324.2
366,06774,51.63878888888889,12.492111111111113,Sachsen-Anhalt,ST,Anhalt-Bitterfeld,15082.0,"(51.63878888888889, 12.492111111111113)",380075.5,426585.3,34997.9,428720.7,517517.5,142106.7,650130.2,383959.3,505666.4,494538.4,532640.5,416726.0,541126.9,264747.9,463237.1,260518.5
367,06779,51.71991428571429,12.243428571428572,Sachsen-Anhalt,ST,Anhalt-Bitterfeld,15082.0,"(51.71991428571429, 12.243428571428572)",373304.3,419903.8,17318.1,421949.5,510746.3,125920.0,643359.0,377188.2,498698.7,487856.8,525672.7,409954.9,534445.4,258066.4,456555.6,253837.0
368,06780,51.618550000000006,12.13373,Sachsen-Anhalt,ST,Anhalt-Bitterfeld,15082.0,"(51.618550000000006, 12.13373)",360785.8,401027.2,0.0,409431.0,498227.8,142650.8,630840.5,364669.6,506485.4,468980.2,533459.5,397436.3,515568.8,239189.8,437679.0,234960.4
369,06785,51.80326,12.43306,Sachsen-Anhalt,ST,Landkreis Wittenberg,15091.0,"(51.80326, 12.43306)",389151.9,435751.4,41121.5,437797.1,526593.9,122831.3,659206.6,393035.8,496286.8,503704.4,523260.9,425802.5,550293.0,273913.9,472403.1,269684.6
370,06792,51.62665,12.25335,Sachsen-Anhalt,ST,Anhalt-Bitterfeld,15082.0,"(51.62665, 12.25335)",362616.2,409215.7,9187.1,411261.4,500058.2,142873.5,632670.9,366500.1,513988.4,477168.7,540962.5,399266.8,523757.3,247378.2,445867.4,243148.9
371,06794,51.60996,12.23294,Sachsen-Anhalt,ST,Anhalt-Bitterfeld,15082.0,"(51.60996, 12.23294)",355930.4,402440.2,12707.2,404575.6,493372.4,144775.5,625985.1,359814.2,481521.3,470393.3,508495.4,392580.9,516981.8,240602.8,439092.0,236373.4
372,06796,51.5579,12.2128,Sachsen-Anhalt,ST,Anhalt-Bitterfeld,15082.0,"(51.5579, 12.2128)",351626.1,398136.0,12770.4,400271.3,489068.1,149177.7,621680.8,355510.0,477217.1,466089.0,504191.2,388276.7,512677.6,236298.6,434787.8,232069.2
373,06800,51.6873,12.3106,Sachsen-Anhalt,ST,Anhalt-Bitterfeld,15082.0,"(51.6873, 12.3106)",370476.9,417076.3,18910.3,419122.0,507918.8,133524.5,640531.5,374360.7,504345.4,485029.4,531319.4,407127.4,531617.9,255238.9,453728.1,251009.5
374,06803,51.6468,12.3007,Sachsen-Anhalt,ST,Anhalt-Bitterfeld,15082.0,"(51.6468, 12.3007)",365046.5,411645.9,16533.0,413691.7,502488.5,136199.9,635101.2,368930.3,490727.0,479599.0,517701.1,401697.0,526187.5,249808.5,448297.7,245579.1
375,06808,51.5982,12.3084,Sachsen-Anhalt,ST,Anhalt-Bitterfeld,15082.0,"(51.5982, 12.3084)",358510.8,405020.6,15021.2,407156.0,495952.8,146503.1,628565.5,362394.6,484101.7,472973.7,511075.8,395161.3,519562.2,243183.2,441672.4,238953.9
376,06809,51.5728,12.27625,Sachsen-Anhalt,ST,Anhalt-Bitterfeld,15082.0,"(51.5728, 12.27625)",356178.9,402688.7,17814.2,404824.1,493620.9,153730.4,626233.6,360062.7,481769.8,470641.8,508743.9,392829.5,517230.3,240851.3,439340.5,236622.0
377,06842,51.8231,12.2598,Sachsen-Anhalt,ST,Dessau-Roßlau,15001.0,"(51.8231, 12.2598)",382928.2,429527.6,34897.8,431573.4,520370.2,116058.2,652982.9,386812.0,487165.7,497480.7,514139.8,419578.7,544069.2,267690.2,454219.8,263460.9
378,06844,51.8441,12.2475,Sachsen-Anhalt,ST,Dessau-Roßlau,15001.0,"(51.8441, 12.2475)",385237.2,418041.0,37206.8,433882.3,522679.1,118367.2,655291.8,389121.0,481627.2,488897.4,508601.3,421887.7,535486.0,234227.4,448681.4,265769.8
379,06846,51.8333,12.25,Sachsen-Anhalt,ST,Dessau-Roßlau,15001.0,"(51.8333, 12.25)",384226.6,417845.1,36196.2,432871.8,521668.6,117356.6,654281.3,388110.4,481431.3,488701.5,508405.4,420877.1,535290.1,235178.0,448485.4,264759.2
380,06847,51.8221,12.1917,Sachsen-Anhalt,ST,Dessau-Roßlau,15001.0,"(51.8221, 12.1917)",380201.1,414960.2,32170.7,428846.3,517643.1,121042.2,650255.8,384085.0,478546.4,485816.7,505520.5,416851.7,532405.2,228582.7,445600.6,260733.8
381,06849,51.8083,12.241,Sachsen-Anhalt,ST,Dessau-Roßlau,15001.0,"(51.8083, 12.241)",376335.5,419343.2,28305.1,424980.7,513777.5,120123.1,646390.2,380219.4,482929.4,490888.0,509903.5,412986.1,537476.6,261097.5,449983.5,256868.2
382,06861,51.8333,12.25,Sachsen-Anhalt,ST,Dessau-Roßlau,15001.0,"(51.8333, 12.25)",384226.6,417845.1,36196.2,432871.8,521668.6,117356.6,654281.3,388110.4,481431.3,488701.5,508405.4,420877.1,535290.1,235178.0,448485.4,264759.2
383,06862,51.90813333333333,12.218033333333333,Sachsen-Anhalt,ST,Dessau-Roßlau,15001.0,"(51.90813333333333, 12.218033333333333)",393230.3,404018.0,45199.9,441875.5,530672.3,117548.8,663285.0,397114.2,467604.2,474874.4,494578.3,429880.9,521463.0,244876.2,434658.3,273763.0
384,06868,51.98057142857142,12.351714285714284,Sachsen-Anhalt,ST,Landkreis Wittenberg,15091.0,"(51.98057142857142, 12.351714285714284)",402995.5,413780.3,54965.1,451640.7,540437.5,107466.9,673050.2,406879.3,477366.5,484636.7,504340.6,439646.0,531225.3,287757.5,444420.7,283528.2
385,06869,51.924654545454544,12.469109090909091,Sachsen-Anhalt,ST,Landkreis Wittenberg,15091.0,"(51.924654545454544, 12.469109090909091)",399465.1,441516.0,51434.7,448110.3,536907.1,100182.3,669519.8,403348.9,505102.2,514017.6,532076.3,436115.6,560606.1,284227.1,472156.3,279997.7
386,06886,51.8744,12.606,Sachsen-Anhalt,ST,Landkreis Wittenberg,15091.0,"(51.8744, 12.606)",404682.7,451282.1,56652.3,453327.9,542124.7,101129.7,674737.4,408566.5,519398.0,519235.2,546372.1,441333.2,565823.7,289444.7,487933.9,285215.3
387,06888,51.86474285714286,12.718842857142858,Sachsen-Anhalt,ST,Landkreis Wittenberg,15091.0,"(51.86474285714286, 12.718842857142858)",411793.6,458393.1,63763.2,460438.8,549235.6,108667.6,681848.3,415677.5,522746.3,526346.1,549720.4,448444.2,572934.7,296555.6,489800.4,292326.3
388,06889,51.8744,12.606,Sachsen-Anhalt,ST,Landkreis Wittenberg,15091.0,"(51.8744, 12.606)",404682.7,451282.1,56652.3,453327.9,542124.7,101129.7,674737.4,408566.5,519398.0,519235.2,546372.1,441333.2,565823.7,289444.7,487933.9,285215.3
389,06895,51.93225,12.76255,Sachsen-Anhalt,ST,Landkreis Wittenberg,15091.0,"(51.93225, 12.76255)",427312.4,453369.9,79282.0,475957.6,564754.4,92770.7,697367.1,431196.3,516956.1,524226.3,543930.1,463963.0,570814.8,312074.4,484010.2,307845.1
390,06901,51.780325,12.6955625,Sachsen-Anhalt,ST,Landkreis Wittenberg,15091.0,"(51.780325, 12.6955625)",414971.0,461570.5,66940.6,463616.2,552413.0,117623.2,685025.7,418854.9,522105.9,529523.5,549080.0,451621.6,576112.1,299733.0,498222.2,295503.7
391,06905,51.69413333333333,12.726066666666668,Sachsen-Anhalt,ST,Landkreis Wittenberg,15091.0,"(51.69413333333333, 12.726066666666668)",388860.7,464969.4,49280.4,437505.9,526302.7,128361.3,658915.4,392744.6,544050.5,532922.5,571024.6,425511.3,579511.0,303132.0,501621.2,298902.6
392,06917,51.80961388888889,12.980822222222224,Sachsen-Anhalt,ST,Landkreis Wittenberg,15091.0,"(51.80961388888889, 12.980822222222224)",415025.3,481175.5,86545.6,463670.5,552467.3,119610.8,685080.0,418909.1,584167.5,549128.5,611141.6,451675.9,595717.1,319338.0,551221.6,315108.7
393,06925,51.72646,13.02838,Sachsen-Anhalt,ST,Landkreis Wittenberg,15091.0,"(51.72646, 13.02838)",418005.9,496937.1,94324.6,466651.1,555447.9,122811.9,688060.6,421889.8,576018.2,564890.1,602992.3,454656.5,611478.7,335099.7,533588.9,330870.3
394,07318,50.62006666666667,11.308666666666667,Thüringen,TH,Saalfeld-Rudolstadt,16073.0,"(50.62006666666667, 11.308666666666667)",206290.4,358690.4,164347.1,301400.9,401220.9,291803.0,494843.4,286897.1,437771.5,426643.5,464745.6,319663.8,457763.1,233981.4,395342.2,192119.9
395,07330,50.5448,11.35925,Thüringen,TH,Saalfeld-Rudolstadt,16073.0,"(50.5448, 11.35925)",200570.2,377871.8,168778.3,271766.5,394888.9,296234.2,489123.2,260880.9,456952.9,445824.9,483927.0,294097.5,476944.5,253162.8,414523.6,211301.3
396,07333,50.65,11.4333,Thüringen,TH,Saalfeld-Rudolstadt,16073.0,"(50.65, 11.4333)",206878.6,359278.6,153859.1,301989.1,401809.1,281315.1,495431.6,273966.2,438359.7,427231.6,465333.8,306732.9,458351.3,234569.6,395930.4,192708.1
397,07338,50.592,11.50908,Thüringen,TH,Saalfeld-Rudolstadt,16073.0,"(50.592, 11.50908)",243802.1,377704.4,173254.9,320414.9,381244.0,300710.8,513856.7,247236.0,456785.5,445657.4,483759.5,280452.6,476777.1,252995.4,414356.1,211133.8
398,07343,50.4636,11.5378,Thüringen,TH,Saale-Orla-Kreis,16075.0,"(50.4636, 11.5378)",231929.3,387551.4,167452.2,357122.4,369371.3,294908.1,501984.0,235363.2,466632.5,455504.5,493606.6,268579.8,486624.1,262842.4,424203.2,220980.9
399,07349,50.4743,11.4522,Thüringen,TH,Saalfeld-Rudolstadt,16073.0,"(50.4743, 11.4522)",197878.6,385057.8,175043.7,292217.3,376962.8,302499.7,486431.7,242954.8,464138.9,453010.8,491113.0,276171.4,484130.5,260348.8,421709.6,218487.3
400,07356,50.4628,11.59665,Thüringen,TH,Saale-Orla-Kreis,16075.0,"(50.4628, 11.59665)",227159.5,393087.4,171002.9,352352.6,364601.5,298458.8,497214.1,230593.4,472168.5,461040.5,499142.6,263810.0,492160.1,336226.5,429739.2,226516.9
401,07366,50.41161666666667,11.70095,Thüringen,TH,Saale-Orla-Kreis,16075.0,"(50.41161666666667, 11.70095)",219651.9,430519.3,163495.3,344845.0,357093.8,290951.2,489706.5,223085.8,509600.4,498472.4,536574.5,256302.4,529592.1,328718.9,467171.1,263948.8
402,07368,50.5125,11.675,Thüringen,TH,Saale-Orla-Kreis,16075.0,"(50.5125, 11.675)",231103.5,424400.9,157376.9,356296.7,368545.5,284832.8,501158.2,234537.4,503482.0,492354.0,530456.1,267754.1,523473.7,322600.5,461052.7,257830.4
403,07381,50.68909090909092,11.6329,Thüringen,TH,Saale-Orla-Kreis,16075.0,"(50.68909090909092, 11.6329)",256954.9,377127.3,137336.1,319837.8,394396.9,264792.1,527009.6,260838.7,456208.4,445080.3,483182.5,293605.4,476200.0,302559.7,413779.1,210556.8
404,07387,50.67205,11.51925,Thüringen,TH,Saale-Orla-Kreis,16075.0,"(50.67205, 11.51925)",212976.4,365376.4,145157.8,308086.9,402044.9,272613.7,501529.4,268486.8,444457.5,433329.5,471431.6,301253.5,464449.2,240667.4,402028.2,198805.9
405,07389,50.651975,11.631033333333331,Thüringen,TH,Saale-Orla-Kreis,16075.0,"(50.651975, 11.631033333333331)",254087.8,376153.2,146807.1,318863.7,391529.8,274263.1,524142.5,257971.6,455234.3,444106.2,482208.4,290738.3,475225.9,251444.2,412804.9,209582.7
406,07407,50.75798,11.36782,Thüringen,TH,Saalfeld-Rudolstadt,16073.0,"(50.75798, 11.36782)",202541.3,346353.2,150050.6,289063.7,397471.9,277506.5,491094.4,286055.6,425434.3,414306.2,452408.4,318822.3,445425.9,221644.2,383005.0,179782.7
407,07422,50.66113333333334,11.248766666666668,Thüringen,TH,Saalfeld-Rudolstadt,16073.0,"(50.66113333333334, 11.248766666666668)",196655.7,349055.7,169207.6,291766.2,391586.3,296663.5,485208.7,291757.7,428136.8,417008.8,455110.9,297167.4,448128.5,224346.7,385707.5,182485.2
408,07426,50.64918,11.1257,Thüringen,TH,Saalfeld-Rudolstadt,16073.0,"(50.64918, 11.1257)",181462.5,343983.1,181980.7,244688.8,376393.1,309436.6,470015.6,290005.0,423064.2,411936.1,450038.2,297697.9,443055.8,219274.1,380634.8,177412.6
409,07427,50.643,11.1919,Thüringen,TH,Saalfeld-Rudolstadt,16073.0,"(50.643, 11.1919)",194263.7,346663.7,175983.6,289374.2,389194.3,303439.5,482816.7,278787.5,425744.8,414616.8,452718.9,286480.4,445736.5,221954.7,383315.5,180093.2
