,zipcode,lat,long,state,state_code,community_name,community_code,coor,AKB Kitzingen,AKB Dortmund,AKB Zörbig,AKB Schöneck,AKB Buch,Mosolf Etzin,Mosolf Kippenheim,BLG Kelheim,BLG Duisburg,BLG Neuss,Carservice Erkens,ARS Altmann Wolnzach,CAT Zülpich,Autohaus Siebrecht,Neu: FleetParQ Essen ,Neu: FleetParQ Kassel
7283,92318,49.2803,11.4628,Bayern,BY,Landkreis Neumarkt in der Oberpfalz,9373.0,"(49.2803, 11.4628)",135772.7,498859.3,316168.4,268173.1,235703.0,443624.3,368315.7,81801.5,502827.9,483930.5,535968.4,91165.6,472612.8,397723.9,509357.2,343771.2
7284,92331,49.1579,11.73735,Bayern,BY,Landkreis Neumarkt in der Oberpfalz,9373.0,"(49.1579, 11.73735)",161718.3,524805.0,342114.1,294118.7,261648.7,469570.0,394261.4,58142.9,528773.6,509876.2,561914.1,104140.9,498558.5,423669.6,535302.9,369716.9
7285,92334,49.1069,11.4414,Bayern,BY,Landkreis Neumarkt in der Oberpfalz,9373.0,"(49.1069, 11.4414)",157167.0,520253.7,337562.8,289567.4,214006.5,465018.7,380069.2,54323.8,524222.2,505324.9,557362.8,70638.3,494007.2,419118.3,530751.6,365165.6
7286,92339,49.0341,11.4739,Bayern,BY,Eichstätt,9176.0,"(49.0341, 11.4739)",173795.4,536882.1,354153.4,306195.8,204875.9,481609.3,394946.9,45193.3,540850.6,521953.3,573991.2,61507.8,510635.6,435746.7,547380.0,381794.0
7287,92342,49.2001,11.3303,Bayern,BY,Landkreis Neumarkt in der Oberpfalz,9373.0,"(49.2001, 11.3303)",142356.8,505443.5,322714.8,274757.2,224692.1,450170.7,357304.8,79765.3,509412.0,490514.7,542552.6,86598.3,479197.0,404308.1,515941.4,350355.4
7288,92345,49.0375,11.5839,Bayern,BY,Landkreis Neumarkt in der Oberpfalz,9373.0,"(49.0375, 11.5839)",181339.8,544426.5,363273.9,313740.2,211326.0,490729.8,404067.4,37810.8,548395.1,529497.7,581535.6,67957.8,518180.0,443291.1,554924.4,389338.4
7289,92348,49.3317,11.4403,Bayern,BY,Landkreis Neumarkt in der Oberpfalz,9373.0,"(49.3317, 11.4403)",128401.3,491487.9,308797.0,260801.7,228331.6,436252.9,360944.3,86548.4,495456.5,476559.1,528597.0,96765.7,465241.5,390352.5,501985.8,336399.8
7290,92353,49.3053,11.3572,Bayern,BY,Landkreis Neumarkt in der Oberpfalz,9373.0,"(49.3053, 11.3572)",130168.8,493255.4,310564.5,262569.2,220747.1,438020.4,353359.8,94519.0,497224.0,478326.6,530364.5,105059.7,467008.9,392120.0,503753.3,338167.3
7291,92355,49.2515,11.6345,Bayern,BY,Landkreis Neumarkt in der Oberpfalz,9373.0,"(49.2515, 11.6345)",150353.2,513439.8,330748.9,282753.6,250283.5,458204.8,382896.2,68156.8,517408.4,498511.0,550548.9,114154.8,487193.3,412304.4,523937.7,358351.7
7292,92358,49.1571,11.6329,Bayern,BY,Landkreis Neumarkt in der Oberpfalz,9373.0,"(49.1571, 11.6329)",158146.2,521232.8,338541.9,290546.6,258076.5,465997.9,390689.2,42601.4,525201.4,506304.1,558341.9,88224.3,494986.4,420097.5,531730.7,366144.7
7293,92360,49.1695,11.4466,Bayern,BY,Landkreis Neumarkt in der Oberpfalz,9373.0,"(49.1695, 11.4466)",149549.9,512636.6,329945.7,281950.3,221328.0,457401.6,368881.6,61645.4,516605.1,497707.8,549745.7,77959.9,486390.1,411501.2,523134.5,357548.5
7294,92361,49.25,11.4,Bayern,BY,Landkreis Neumarkt in der Oberpfalz,9373.0,"(49.25, 11.4)",142568.5,505655.2,325910.6,274968.9,227887.8,453366.5,360500.5,88597.4,509623.8,490726.4,542764.3,95186.2,479408.7,404519.8,516153.1,350567.1
7295,92363,49.0837,11.6198,Bayern,BY,Landkreis Neumarkt in der Oberpfalz,9373.0,"(49.0837, 11.6198)",173547.4,536634.1,353943.2,305947.8,217705.4,481399.1,406090.5,43745.3,540602.7,521705.3,573743.2,74337.3,510387.6,435498.7,547132.0,381546.0
7296,92364,49.2256,11.5397,Bayern,BY,Landkreis Neumarkt in der Oberpfalz,9373.0,"(49.2256, 11.5397)",145317.7,508404.3,325713.4,277718.1,245248.0,453169.3,377860.7,74544.4,512372.9,493475.5,545513.4,91264.4,482157.9,407268.9,518902.2,353316.2
7297,92366,49.204,11.8484,Bayern,BY,Landkreis Neumarkt in der Oberpfalz,9373.0,"(49.204, 11.8484)",170228.2,533314.9,350624.0,302628.6,270158.6,478079.9,402771.3,54152.1,537283.5,518386.1,570424.0,100150.2,507068.4,432179.5,543812.8,378226.8
7298,92367,49.3214,11.5031,Bayern,BY,Landkreis Neumarkt in der Oberpfalz,9373.0,"(49.3214, 11.5031)",135530.6,498617.3,315926.4,267931.0,235461.0,443382.3,368073.7,86658.6,502585.9,483688.5,535726.4,96799.1,472370.8,397481.9,509115.2,343529.2
7299,92369,49.2333,11.4667,Bayern,BY,Landkreis Neumarkt in der Oberpfalz,9373.0,"(49.2333, 11.4667)",144682.2,507768.9,325078.0,277082.6,244612.5,452533.9,377225.2,69201.6,511737.4,492840.1,544878.0,85516.1,481522.4,406633.5,518266.8,352680.8
7300,92421,49.3236,12.0993,Bayern,BY,Landkreis Schwandorf,9376.0,"(49.3236, 12.0993)",180811.9,543898.5,324345.5,313212.3,280405.2,451801.4,413017.9,59527.7,547867.1,528969.7,581007.6,105525.7,517652.1,442763.1,554396.4,388810.4
7301,92431,49.3478,12.3862,Bayern,BY,Landkreis Schwandorf,9376.0,"(49.3478, 12.3862)",202686.3,565773.0,327057.0,335086.7,302279.7,454513.0,434892.4,81039.3,569741.6,550844.2,602882.1,127037.4,539526.5,464637.6,576270.9,410684.9
7302,92436,49.2493,12.3071,Bayern,BY,Landkreis Schwandorf,9376.0,"(49.2493, 12.3071)",200779.4,563866.0,337901.8,333179.8,300372.7,465357.7,432985.4,59250.5,567834.6,548937.3,600975.1,105248.6,537619.6,462730.6,574363.9,408777.9
7303,92439,49.2708,12.3015,Bayern,BY,Landkreis Schwandorf,9376.0,"(49.2708, 12.3015)",198853.2,561939.9,335975.6,331253.6,298446.6,463431.6,431059.3,68512.4,565908.5,547011.1,599049.0,114510.5,535693.4,460804.5,572437.8,406851.8
7304,92442,49.3167,12.1833,Bayern,BY,Landkreis Schwandorf,9376.0,"(49.3167, 12.1833)",188716.3,551802.9,325838.6,321116.7,288309.6,453294.6,420922.3,58375.4,555771.5,536874.1,588912.0,104373.5,525556.5,450667.5,562300.8,396714.8
7305,92444,49.3432,12.5296,Bayern,BY,Cham,9372.0,"(49.3432, 12.5296)",214553.2,577639.8,331857.6,346953.6,314146.5,459313.6,446759.2,77684.2,581608.4,562711.0,614748.9,123682.2,551393.4,476504.4,588137.7,422551.7
7306,92445,49.291,12.4364,Bayern,BY,Landkreis Schwandorf,9376.0,"(49.291, 12.4364)",212341.3,575427.9,341472.5,344741.7,311934.6,468928.4,444547.3,69760.8,579396.5,560499.2,612537.0,115758.8,549181.5,474292.5,585925.8,420339.8
7307,92447,49.3775,12.3449,Bayern,BY,Landkreis Schwandorf,9376.0,"(49.3775, 12.3449)",201759.1,564845.7,321981.2,334159.5,301352.4,449437.1,433965.1,82429.1,568814.3,549917.0,601954.8,128427.1,538599.3,463710.3,575343.6,409757.6
7308,92449,49.2833,12.1833,Bayern,BY,Landkreis Schwandorf,9376.0,"(49.2833, 12.1833)",192289.6,555376.3,329412.0,324690.0,291883.0,456867.9,424495.7,57493.4,559344.8,540447.5,592485.4,103491.4,529129.8,454240.9,565874.2,400288.2
7309,92507,49.4535,12.18,Bayern,BY,Landkreis Schwandorf,9376.0,"(49.4535, 12.18)",185547.6,548634.3,307113.9,317948.0,285141.0,434569.8,417753.7,73835.6,552602.8,533705.5,585743.4,119833.6,522387.8,447498.9,559132.1,393546.2
7310,92521,49.3877,12.1348,Bayern,BY,Landkreis Schwandorf,9376.0,"(49.3877, 12.1348)",180497.3,543583.9,315102.7,312897.7,280090.6,442558.6,412703.3,65331.7,547552.5,528655.1,580693.0,111329.7,517337.5,442448.5,554081.8,388495.8
7311,92526,49.4581,12.4167,Bayern,BY,Landkreis Schwandorf,9376.0,"(49.4581, 12.4167)",206465.3,569551.9,314812.1,338865.7,306058.6,442268.1,438671.3,91993.1,573520.5,554623.1,606661.0,137991.2,543305.5,480035.7,580049.8,414463.8
7312,92533,49.5393,12.1613,Bayern,BY,Landkreis Schwandorf,9376.0,"(49.5393, 12.1613)",192392.7,555479.4,297608.7,324793.1,291986.1,425064.6,424598.7,84156.4,559447.9,540550.6,592588.5,130154.4,529232.9,462832.3,565977.2,400391.3
7313,92536,49.49837142857143,12.206371428571428,Bayern,BY,Landkreis Schwandorf,9376.0,"(49.49837142857143, 12.206371428571428)",194102.6,557189.2,304587.7,326503.0,293695.9,432043.6,426308.6,79551.6,561157.8,542260.4,594298.3,125549.7,530942.7,469811.3,567687.1,402101.1
7314,92539,49.5103,12.5476,Bayern,BY,Landkreis Schwandorf,9376.0,"(49.5103, 12.5476)",234302.7,597389.4,321426.6,366703.1,333896.1,448882.5,466508.8,105368.7,601357.9,582460.6,634498.5,151366.8,571142.9,486650.2,607887.2,442301.3
7315,92540,49.4055,12.2815,Bayern,BY,Landkreis Schwandorf,9376.0,"(49.4055, 12.2815)",195685.9,558772.6,315908.0,328086.3,295279.3,443363.9,427892.0,77446.9,562741.1,543843.8,595881.7,123444.9,532526.1,457637.2,569270.5,403684.5
7316,92542,49.4167,12.4167,Bayern,BY,Landkreis Schwandorf,9376.0,"(49.4167, 12.4167)",211633.6,574720.2,319980.5,344034.0,311226.9,447436.4,443839.6,97161.4,578688.8,559791.5,611829.3,143159.5,548473.8,485204.0,585218.1,419632.1
7317,92543,49.45,12.2833,Bayern,BY,Landkreis Schwandorf,9376.0,"(49.45, 12.2833)",193726.1,556812.8,313188.4,326126.5,293319.5,440644.3,425932.2,79253.9,560781.3,541884.0,593921.9,125252.0,530566.3,455677.4,567310.6,401724.7
7318,92545,49.45,12.3761,Bayern,BY,Landkreis Schwandorf,9376.0,"(49.45, 12.3761)",205612.6,568699.3,313959.5,338013.0,305206.0,441415.4,437818.7,91140.5,572667.8,553770.5,605808.4,137138.5,542452.8,479183.1,579197.2,413611.2
7319,92546,49.4234,12.0925,Bayern,BY,Landkreis Schwandorf,9376.0,"(49.4234, 12.0925)",178020.2,541106.9,315864.8,310420.6,277613.6,443320.7,410226.3,71647.1,545075.4,526178.1,578216.0,117645.2,514860.4,439971.5,551604.8,386018.8
7320,92548,49.4105,12.2274,Bayern,BY,Landkreis Schwandorf,9376.0,"(49.4105, 12.2274)",189144.9,552231.6,316756.8,321545.3,288738.3,444212.7,421351.0,71730.9,556200.1,537302.8,589340.7,117729.0,525985.1,451096.2,562729.5,397143.5
7321,92549,49.5066,12.6124,Bayern,BY,Landkreis Schwandorf,9376.0,"(49.5066, 12.6124)",240913.8,604000.4,328037.7,373314.2,340507.1,455493.6,473119.8,110867.2,607969.0,589071.7,641109.5,156865.2,577754.0,493261.3,614498.3,448912.3
7322,92551,49.4167,12.1333,Bayern,BY,Landkreis Schwandorf,9376.0,"(49.4167, 12.1333)",181667.7,544754.4,312781.8,314068.1,281261.0,440237.7,413873.7,69412.4,548722.9,529825.6,581863.4,115410.5,518507.9,443619.0,555252.2,389666.2
7323,92552,49.4833,12.3833,Bayern,BY,Landkreis Schwandorf,9376.0,"(49.4833, 12.3833)",202902.9,565989.6,311249.8,335303.3,302496.3,438705.7,435109.0,88430.8,569958.2,551060.8,603098.7,134428.8,539743.1,476473.4,576487.5,410901.5
7324,92554,49.3833,12.4667,Bayern,BY,Landkreis Schwandorf,9376.0,"(49.3833, 12.4667)",212631.8,575718.4,328570.6,345032.2,312225.1,456026.5,444837.8,90984.7,579687.0,560789.6,612827.5,136982.8,549472.0,474583.0,586216.3,420630.3
7325,92555,49.5211,12.2625,Bayern,BY,Landkreis Schwandorf,9376.0,"(49.5211, 12.2625)",198212.6,561299.2,308849.6,330613.0,297805.9,436305.6,430418.6,85942.4,565267.8,546370.4,598408.3,131940.5,535052.8,474073.2,571797.1,406211.1
7326,92557,49.4833,12.5667,Bayern,BY,Landkreis Schwandorf,9376.0,"(49.4833, 12.5667)",238133.2,601219.9,325257.1,370533.6,337726.6,452713.0,470339.3,107035.4,605188.4,586291.1,638329.0,153033.5,574973.4,490480.7,611717.7,446131.8
7327,92559,49.4269,12.4799,Bayern,BY,Landkreis Schwandorf,9376.0,"(49.4269, 12.4799)",212897.1,575983.8,321244.0,345297.5,312490.5,448699.9,445103.2,98424.9,579952.3,561055.0,613092.9,144423.0,549737.3,486467.6,586481.7,420895.7
7328,92637,49.68355,12.19175,Bayern,BY,Weiden i.d.OPf.,9363.0,"(49.68355, 12.19175)",211032.1,527898.5,280639.5,343432.5,310625.5,408095.4,443238.2,102795.8,578087.3,559190.0,611227.9,148793.8,547872.3,445863.1,564550.3,372810.4
7329,92648,49.6238,12.3381,Bayern,BY,Landkreis Neustadt an der Waldnaab,9374.0,"(49.6238, 12.3381)",208164.2,571250.8,292401.9,340564.6,307757.5,419857.8,440370.2,100235.8,575219.4,556322.1,608359.9,146233.9,545004.4,457625.5,581748.7,416162.7
7330,92655,49.6989,11.8675,Bayern,BY,Landkreis Neustadt an der Waldnaab,9374.0,"(49.6989, 11.8675)",187840.5,514831.1,269265.3,320240.9,296148.3,396721.2,428761.0,126739.9,554895.7,535998.3,588036.2,172738.0,524680.7,413695.7,551482.9,359743.0
7331,92660,49.7329,12.1777,Bayern,BY,Landkreis Neustadt an der Waldnaab,9374.0,"(49.7329, 12.1777)",215933.2,525429.1,274603.1,348333.6,315526.6,402059.0,448139.3,107696.9,582988.5,564091.1,616129.0,153695.0,552773.4,439826.7,562080.9,370341.0
7332,92665,49.7496,12.1299,Bayern,BY,Landkreis Neustadt an der Waldnaab,9374.0,"(49.7496, 12.1299)",218762.1,519067.1,274757.1,351162.5,318355.4,402213.0,450968.1,110525.7,585817.3,566920.0,618957.8,156523.8,555602.3,439980.7,555718.9,363979.0
7333,92670,49.8011,12.1571,Bayern,BY,Landkreis Neustadt an der Waldnaab,9374.0,"(49.8011, 12.1571)",211971.8,512198.8,266370.5,337165.0,326534.8,393826.4,459147.5,118705.1,591279.9,560443.4,618253.9,164703.2,549125.7,431594.1,548850.5,357110.7
7334,92676,49.7727,11.8263,Bayern,BY,Landkreis Neustadt an der Waldnaab,9374.0,"(49.7727, 11.8263)",174173.7,497779.6,252213.8,306574.1,282481.6,379669.7,415094.3,131096.6,541228.9,522331.6,574369.5,181690.2,511013.9,396644.2,534431.4,342691.5
7335,92681,49.8398,12.0459,Bayern,BY,Landkreis Tirschenreuth,9377.0,"(49.8398, 12.0459)",203475.9,503702.9,267599.5,328669.1,302749.3,395055.5,435362.0,123799.6,582784.0,551947.5,609758.1,169797.6,540629.8,402567.5,540354.7,348614.8
7336,92685,49.724,12.2759,Bayern,BY,Landkreis Neustadt an der Waldnaab,9374.0,"(49.724, 12.2759)",221023.4,532730.7,281904.7,353423.8,320616.7,409360.6,453229.4,113095.0,588078.6,569181.3,621219.1,159093.1,557863.6,447128.3,569382.5,377642.6
7337,92690,49.7686,11.9397,Bayern,BY,Landkreis Neustadt an der Waldnaab,9374.0,"(49.7686, 11.9397)",180720.6,502393.2,256827.4,313121.0,289028.5,384283.3,421641.2,118999.8,547775.8,528878.5,580916.3,164997.8,517560.8,401257.8,539045.0,347305.1
7338,92693,49.5835,12.5216,Bayern,BY,Landkreis Neustadt an der Waldnaab,9374.0,"(49.5835, 12.5216)",225252.6,588339.3,312376.5,357653.0,324846.0,439832.5,457458.7,117324.2,592307.8,573410.5,625448.4,163322.3,562092.8,477600.1,598837.2,433251.2
7339,92694,49.6333,12.1,Bayern,BY,Landkreis Neustadt an der Waldnaab,9374.0,"(49.6333, 12.1)",204740.3,528588.0,286245.1,337140.7,304333.7,413701.0,436946.4,96504.0,571795.5,552898.2,604936.1,142502.0,541580.5,451468.6,578324.9,373499.9
7340,92696,49.7333,12.35,Bayern,BY,Landkreis Neustadt an der Waldnaab,9374.0,"(49.7333, 12.35)",226809.4,534901.7,284394.7,359209.8,326402.7,411850.6,459015.4,118881.0,593864.6,574967.2,627005.1,164879.0,563649.5,449618.3,571553.5,379813.6
7341,92697,49.703,12.4208,Bayern,BY,Landkreis Neustadt an der Waldnaab,9374.0,"(49.703, 12.4208)",225175.9,543417.1,292910.1,357576.3,324769.3,420366.0,457382.0,117247.5,592231.1,573333.8,625371.7,163245.6,562016.1,458133.7,598760.4,388329.0
7342,92699,49.6339,12.2175,Bayern,BY,Landkreis Neustadt an der Waldnaab,9374.0,"(49.6339, 12.2175)",209059.5,532337.6,285078.6,341459.9,308652.9,412534.5,441265.6,101131.2,576114.7,557217.4,609255.3,147129.2,545899.7,450302.2,582644.1,377249.5
7343,92700,49.65,11.95,Bayern,BY,Landkreis Neustadt an der Waldnaab,9374.0,"(49.65, 11.95)",185519.4,517465.4,271899.6,317919.8,285112.8,399355.5,417725.5,108956.2,552574.6,533677.3,585715.2,154954.2,522359.6,416330.0,554117.1,362377.3
7344,92702,49.5912,12.0195,Bayern,BY,Landkreis Neustadt an der Waldnaab,9374.0,"(49.5912, 12.0195)",182149.0,527586.5,293928.4,314549.4,281742.4,421384.3,414355.1,102051.3,549204.2,530306.9,582344.8,148049.4,518989.2,459152.0,555733.6,372498.4
7345,92703,49.8333,12.1,Bayern,BY,Landkreis Tirschenreuth,9377.0,"(49.8333, 12.1)",207279.4,507506.3,263579.8,332472.5,307102.7,391035.7,439715.4,124109.2,586587.4,555750.9,613561.5,170107.2,544433.3,428803.3,544158.1,352418.2
7346,92705,49.5974,12.2584,Bayern,BY,Landkreis Neustadt an der Waldnaab,9374.0,"(49.5974, 12.2584)",203746.6,566833.3,291828.7,336147.0,303340.0,419284.6,435952.7,95818.3,570801.8,551904.5,603942.4,141816.3,540586.8,457052.3,577331.2,411745.2
7347,92706,49.5837,12.1492,Bayern,BY,Landkreis Neustadt an der Waldnaab,9374.0,"(49.5837, 12.1492)",199293.5,532205.6,289862.6,331693.9,298886.8,417318.5,431499.5,91057.1,566348.7,547451.3,599489.2,137055.2,536133.6,455086.2,572878.0,377117.5
7348,92708,49.6541,12.0407,Bayern,BY,Landkreis Neustadt an der Waldnaab,9374.0,"(49.6541, 12.0407)",190738.7,520034.6,286563.1,323139.1,290332.1,414019.1,422944.8,104249.9,557793.9,538896.6,590934.5,150248.0,527578.9,451786.7,556686.3,364946.5
7349,92709,49.5891,12.4104,Bayern,BY,Landkreis Neustadt an der Waldnaab,9374.0,"(49.5891, 12.4104)",213466.9,576553.6,300590.8,345867.3,313060.3,428046.8,445673.0,105538.5,580522.1,561624.8,613662.7,151536.6,550307.1,465814.4,587051.5,421465.5
7350,92711,49.7292,12.0675,Bayern,BY,Landkreis Neustadt an der Waldnaab,9374.0,"(49.7292, 12.0675)",194993.1,514853.5,280643.4,327393.5,299436.8,408099.3,432049.5,111567.0,562048.4,543151.0,595188.9,157565.0,531833.3,445866.9,551505.3,359765.4
7351,92712,49.6333,12.1667,Bayern,BY,Landkreis Neustadt an der Waldnaab,9374.0,"(49.6333, 12.1667)",204419.2,528881.5,286538.5,336819.6,304012.6,413994.4,436625.3,96182.9,571474.5,552577.1,604615.0,142181.0,541259.4,451762.1,578003.8,373793.4
7352,92714,49.6491,12.4063,Bayern,BY,Landkreis Neustadt an der Waldnaab,9374.0,"(49.6491, 12.4063)",213722.7,549087.5,298261.5,346123.1,313316.1,425717.4,445928.8,105794.3,580777.9,561880.6,613918.5,151792.4,550562.9,463485.1,587307.3,393999.4
7353,92715,49.75,12.2333,Bayern,BY,Landkreis Neustadt an der Waldnaab,9374.0,"(49.75, 12.2333)",221937.3,522809.8,277932.3,354337.7,321530.7,405388.3,454143.4,113701.0,588992.5,570095.2,622133.1,159699.0,558777.5,443155.9,559461.5,367721.7
7354,92717,49.8438,12.1214,Bayern,BY,Landkreis Tirschenreuth,9377.0,"(49.8438, 12.1214)",209131.8,509358.7,262216.2,334324.9,331785.4,389672.1,464398.1,123955.7,588439.8,557603.3,615413.9,169953.7,546285.7,427439.7,546010.5,354270.6
7355,92718,49.65,12.1667,Bayern,BY,Landkreis Neustadt an der Waldnaab,9374.0,"(49.65, 12.1667)",207063.5,526839.6,284496.6,339463.9,306656.9,411952.6,439269.6,98827.2,574118.7,555221.4,607259.3,144825.2,543903.7,449720.2,580648.0,371751.5
7356,92720,49.7246,11.9976,Bayern,BY,Landkreis Neustadt an der Waldnaab,9374.0,"(49.7246, 11.9976)",187529.9,509042.8,263476.9,319930.3,295837.8,390932.9,428450.5,111859.7,554585.1,535687.8,587725.7,157857.8,524370.1,407907.4,545694.5,353954.6
7357,92721,49.7323,12.2055,Bayern,BY,Landkreis Neustadt an der Waldnaab,9374.0,"(49.7323, 12.2055)",220273.0,527094.0,276268.0,352673.4,319866.3,403723.9,452479.0,112036.6,587328.2,568430.9,620468.7,158034.7,557113.2,441491.6,563745.8,372005.9
7358,92723,49.51455,12.3214,Bayern,BY,Landkreis Schwandorf,9376.0,"(49.51455, 12.3214)",209655.3,572741.9,304564.1,342055.7,309248.6,432020.1,441861.3,87508.3,576710.5,557813.1,609851.0,133506.4,546495.5,469787.7,583239.8,417653.8
7359,92724,49.8,11.9,Bayern,BY,Landkreis Neustadt an der Waldnaab,9374.0,"(49.8, 11.9)",180597.8,497297.9,251732.1,322264.1,288905.7,379188.0,421518.4,125726.9,547653.0,528755.7,580793.6,171725.0,517438.0,396162.5,533949.7,342209.8
7360,92726,49.6422,12.4952,Bayern,BY,Landkreis Neustadt an der Waldnaab,9374.0,"(49.6422, 12.4952)",219714.5,582801.2,306838.4,352114.9,319307.9,434294.3,451920.5,111786.1,586769.7,567872.4,619910.3,157784.2,556554.7,472062.0,593299.0,427713.1
7361,92727,49.6722,12.3292,Bayern,BY,Landkreis Neustadt an der Waldnaab,9374.0,"(49.6722, 12.3292)",213982.8,540616.4,289790.4,346383.2,313576.2,417246.3,446188.9,106054.5,581038.1,562140.7,614178.6,152052.5,550823.0,455014.0,587567.4,385528.3
7362,92729,49.6333,12.0667,Bayern,BY,Landkreis Neustadt an der Waldnaab,9374.0,"(49.6333, 12.0667)",187809.8,523223.3,286902.3,320210.2,287403.2,414358.3,420015.9,100388.0,554865.0,535967.7,588005.6,146386.1,524650.0,452125.9,559875.0,368135.1
7363,93047,49.0168,12.0954,Bayern,BY,Regensburg,9362.0,"(49.0168, 12.0954)",200027.0,563113.7,360465.7,332427.4,237604.1,487921.6,432570.0,22225.7,567082.2,548184.9,600222.8,68223.7,536867.2,461978.3,573611.6,408025.6
