,zipcode,lat,long,state,state_code,community_name,community_code,coor,AKB Kitzingen,AKB Dortmund,AKB Zörbig,AKB Schöneck,AKB Buch,Mosolf Etzin,Mosolf Kippenheim,BLG Kelheim,BLG Duisburg,BLG Neuss,Carservice Erkens,ARS Altmann Wolnzach,CAT Zülpich,Autohaus Siebrecht,Neu: FleetParQ Essen ,Neu: FleetParQ Kassel
3854,55546,49.810575,7.916525,Rheinland-Pfalz,RP,Landkreis Bad Kreuznach,7133.0,"(49.810575, 7.916525)",211523.6,285870.8,490893.0,112704.3,325388.1,618348.9,233879.0,411205.6,250635.4,222879.4,260988.6,401844.7,183571.0,325952.1,259340.3,271999.4
3855,55559,49.878,7.8965,Rheinland-Pfalz,RP,Landkreis Bad Kreuznach,7133.0,"(49.878, 7.8965)",201944.7,273117.8,472608.8,103125.3,329550.6,600064.8,238041.5,415368.1,237882.4,210126.4,248235.6,406007.2,170818.0,307668.0,246587.3,253715.3
3856,55566,49.81603333333334,7.622533333333333,Rheinland-Pfalz,RP,Landkreis Bad Kreuznach,7133.0,"(49.81603333333334, 7.622533333333333)",231495.3,274164.4,502159.5,132675.9,356117.9,629615.4,264608.7,441935.3,238929.0,211173.0,249282.2,432574.4,171864.6,337218.6,247633.9,283265.9
3857,55568,49.75333333333333,7.651866666666667,Rheinland-Pfalz,RP,Landkreis Bad Kreuznach,7133.0,"(49.75333333333333, 7.651866666666667)",231789.5,289437.1,502453.7,132970.1,356412.1,629909.6,264902.9,442229.5,254201.7,226445.7,264554.9,432868.6,187137.3,337512.8,262906.6,283560.1
3858,55569,49.81605,7.59405,Rheinland-Pfalz,RP,Landkreis Bad Kreuznach,7133.0,"(49.81605, 7.59405)",231973.5,279026.6,502637.7,133154.1,356596.1,630093.6,265086.9,442413.5,243791.2,216035.2,254144.4,433052.6,176726.8,337696.8,252496.1,283744.1
3859,55571,49.7648,7.7061,Rheinland-Pfalz,RP,Landkreis Bad Kreuznach,7133.0,"(49.7648, 7.7061)",226856.4,284504.0,497520.6,128037.0,351479.0,624976.5,259969.8,437296.4,249268.6,221512.6,259621.8,427935.5,182204.2,332579.7,257973.5,278627.0
3860,55576,49.85666,7.966679999999999,Rheinland-Pfalz,RP,Landkreis Bad Kreuznach,7133.0,"(49.85666, 7.966679999999999)",203613.5,276662.6,474277.7,104794.2,319428.1,601733.7,227919.0,405245.6,241427.3,213671.3,251780.5,395884.7,174362.8,309336.9,250132.2,255384.2
3861,55578,49.85762,8.04432,Rheinland-Pfalz,RP,Landkreis Alzey-Worms,7331.0,"(49.85762, 8.04432)",189719.5,284337.6,469088.8,90900.1,318617.1,596544.7,227108.0,404434.6,249102.3,221346.3,259455.5,395073.6,182037.8,304148.0,257807.2,250195.2
3862,55583,49.8116,7.8452,Rheinland-Pfalz,RP,Landkreis Bad Kreuznach,7133.0,"(49.8116, 7.8452)",211966.7,277312.6,482630.9,113147.3,336589.3,610086.8,245080.2,422406.8,242077.2,214321.2,252430.4,413045.8,175012.8,317690.0,250782.1,263737.3
3863,55585,49.7907,7.791333333333333,Rheinland-Pfalz,RP,Landkreis Bad Kreuznach,7133.0,"(49.7907, 7.791333333333333)",220121.6,284346.9,490785.8,121302.2,344744.2,618241.7,253235.1,430561.7,249111.5,221355.5,259464.7,421200.7,182047.1,325844.9,257816.4,271892.2
3864,55590,49.7072,7.6677,Rheinland-Pfalz,RP,Landkreis Bad Kreuznach,7133.0,"(49.7072, 7.6677)",235690.9,293338.5,506355.1,136871.6,341698.3,633811.1,250189.2,427515.8,258103.2,230347.2,268456.4,418154.8,191038.7,341414.3,266808.1,287461.6
3865,55592,49.71668,7.639979999999999,Rheinland-Pfalz,RP,Landkreis Bad Kreuznach,7133.0,"(49.71668, 7.639979999999999)",239092.0,296739.6,509756.2,140272.6,346172.5,637212.1,254663.4,431990.0,261504.2,233748.3,271857.5,422629.0,194439.8,344815.4,270209.2,290862.6
3866,55593,49.85,7.8167,Rheinland-Pfalz,RP,Landkreis Bad Kreuznach,7133.0,"(49.85, 7.8167)",210773.5,268707.7,481437.7,111954.1,335396.1,608893.6,243887.0,421213.6,233472.4,205716.4,243825.6,411852.6,166407.9,316496.8,242177.3,262544.1
3867,55595,49.86224583333333,7.7337375,Rheinland-Pfalz,RP,Landkreis Bad Kreuznach,7133.0,"(49.86224583333333, 7.7337375)",217681.5,272964.7,488345.7,118862.2,342304.1,615801.7,250795.0,428121.6,237729.3,209973.3,248082.5,418760.7,170664.9,323404.9,246434.2,269452.2
3868,55596,49.80556666666666,7.722233333333333,Rheinland-Pfalz,RP,Landkreis Bad Kreuznach,7133.0,"(49.80556666666666, 7.722233333333333)",221463.7,279111.3,492127.9,122644.3,346086.3,619583.8,254577.1,431903.7,243875.9,216119.9,254229.1,422542.8,176811.5,327187.0,252580.8,273234.3
3869,55597,49.8167,7.975,Rheinland-Pfalz,RP,Landkreis Alzey-Worms,7331.0,"(49.8167, 7.975)",209041.7,284812.5,488411.1,110222.3,322123.9,615867.0,230614.8,407941.4,249577.1,221821.1,259930.3,398580.4,182512.7,323470.2,258282.0,269517.5
3870,55599,49.79706,7.977459999999999,Rheinland-Pfalz,RP,Landkreis Alzey-Worms,7331.0,"(49.79706, 7.977459999999999)",206136.7,286653.2,485506.1,107317.4,318960.4,612962.0,227451.3,404777.9,251417.8,223661.8,261771.0,395417.0,184353.4,320565.2,260122.7,266612.5
3871,55606,49.7942,7.49026,Rheinland-Pfalz,RP,Landkreis Bad Kreuznach,7133.0,"(49.7942, 7.49026)",237247.8,282931.5,507912.0,138428.4,361870.4,635367.9,270361.3,447687.9,247696.2,219940.2,258049.4,438327.0,180631.7,342971.2,256401.1,289018.5
3872,55608,49.8036,7.4149,Rheinland-Pfalz,RP,Landkreis Bad Kreuznach,7133.0,"(49.8036, 7.4149)",246675.5,289774.1,517339.7,147856.1,371298.1,644795.6,279788.9,457115.5,254538.7,226782.7,264891.9,447754.6,187474.3,352398.8,263243.6,298446.1
3873,55618,49.8098,7.5228,Rheinland-Pfalz,RP,Landkreis Bad Kreuznach,7133.0,"(49.8098, 7.5228)",235208.1,279249.3,505872.3,136388.7,359830.7,633328.2,268321.6,445648.2,244013.9,216257.9,254367.1,436287.2,176949.5,340931.4,252718.8,286978.7
3874,55619,49.8167,7.4333,Rheinland-Pfalz,RP,Landkreis Bad Kreuznach,7133.0,"(49.8167, 7.4333)",247322.7,287002.9,517986.9,148503.3,371945.3,645442.8,280436.2,457762.8,251767.5,224011.6,262120.8,448401.8,184703.1,353046.0,260472.5,299093.3
3875,55621,49.7167,7.55,Rheinland-Pfalz,RP,Landkreis Bad Kreuznach,7133.0,"(49.7167, 7.55)",239848.7,295748.3,510512.9,141029.3,364471.3,637968.8,272962.2,450288.8,260513.0,232757.0,270866.2,440927.8,193448.5,345572.0,269217.9,291619.3
3876,55624,49.87173333333333,7.343116666666667,Rheinland-Pfalz,RP,Landkreis Birkenfeld,7134.0,"(49.87173333333333, 7.343116666666667)",252348.9,281440.7,523013.0,153529.5,385320.8,650469.0,293811.6,471138.2,246205.3,218449.3,256558.5,461777.3,149699.2,358072.2,254910.2,304119.5
3877,55626,49.8428,7.3783,Rheinland-Pfalz,RP,Landkreis Birkenfeld,7134.0,"(49.8428, 7.3783)",257762.2,286854.1,528426.4,158942.8,377556.7,655882.3,286047.6,463374.2,251618.7,223862.7,261971.9,454013.2,153197.2,363485.6,260323.6,309532.9
3878,55627,49.797666666666665,7.553366666666666,Rheinland-Pfalz,RP,Landkreis Bad Kreuznach,7133.0,"(49.797666666666665, 7.553366666666666)",232534.3,282601.8,503198.5,133714.9,357156.9,630654.4,265647.8,442974.4,247366.4,219610.4,257719.6,433613.4,180302.0,338257.6,256071.3,284304.9
3879,55629,49.84846666666667,7.532233333333333,Rheinland-Pfalz,RP,Landkreis Bad Kreuznach,7133.0,"(49.84846666666667, 7.532233333333333)",233774.2,273913.5,504438.4,134954.8,362686.8,631894.3,271177.6,448504.2,238678.1,210922.1,249031.3,439143.3,171613.7,339497.5,247383.0,285544.8
3880,55743,49.7362,7.32822,Rheinland-Pfalz,RP,Landkreis Birkenfeld,7134.0,"(49.7362, 7.32822)",259316.6,285726.4,529980.7,160497.2,391238.9,657436.7,299729.7,477056.4,250491.0,222735.0,260844.2,467695.4,161310.7,365039.9,264998.2,311087.2
3881,55756,49.7833,7.3333,Rheinland-Pfalz,RP,Landkreis Birkenfeld,7134.0,"(49.7833, 7.3333)",255804.0,293080.4,526468.2,156984.6,380426.6,653924.1,288917.4,466244.0,257845.0,230089.0,268198.2,456883.1,152672.9,361527.3,266549.9,307574.6
3882,55758,49.77461515151515,7.320312121212122,Rheinland-Pfalz,RP,Landkreis Birkenfeld,7134.0,"(49.77461515151515, 7.320312121212122)",255442.2,296369.0,526106.4,156622.9,380064.8,653562.4,288555.7,465882.3,261133.6,233377.6,271486.8,456521.4,154742.9,361165.6,269838.5,307212.9
3883,55765,49.65026666666667,7.174077777777778,Rheinland-Pfalz,RP,Landkreis Birkenfeld,7134.0,"(49.65026666666667, 7.174077777777778)",301123.4,283795.0,580492.8,202304.0,376417.2,707948.7,284908.1,462234.7,248559.6,220803.7,258912.9,452873.8,159379.3,415551.9,263066.9,361599.2
3884,55767,49.670135,7.189234999999999,Rheinland-Pfalz,RP,Landkreis Birkenfeld,7134.0,"(49.670135, 7.189234999999999)",303860.3,286377.4,583229.6,205040.9,379154.1,710685.5,287644.9,464971.5,251142.1,223386.1,261495.3,455610.6,161961.7,418288.7,265649.3,364336.0
3885,55768,49.6167,7.2,Rheinland-Pfalz,RP,Landkreis Birkenfeld,7134.0,"(49.6167, 7.2)",298507.8,305366.3,577877.2,199688.4,373801.6,705333.1,282292.5,459619.1,270131.0,242375.0,280484.2,450258.2,180950.6,412936.3,284638.2,358983.6
3886,55774,49.6489,7.3975,Rheinland-Pfalz,RP,Landkreis Birkenfeld,7134.0,"(49.6489, 7.3975)",257183.7,302867.4,527847.9,158364.3,381806.3,655303.8,290297.2,467623.8,267632.1,239876.1,277985.3,458262.8,171257.9,362907.1,276337.0,308954.3
3887,55776,49.608628571428575,7.260842857142856,Rheinland-Pfalz,RP,Landkreis Birkenfeld,7134.0,"(49.608628571428575, 7.260842857142856)",294105.9,310537.2,573475.2,195286.5,369399.7,700931.1,277890.6,455217.2,275301.8,247545.8,285655.0,445856.2,186121.5,408534.3,289809.0,354581.6
3888,55777,49.57795,7.29395,Rheinland-Pfalz,RP,Landkreis Birkenfeld,7134.0,"(49.57795, 7.29395)",287061.4,314667.2,566430.7,188242.0,362355.2,693886.7,270846.1,448172.7,279431.8,251675.8,289785.0,438811.8,190251.5,401489.9,293939.0,347537.2
3889,55779,49.6,7.23335,Rheinland-Pfalz,RP,Landkreis Birkenfeld,7134.0,"(49.6, 7.23335)",296687.2,311301.6,576056.5,197867.8,371981.0,703512.5,280471.9,457798.5,276066.2,248310.2,286419.4,448437.6,186885.9,411115.7,290573.4,357163.0
3890,56068,50.3567,7.5932,Rheinland-Pfalz,RP,"Koblenz, kreisfreie Stadt",7111.0,"(50.3567, 7.5932)",251353.1,191406.1,469138.6,149869.6,397923.7,596594.5,306414.6,454190.3,174305.2,146549.2,184658.4,461883.2,107240.8,304197.8,170371.3,250245.0
3891,56070,50.3849,7.5741,Rheinland-Pfalz,RP,"Koblenz, kreisfreie Stadt",7111.0,"(50.3849, 7.5741)",249196.7,189249.7,466982.2,147713.2,444127.3,594438.2,330106.3,452034.0,172148.8,144392.8,182502.0,459726.8,105084.4,302041.4,168214.9,248088.7
3892,56072,50.3578,7.5251,Rheinland-Pfalz,RP,"Koblenz, kreisfreie Stadt",7111.0,"(50.3578, 7.5251)",252070.8,202156.5,469856.3,150587.3,398216.7,597312.2,306707.6,454908.0,166921.2,139165.2,177274.4,462600.9,99856.7,304915.4,175626.1,250962.7
3893,56073,50.3586,7.5812,Rheinland-Pfalz,RP,"Koblenz, kreisfreie Stadt",7111.0,"(50.3586, 7.5812)",251161.8,191214.8,468947.3,149678.3,446092.4,596403.3,306803.4,453999.0,174113.9,146357.9,184467.1,461691.9,107049.5,304006.5,170180.0,250053.8
3894,56075,50.3201,7.5682,Rheinland-Pfalz,RP,"Koblenz, kreisfreie Stadt",7111.0,"(50.3201, 7.5682)",248416.9,196551.4,466202.4,146933.4,392632.5,593658.3,301123.3,451254.1,179450.5,151694.5,189803.7,458947.0,112386.0,301261.6,175516.5,247308.9
3895,56076,50.35,7.6,Rheinland-Pfalz,RP,"Koblenz, kreisfreie Stadt",7111.0,"(50.35, 7.6)",252219.8,192272.8,470005.3,150736.3,397608.3,597461.3,306099.2,455057.1,175171.9,147415.9,185525.1,462749.9,108107.5,305064.5,171238.0,251111.8
3896,56077,50.35,7.6,Rheinland-Pfalz,RP,"Koblenz, kreisfreie Stadt",7111.0,"(50.35, 7.6)",252219.8,192272.8,470005.3,150736.3,397608.3,597461.3,306099.2,455057.1,175171.9,147415.9,185525.1,462749.9,108107.5,305064.5,171238.0,251111.8
3897,56112,50.3,7.6167,Rheinland-Pfalz,RP,Rhein-Lahn-Kreis,7141.0,"(50.3, 7.6167)",248676.9,196150.7,466462.5,147193.5,400366.3,593918.4,308857.2,451514.2,182358.0,154602.0,192711.2,459207.1,115293.5,301521.6,175115.9,247568.9
3898,56130,50.3354,7.7137,Rheinland-Pfalz,RP,Rhein-Lahn-Kreis,7141.0,"(50.3354, 7.7137)",241434.5,205553.6,459220.1,139951.0,436365.1,586676.0,322344.1,444271.8,177989.4,164945.9,203055.1,451964.6,125637.5,294279.2,184518.7,240326.5
3899,56132,50.32656666666667,7.711333333333333,Rheinland-Pfalz,RP,Rhein-Lahn-Kreis,7141.0,"(50.32656666666667, 7.711333333333333)",242028.0,206147.0,459813.5,140544.5,436958.6,587269.4,322937.6,444865.2,178582.9,162769.8,200879.0,452558.1,123461.4,294872.6,185112.2,240919.9
3900,56133,50.3333,7.6833,Rheinland-Pfalz,RP,Rhein-Lahn-Kreis,7141.0,"(50.3333, 7.6833)",243724.2,207843.3,461509.8,142240.7,438654.8,588965.7,324633.8,446561.5,189144.9,161388.9,199498.1,454254.3,122080.4,296568.9,186808.4,242616.2
3901,56154,50.2308,7.5899,Rheinland-Pfalz,RP,Rhein-Hunsrück-Kreis,7140.0,"(50.2308, 7.5899)",250835.5,224539.3,482357.8,152016.1,383807.4,609813.7,292298.3,469624.9,189303.9,161547.9,199657.1,460264.0,122239.5,317416.9,198008.8,263464.2
3902,56170,50.4229,7.5792,Rheinland-Pfalz,RP,Landkreis Mayen-Koblenz,7137.0,"(50.4229, 7.5792)",240967.5,181364.4,458753.0,139484.0,435898.1,586208.9,321877.1,443804.7,153800.2,147491.3,185600.5,451497.6,108182.8,293812.1,160329.5,239859.4
3903,56179,50.39795,7.6205,Rheinland-Pfalz,RP,Landkreis Mayen-Koblenz,7137.0,"(50.39795, 7.6205)",241157.8,185051.8,458943.3,139674.3,436088.4,586399.3,322067.4,443995.1,176486.9,148730.9,186840.1,451687.9,109422.4,294002.5,164017.0,240049.8
3904,56182,50.3833,7.6333,Rheinland-Pfalz,RP,Landkreis Mayen-Koblenz,7137.0,"(50.3833, 7.6333)",239263.4,186807.4,457049.0,137779.9,434194.0,584504.9,320173.0,442100.7,178242.4,150486.4,188595.6,449793.5,111178.0,292108.1,165772.5,238155.4
3905,56191,50.4167,7.6,Rheinland-Pfalz,RP,Landkreis Mayen-Koblenz,7137.0,"(50.4167, 7.6)",239731.2,192739.1,457516.8,138247.8,434661.8,584972.7,320640.8,442568.5,175899.2,148143.2,186252.4,450261.3,108834.8,292575.9,171704.3,238623.2
3906,56203,50.4347,7.669,Rheinland-Pfalz,RP,Westerwaldkreis,7143.0,"(50.4347, 7.669)",234773.5,187781.4,452559.0,133290.0,429704.1,580014.9,315683.1,437610.7,160217.2,141319.9,193357.7,445303.6,115029.1,287618.2,166746.5,233665.5
3907,56204,50.4064,7.6986,Rheinland-Pfalz,RP,Westerwaldkreis,7143.0,"(50.4064, 7.6986)",238993.6,192001.5,456779.2,137510.2,433924.2,584235.1,319903.2,441830.9,164437.3,145540.0,197577.9,449523.8,119249.3,291838.3,170966.7,237885.6
3908,56206,50.45965,7.681649999999999,Rheinland-Pfalz,RP,Westerwaldkreis,7143.0,"(50.45965, 7.681649999999999)",237207.8,182279.7,454993.3,135724.3,432138.4,582449.2,318117.4,440045.0,154715.5,135818.2,187856.1,447737.9,117463.4,290052.4,161244.9,236099.7
3909,56218,50.3851,7.4989,Rheinland-Pfalz,RP,Landkreis Mayen-Koblenz,7137.0,"(50.3851, 7.4989)",249661.8,185153.8,467447.3,148178.3,444592.4,594903.2,310625.5,452499.0,165285.0,137529.0,175638.2,460191.9,98220.6,302506.5,164119.0,248553.8
3910,56220,50.40048,7.51096,Rheinland-Pfalz,RP,Landkreis Mayen-Koblenz,7137.0,"(50.40048, 7.51096)",248008.3,185366.1,465793.9,146524.9,442938.9,593249.8,328917.9,450845.6,165497.3,137741.3,175850.5,458538.4,98432.8,300853.0,164331.2,246900.3
3911,56235,50.46755,7.71525,Rheinland-Pfalz,RP,Westerwaldkreis,7143.0,"(50.46755, 7.71525)",232378.7,179498.5,450164.2,130895.2,427309.3,577620.1,313288.3,435215.9,151934.3,133037.0,185074.9,442908.8,121272.6,285223.4,158463.7,231270.6
3912,56237,50.48518888888889,7.670044444444445,Rheinland-Pfalz,RP,Westerwaldkreis,7143.0,"(50.48518888888889, 7.670044444444445)",240707.3,187827.1,458492.8,139223.8,435637.9,585948.7,321616.9,443544.5,160262.9,141365.6,193403.4,451237.4,122101.5,293551.9,166792.2,239599.2
3913,56242,50.52728,7.74894,Rheinland-Pfalz,RP,Westerwaldkreis,7143.0,"(50.52728, 7.74894)",235266.9,175373.2,453052.5,133783.5,430197.5,580508.4,316176.5,438104.2,147809.0,128911.7,180949.5,445797.1,130826.6,288111.6,154338.3,234158.9
3914,56244,50.54174090909091,7.80484090909091,Rheinland-Pfalz,RP,Westerwaldkreis,7143.0,"(50.54174090909091, 7.80484090909091)",238854.9,186479.6,442264.6,137371.4,433785.4,569720.5,319764.4,441692.1,158915.4,140018.0,192055.9,449385.0,134414.5,277323.8,165444.7,223371.0
3915,56249,50.5833,7.7333,Rheinland-Pfalz,RP,Westerwaldkreis,7143.0,"(50.5833, 7.7333)",242385.4,175341.1,447057.2,140901.9,437316.0,574513.1,323295.0,445222.7,147777.0,128879.6,180917.5,452915.5,121771.5,282116.3,154306.3,228163.6
3916,56253,50.1717,7.3022,Rheinland-Pfalz,RP,Landkreis Cochem-Zell,7135.0,"(50.1717, 7.3022)",289411.6,211530.6,507197.2,187928.2,404768.7,634653.1,313259.5,492248.9,176295.3,148539.3,186648.5,481225.2,109230.8,342256.3,185000.2,288303.6
3917,56254,50.1897,7.35515,Rheinland-Pfalz,RP,Landkreis Cochem-Zell,7135.0,"(50.1897, 7.35515)",292185.2,214304.2,509970.7,190701.7,405865.3,637426.6,314356.2,495022.4,179068.8,151312.8,189422.0,482321.9,112004.4,345029.9,187773.7,291077.2
3918,56269,50.5552,7.672750000000001,Rheinland-Pfalz,RP,Landkreis Neuwied,7138.0,"(50.5552, 7.672750000000001)",247969.4,169482.2,453628.9,146485.9,442900.0,581084.9,328879.0,450806.7,141918.0,123020.7,175058.6,458499.5,115912.6,288688.1,148447.4,234735.4
3919,56271,50.557100000000005,7.6628,Rheinland-Pfalz,RP,Landkreis Neuwied,7138.0,"(50.557100000000005, 7.6628)",247118.4,168631.2,453611.9,145634.9,442049.0,581067.8,328028.0,449955.7,141067.0,122169.7,174207.6,457648.5,115061.6,288671.0,147596.3,234718.3
3920,56276,50.50835,7.64165,Rheinland-Pfalz,RP,Landkreis Neuwied,7138.0,"(50.50835, 7.64165)",248114.3,169627.0,465899.8,146630.8,443044.8,593355.7,329023.8,450951.5,142062.9,123165.5,175203.4,458644.4,116057.4,300958.9,148592.2,247006.2
3921,56281,50.14762,7.580360000000001,Rheinland-Pfalz,RP,Rhein-Hunsrück-Kreis,7140.0,"(50.14762, 7.580360000000001)",240005.2,228236.1,500066.6,141185.8,372977.1,627522.5,281468.0,458794.6,193000.7,165244.7,203353.9,449433.6,125936.3,335125.7,201705.6,281173.0
3922,56283,50.181875000000005,7.4987375,Rheinland-Pfalz,RP,Rhein-Hunsrück-Kreis,7140.0,"(50.181875000000005, 7.4987375)",248563.0,236793.9,508624.4,149743.6,381534.9,636080.3,290025.8,467352.4,201558.5,173802.5,211911.7,457991.4,134494.1,343683.5,210263.4,289730.8
3923,56288,50.068264285714285,7.452771428571429,Rheinland-Pfalz,RP,Rhein-Hunsrück-Kreis,7140.0,"(50.068264285714285, 7.452771428571429)",237778.0,242010.0,508442.2,138958.7,370750.0,635898.2,279240.8,456567.4,206774.6,179018.6,217127.9,447206.5,139710.2,343501.4,215479.6,289548.7
3924,56290,50.12023333333333,7.40198888888889,Rheinland-Pfalz,RP,Landkreis Cochem-Zell,7135.0,"(50.12023333333333, 7.40198888888889)",249689.3,244567.1,516397.6,150869.9,382661.2,643853.6,291152.1,468478.7,209331.8,181575.8,219685.0,459117.7,142267.3,351456.8,218036.7,297504.1
3925,56291,50.10504117647059,7.583564705882353,Rheinland-Pfalz,RP,Rhein-Hunsrück-Kreis,7140.0,"(50.10504117647059, 7.583564705882353)",231802.8,233156.4,502467.0,132983.4,364774.7,629922.9,273265.6,450592.2,197921.0,170165.0,208274.2,441231.3,130856.6,337526.2,206625.9,283573.4
3926,56294,50.2558,7.360679999999999,Rheinland-Pfalz,RP,Landkreis Mayen-Koblenz,7137.0,"(50.2558, 7.360679999999999)",268945.9,201853.6,486731.4,167462.4,399128.3,614187.3,307619.2,471783.1,166618.2,138862.2,176971.4,479476.0,99553.8,321790.5,175323.1,267837.8
3927,56295,50.3089,7.3795,Rheinland-Pfalz,RP,Landkreis Mayen-Koblenz,7137.0,"(50.3089, 7.3795)",262074.3,201617.0,479859.8,160590.8,408491.5,607315.7,316982.4,464911.5,166381.7,138625.7,176734.9,472604.4,99317.2,314919.0,175086.6,260966.3
3928,56299,50.35,7.3833,Rheinland-Pfalz,RP,Landkreis Mayen-Koblenz,7137.0,"(50.35, 7.3833)",260858.6,193468.9,478644.2,159375.2,407275.8,606100.1,315766.7,463695.9,158233.5,130477.5,168586.7,471388.8,91169.1,313703.3,166938.4,259750.6
3929,56305,50.6138,7.5614,Rheinland-Pfalz,RP,Landkreis Neuwied,7138.0,"(50.6138, 7.5614)",255469.7,166323.1,473255.2,153986.2,450400.3,614990.6,336379.3,458306.9,138758.9,119861.5,171899.4,465999.8,112753.4,308314.4,145288.2,254361.6
3930,56307,50.57406666666666,7.590733333333333,Rheinland-Pfalz,RP,Landkreis Neuwied,7138.0,"(50.57406666666666, 7.590733333333333)",246829.3,164095.8,464614.8,145345.8,441759.9,592070.7,327738.8,449666.5,136531.7,117634.3,169672.2,457359.4,110526.2,299673.9,143061.0,245721.2
3931,56316,50.57496666666666,7.625,Rheinland-Pfalz,RP,Landkreis Neuwied,7138.0,"(50.57496666666666, 7.625)",248458.1,165724.7,466243.6,146974.6,443388.7,593699.5,329367.7,451295.3,138160.5,119263.1,171301.0,458988.2,112155.0,301302.7,144689.8,247350.0
3932,56317,50.570800000000006,7.56665,Rheinland-Pfalz,RP,Landkreis Neuwied,7138.0,"(50.570800000000006, 7.56665)",247142.4,160152.2,464927.9,145658.9,442073.0,608819.8,328052.0,449979.7,132588.0,113690.7,165728.6,457672.5,106582.6,299987.1,139117.3,246034.4
3933,56321,50.2769,7.62195,Rheinland-Pfalz,RP,Landkreis Mayen-Koblenz,7137.0,"(50.2769, 7.62195)",254178.8,201182.3,471964.3,152695.3,392671.6,599420.3,301162.5,457016.1,189664.5,161908.5,200017.7,464708.9,122600.0,307023.5,180147.5,253070.8
3934,56322,50.2588,7.6484,Rheinland-Pfalz,RP,Landkreis Mayen-Koblenz,7137.0,"(50.2588, 7.6484)",257251.5,204255.0,475037.0,155768.0,390822.9,602493.0,299313.8,460088.7,192737.1,164981.1,203090.3,467279.5,125672.7,310096.2,183220.1,256143.5
3935,56323,50.2833,7.55,Rheinland-Pfalz,RP,Landkreis Mayen-Koblenz,7137.0,"(50.2833, 7.55)",253956.7,202091.2,471742.2,152473.2,386547.5,599198.2,295038.4,456793.9,183540.4,155784.4,193893.6,463004.1,116476.0,306801.4,181056.3,252848.7
