,zipcode,lat,long,state,state_code,community_name,community_code,coor,AKB Kitzingen,AKB Dortmund,AKB Zörbig,AKB Schöneck,AKB Buch,Mosolf Etzin,Mosolf Kippenheim,BLG Kelheim,BLG Duisburg,BLG Neuss,Carservice Erkens,ARS Altmann Wolnzach,CAT Zülpich,Autohaus Siebrecht,Neu: FleetParQ Essen ,Neu: FleetParQ Kassel
4346,63867,50.0316,9.1425,Bayern,BY,Landkreis Aschaffenburg,9671.0,"(50.0316, 9.1425)",96582.9,256216.3,407917.2,45924.2,291513.5,535373.1,271509.4,299420.1,290276.9,271379.6,323417.5,307113.0,260061.9,242976.3,296806.3,189023.6
4347,63868,49.8794,9.1534,Bayern,BY,Landkreis Miltenberg,9676.0,"(49.8794, 9.1534)",115880.4,267310.7,438680.5,57018.5,310811.0,566136.4,274310.4,318717.7,293077.9,274180.6,326218.5,326410.5,262862.9,273739.6,299607.3,219786.9
4348,63869,50.0282,9.3712,Bayern,BY,Landkreis Aschaffenburg,9671.0,"(50.0282, 9.3712)",89886.8,293509.3,375184.7,83217.1,284817.4,502640.6,299104.4,292724.1,317872.0,298974.6,351012.5,300416.9,287656.9,245479.9,324401.3,191527.2
4349,63871,50.0711,9.343,Bayern,BY,Landkreis Aschaffenburg,9671.0,"(50.0711, 9.343)",93539.7,261887.8,401971.5,57463.9,288470.3,529427.5,287522.1,296377.0,306289.6,287392.3,339430.2,304069.8,276074.6,237030.7,312819.0,183078.0
4350,63872,49.8892,9.2956,Bayern,BY,Landkreis Aschaffenburg,9671.0,"(49.8892, 9.2956)",85163.7,288297.7,427259.2,78005.6,280094.2,554715.2,293892.8,288000.9,312660.4,293763.0,345800.9,295693.8,282445.4,294726.6,319189.7,240773.9
4351,63874,49.8577,9.3276,Bayern,BY,Landkreis Aschaffenburg,9671.0,"(49.8577, 9.3276)",79250.1,290539.3,421345.7,80247.1,274180.7,548801.6,296134.4,282087.3,314902.0,296004.6,348042.5,289780.2,284686.9,296968.2,321431.3,243015.5
4352,63875,49.9144,9.2919,Bayern,BY,Landkreis Aschaffenburg,9671.0,"(49.9144, 9.2919)",81750.4,284884.4,423846.0,74592.3,276681.0,551301.9,290479.6,284587.6,309247.1,290349.8,342387.6,292280.5,279032.1,291313.4,315776.4,237360.7
4353,63877,50.0246,9.2593,Bayern,BY,Landkreis Aschaffenburg,9671.0,"(50.0246, 9.2593)",90813.3,269936.6,432908.9,59644.5,285743.9,560364.8,275531.8,293650.5,294299.3,275402.0,327439.8,301343.4,264084.3,242455.7,300828.6,188503.0
4354,63879,49.9308,9.3661,Bayern,BY,Landkreis Aschaffenburg,9671.0,"(49.9308, 9.3661)",76574.8,280197.2,418670.4,69905.1,271505.4,546126.3,285792.4,279412.0,304559.9,285662.6,337700.5,287104.9,274344.9,286626.2,311089.2,232673.5
4355,63897,49.7045,9.2673,Bayern,BY,Landkreis Miltenberg,9676.0,"(49.7045, 9.2673)",87430.5,292862.0,429526.1,82569.9,282361.1,556982.0,237278.7,290267.7,318629.3,299732.0,351769.8,297960.6,288414.3,299291.0,325158.6,245338.3
4356,63906,49.8034,9.1631,Bayern,BY,Landkreis Miltenberg,9676.0,"(49.8034, 9.1631)",96649.1,276502.1,447871.9,66210.0,291579.7,575327.9,283501.9,299486.4,302269.4,283372.1,335409.9,307179.2,272054.4,282931.1,308798.7,228978.4
4357,63911,49.7851,9.1803,Bayern,BY,Landkreis Miltenberg,9676.0,"(49.7851, 9.1803)",96343.0,279013.8,450383.6,68721.7,291273.6,577839.6,286013.6,299180.2,304781.1,285883.8,337921.6,306873.1,274566.1,285442.8,311310.4,231490.1
4358,63916,49.6444,9.2218,Bayern,BY,Landkreis Miltenberg,9676.0,"(49.6444, 9.2218)",90022.0,296414.3,432117.5,86122.2,264078.6,559573.5,220603.2,292859.2,322181.6,303284.3,355322.1,300552.1,291966.6,302843.3,328710.9,248890.6
4359,63920,49.7283,9.2228,Bayern,BY,Landkreis Miltenberg,9676.0,"(49.7283, 9.2228)",91881.4,290958.8,433977.0,80666.7,286811.9,561432.9,231848.7,294718.6,316726.1,297828.8,349866.6,302411.5,286511.1,297387.8,323255.4,243435.1
4360,63924,49.71625,9.19635,Bayern,BY,Landkreis Miltenberg,9676.0,"(49.71625, 9.19635)",102775.7,289292.4,460662.2,79000.3,297706.3,588118.1,240069.8,305613.0,315059.7,296162.3,348200.2,313305.8,284844.7,295721.4,321589.0,241768.7
4361,63925,49.7458,9.1761,Bayern,BY,Landkreis Miltenberg,9676.0,"(49.7458, 9.1761)",96859.6,282990.2,454360.0,72698.1,291790.1,581816.0,234153.7,299696.8,308757.5,289860.2,341898.0,307389.7,278542.5,289419.2,315286.8,235466.5
4362,63927,49.7148,9.2692,Bayern,BY,Landkreis Miltenberg,9676.0,"(49.7148, 9.2692)",87345.3,293306.9,429440.9,83014.7,282275.9,556896.8,234196.7,290182.6,319074.1,300176.8,352214.7,297875.4,288859.1,299735.8,325603.5,245783.1
4363,63928,49.7056,9.3292,Bayern,BY,Landkreis Miltenberg,9676.0,"(49.7056, 9.3292)",82788.7,297632.8,424884.2,87340.7,277719.2,552340.2,241908.0,285625.9,323400.1,304502.8,356540.7,293318.8,293185.1,304061.8,329929.4,250109.1
4364,63930,49.7072,9.4025,Bayern,BY,Landkreis Miltenberg,9676.0,"(49.7072, 9.4025)",73768.4,306014.3,415864.0,95722.2,268699.0,543320.0,269642.1,276605.7,331781.6,312884.2,364922.1,284298.6,301566.5,312443.2,338310.9,258490.5
4365,63931,49.618,9.1779,Bayern,BY,Landkreis Miltenberg,9676.0,"(49.618, 9.1779)",95165.0,301557.4,437260.6,91265.3,263824.4,564716.5,219061.2,298002.3,327324.6,308427.3,360465.2,311594.1,297109.6,307986.3,333854.0,254033.6
4366,63933,49.7933,9.2686,Bayern,BY,Landkreis Miltenberg,9676.0,"(49.7933, 9.2686)",87700.3,283539.9,429795.9,73247.8,282630.9,557251.8,290539.7,290537.5,309307.2,290409.9,342447.8,298230.4,279092.2,289968.9,315836.5,236016.2
4367,63934,49.7731,9.2461,Bayern,BY,Landkreis Miltenberg,9676.0,"(49.7731, 9.2461)",89519.0,284429.1,431614.6,74137.0,284449.6,559070.5,237643.6,292356.3,310196.4,291299.0,343336.9,300049.1,279981.4,290858.1,316725.7,236905.4
4368,63936,49.6402,9.2506,Bayern,BY,Landkreis Miltenberg,9676.0,"(49.6402, 9.2506)",87726.5,298483.5,429822.1,88191.4,261783.2,557278.0,222809.2,290563.8,324250.8,305353.4,357391.3,298256.6,294035.7,304912.4,330780.1,250959.7
4369,63937,49.6681,9.2164,Bayern,BY,Landkreis Miltenberg,9676.0,"(49.6681, 9.2164)",93764.4,293432.4,435860.0,83140.3,267821.0,563315.9,224568.2,296601.6,319199.7,300302.4,352340.2,304294.5,288984.7,299861.4,325729.0,245908.7
4370,63939,49.7972,9.1539,Bayern,BY,Landkreis Miltenberg,9676.0,"(49.7972, 9.1539)",99301.9,278447.1,449816.9,68155.0,294232.5,577272.8,285446.8,302139.1,304214.4,285317.0,337354.9,309832.0,273999.3,284876.0,310743.7,230923.3
4371,64283,49.8719,8.6484,Hessen,HE,"Darmstadt, Wissenschaftsstadt",6411.0,"(49.8719, 8.6484)",147766.2,254646.7,439210.7,66512.0,293821.9,566666.7,202312.7,350603.4,259981.6,241084.2,293122.1,370538.2,229766.5,274269.9,266510.9,220317.2
4372,64285,49.8591,8.6486,Hessen,HE,"Darmstadt, Wissenschaftsstadt",6411.0,"(49.8591, 8.6486)",147612.0,255317.6,439881.6,67182.9,292320.7,567337.6,200811.6,350449.3,260652.4,241755.1,293793.0,369037.1,230437.4,274940.8,267181.8,220988.1
4373,64287,49.8676,8.6644,Hessen,HE,"Darmstadt, Wissenschaftsstadt",6411.0,"(49.8676, 8.6644)",145516.7,256302.9,440866.9,69032.8,294326.7,568322.8,202817.6,348354.0,261637.7,242740.3,294778.2,356046.8,231422.6,275926.0,268167.0,221973.3
4374,64289,49.8972,8.6809,Hessen,HE,"Darmstadt, Wissenschaftsstadt",6411.0,"(49.8972, 8.6809)",137295.0,254077.7,438641.7,49004.6,303309.5,566097.6,211800.4,340132.2,265557.4,246660.1,298698.0,347825.1,235342.4,273700.9,272086.8,219748.1
4375,64291,49.9111,8.6573,Hessen,HE,"Darmstadt, Wissenschaftsstadt",6411.0,"(49.9111, 8.6573)",145282.8,255117.3,439681.3,46150.0,304349.0,567137.2,212839.9,348120.0,266597.0,247699.6,299737.5,355812.9,236381.9,274740.4,273126.3,220787.7
4376,64293,49.8875,8.6446,Hessen,HE,"Darmstadt, Wissenschaftsstadt",6411.0,"(49.8875, 8.6446)",156766.3,251074.4,435638.4,50619.8,300306.1,563094.3,208797.0,359603.5,262554.1,243656.7,295694.6,377022.5,232339.1,270697.5,269083.4,216744.8
4377,64295,49.8611,8.6373,Hessen,HE,"Darmstadt, Wissenschaftsstadt",6411.0,"(49.8611, 8.6373)",147607.4,254628.2,439192.2,66493.5,292502.8,566648.1,200993.7,350444.7,259963.0,241065.7,293103.6,369219.2,229748.0,274251.4,266492.4,220298.7
4378,64297,49.8192,8.6449,Hessen,HE,"Darmstadt, Wissenschaftsstadt",6411.0,"(49.8192, 8.6449)",166570.3,260878.4,445442.4,72743.7,288209.7,572898.3,196700.5,374287.0,265033.8,246136.5,298174.4,364926.0,234818.8,280501.5,271563.1,226548.8
4379,64319,49.8056,8.6031,Hessen,HE,Darmstadt-Dieburg,6432.0,"(49.8056, 8.6031)",167807.4,262115.5,446679.4,73980.8,286577.0,574135.4,195067.9,372654.3,266095.7,247198.4,299236.2,363293.4,235880.7,281738.6,272625.0,227785.9
4380,64331,49.9039,8.5887,Hessen,HE,Darmstadt-Dieburg,6432.0,"(49.9039, 8.5887)",154354.5,248662.6,433226.6,60527.9,299031.7,560682.5,207522.6,357191.8,254589.0,235691.7,287729.5,364884.6,224374.0,268285.8,261118.3,214333.0
4381,64342,49.765,8.6519,Hessen,HE,Darmstadt-Dieburg,6432.0,"(49.765, 8.6519)",171350.1,265658.2,450222.2,77523.5,286933.1,577678.2,195424.0,373010.4,269813.6,250916.3,302954.2,363649.5,239598.6,285281.4,276343.0,231328.7
4382,64347,49.8609,8.5725,Hessen,HE,Darmstadt-Dieburg,6432.0,"(49.8609, 8.5725)",159997.4,254305.5,438869.5,66170.8,297262.1,566325.4,205753.0,362834.7,259640.3,240743.0,292780.9,373978.5,229425.3,273928.7,266169.7,219975.9
4383,64354,49.8292,8.8357,Hessen,HE,Darmstadt-Dieburg,6432.0,"(49.8292, 8.8357)",140713.9,274733.8,446103.6,64230.0,304704.1,573559.5,213194.9,343551.1,281528.2,262630.9,314668.7,351244.0,251313.2,281162.7,288057.5,227210.0
4384,64367,49.8156,8.7081,Hessen,HE,Darmstadt-Dieburg,6432.0,"(49.8156, 8.7081)",147483.0,266397.5,450961.5,70999.1,293728.8,578417.5,202219.7,350320.2,270552.9,251655.6,303693.5,370445.1,240337.9,286020.7,277082.3,232068.0
4385,64372,49.8308,8.7489,Hessen,HE,Darmstadt-Dieburg,6432.0,"(49.8308, 8.7489)",143086.5,270501.0,448476.2,66602.6,297832.2,575932.1,206323.1,345923.8,274656.4,255759.0,307796.9,353616.6,244441.4,283535.3,281185.7,229582.6
4386,64380,49.8597,8.7617,Hessen,HE,Darmstadt-Dieburg,6432.0,"(49.8597, 8.7617)",139929.5,273949.4,445319.2,63445.6,334860.1,572775.1,209797.2,342766.7,270685.7,251788.3,303826.2,350459.6,240470.6,280378.3,277215.0,226425.6
4387,64385,49.7121,8.839,Hessen,HE,Odenwaldkreis,6437.0,"(49.7121, 8.839)",157339.4,291359.3,462729.1,80855.5,283571.7,590185.0,192062.6,369649.0,294991.5,276094.2,328132.1,360288.1,264776.5,297788.2,301520.9,243835.5
4388,64390,49.9553,8.6475,Hessen,HE,Darmstadt-Dieburg,6432.0,"(49.9553, 8.6475)",143673.2,249408.2,433972.2,44540.4,306744.3,561428.1,215235.1,346510.4,267813.2,248915.9,300953.7,354203.3,237598.2,269031.3,274342.5,215078.6
4389,64395,49.7739,8.8844,Hessen,HE,Odenwaldkreis,6437.0,"(49.7739, 8.8844)",138763.0,283415.5,454785.3,72911.8,310223.6,582241.3,218714.5,341600.3,287047.8,268150.4,320188.3,349293.1,256832.8,289844.5,293577.1,235891.8
4390,64397,49.7606,8.7208,Hessen,HE,Darmstadt-Dieburg,6432.0,"(49.7606, 8.7208)",153756.7,271974.1,456538.0,83839.4,293248.9,583994.0,201739.8,379326.2,276129.5,257232.1,309270.0,369965.3,245914.4,291597.2,282658.8,237644.5
4391,64401,49.8006,8.8243,Hessen,HE,Darmstadt-Dieburg,6432.0,"(49.8006, 8.8243)",143969.4,277137.0,449359.1,67485.5,304468.3,576815.0,212959.2,346806.7,281292.4,262395.1,314433.0,354499.6,251077.4,284418.3,287821.8,230465.5
4392,64404,49.7592,8.6175,Hessen,HE,Darmstadt-Dieburg,6432.0,"(49.7592, 8.6175)",171163.7,265471.8,450035.7,77337.1,284928.2,577491.7,193419.1,371005.5,269627.2,250729.8,302767.7,361644.5,239412.1,285094.9,276156.5,231142.2
4393,64405,49.7647,8.785,Hessen,HE,Darmstadt-Dieburg,6432.0,"(49.7647, 8.785)",152578.9,278701.8,463265.7,76095.0,306033.0,590721.7,214523.9,355416.2,282857.2,263959.8,315997.7,363109.0,252642.1,298324.9,289386.5,244372.2
4394,64407,49.7461,8.8586,Hessen,HE,Odenwaldkreis,6437.0,"(49.7461, 8.8586)",152660.9,286680.7,458050.5,76177.0,288168.1,585506.5,196658.9,355498.1,290313.0,271415.6,323453.5,363191.0,260098.0,293109.7,296842.3,239157.0
4395,64409,49.9383,8.7406,Hessen,HE,Darmstadt-Dieburg,6432.0,"(49.9383, 8.7406)",130077.6,249799.0,434363.0,44931.2,325008.2,561818.9,218390.4,332914.9,268204.0,249306.7,301344.5,340607.7,237989.0,269422.2,274733.3,215469.4
4396,64521,49.9214,8.4825,Hessen,HE,Groß-Gerau,6433.0,"(49.9214, 8.4825)",156481.0,251286.3,435850.3,57661.6,305650.4,563306.2,214141.3,359318.2,245661.5,226764.2,278802.1,367011.1,215446.5,270909.4,252190.9,216956.7
4397,64546,49.9947,8.5836,Hessen,HE,Groß-Gerau,6433.0,"(49.9947, 8.5836)",141024.7,238380.6,422944.6,42205.3,310576.2,550400.6,219067.1,343861.9,249860.4,230963.0,283000.9,351554.8,219645.3,258003.8,256389.7,204051.1
4398,64560,49.8341,8.4962,Hessen,HE,Groß-Gerau,6433.0,"(49.8341, 8.4962)",167193.6,261501.7,446065.7,73367.0,293063.7,573521.7,201554.6,378881.2,260374.8,241477.4,293515.3,369520.2,230159.7,281124.9,266904.1,227172.2
4399,64569,49.9508,8.4633,Hessen,HE,Groß-Gerau,6433.0,"(49.9508, 8.4633)",155748.3,250553.6,435117.6,56928.9,310325.7,562573.6,218816.5,358585.5,244928.9,226031.5,278069.4,366278.4,214713.8,270176.8,251458.2,216224.1
4400,64572,49.9033,8.5233,Hessen,HE,Groß-Gerau,6433.0,"(49.9033, 8.5233)",160162.7,254968.0,439532.0,61343.3,301671.2,566987.9,210162.0,362999.9,249343.2,230445.9,282483.8,378387.5,219128.2,274591.1,255872.6,220638.4
4401,64579,49.7531,8.4886,Hessen,HE,Groß-Gerau,6433.0,"(49.7531, 8.4886)",175757.5,270065.6,454629.6,81930.9,284846.8,582085.5,193337.7,370664.3,274329.9,255432.5,307470.4,361303.4,244114.9,289688.8,280859.2,235736.1
4402,64584,49.7836,8.4744,Hessen,HE,Groß-Gerau,6433.0,"(49.7836, 8.4744)",172341.0,266649.1,451213.1,78514.4,288295.9,578669.0,196786.8,374113.4,270913.3,252016.0,304053.9,364752.4,240698.3,286272.2,277442.7,232319.5
4403,64589,49.8094,8.4728,Hessen,HE,Groß-Gerau,6433.0,"(49.8094, 8.4728)",175325.8,269633.9,454197.9,81499.2,291280.7,581653.8,199771.6,377098.2,262088.1,243190.8,295228.7,367737.2,231873.1,289257.0,268617.5,235304.3
4404,64625,49.6837,8.6184,Hessen,HE,Bergstraße,6431.0,"(49.6837, 8.6184)",183054.5,277362.6,461926.6,89227.9,272714.2,589382.5,181205.1,358791.5,281518.0,262620.6,314658.5,349430.6,251303.0,296985.7,288047.3,243033.0
4405,64646,49.6407,8.6367,Hessen,HE,Bergstraße,6431.0,"(49.6407, 8.6367)",185926.3,280234.4,464798.4,92099.7,269955.0,592254.3,178445.9,356032.3,284389.8,265492.4,317530.3,346671.4,254174.8,299857.5,290919.1,245904.8
4406,64653,49.65,8.5667,Hessen,HE,Bergstraße,6431.0,"(49.65, 8.5667)",184463.5,278771.7,463335.6,90637.0,271435.3,590791.6,179926.2,357512.6,283035.9,264138.6,316176.4,348151.7,252820.9,298394.8,289565.2,244442.1
4407,64658,49.6508,8.7847,Hessen,HE,Bergstraße,6431.0,"(49.6508, 8.7847)",166352.1,292892.0,477456.0,89868.2,274844.6,604911.9,183335.4,360921.9,297047.4,278150.1,330188.0,351560.9,266832.4,312515.2,303576.7,258562.4
4408,64665,49.7386,8.5958,Hessen,HE,Darmstadt-Dieburg,6432.0,"(49.7386, 8.5958)",175176.5,269484.6,454048.6,81349.9,280978.4,581504.5,189469.2,367055.7,273748.8,254851.5,306889.4,357694.7,243533.8,289107.7,280278.2,235155.0
4409,64668,49.625,8.7631,Hessen,HE,Bergstraße,6431.0,"(49.625, 8.7631)",169868.5,293314.2,477878.2,105179.5,271346.4,605334.1,179837.2,357423.6,297469.6,278572.2,330610.1,348062.7,264933.3,312937.3,303998.9,258984.6
4410,64673,49.7239,8.6108,Hessen,HE,Bergstraße,6431.0,"(49.7239, 8.6108)",177548.1,271856.2,456420.2,83721.5,278567.3,583876.1,187058.1,364644.6,276011.6,257114.3,309152.1,355283.6,245796.6,291479.3,282540.9,237526.6
4411,64678,49.6837,8.7815,Hessen,HE,Bergstraße,6431.0,"(49.6837, 8.7815)",163735.9,286721.8,471285.8,87252.0,282610.3,598741.7,191101.1,368687.5,290877.2,271979.9,324017.7,359326.6,260662.2,306344.9,297406.5,252392.2
4412,64683,49.6767,8.5483,Hessen,HE,Bergstraße,6431.0,"(49.6767, 8.5483)",184943.2,279251.3,463815.3,91116.6,274215.7,591271.2,182706.6,360033.2,283515.5,264618.2,316656.1,350672.3,253300.5,298874.4,290044.8,244921.7
4413,64686,49.7258,8.7033,Hessen,HE,Bergstraße,6431.0,"(49.7258, 8.7033)",156992.6,275929.8,460493.8,87795.1,281574.1,587949.7,190064.9,367651.3,280085.2,261187.8,313225.7,358290.4,249870.1,295552.9,286614.5,241600.2
4414,64689,49.63,8.8822,Hessen,HE,Bergstraße,6431.0,"(49.63, 8.8822)",131537.7,302845.6,474215.4,92341.8,288605.2,601671.3,197096.1,342604.9,310808.0,291910.7,343948.6,333244.0,280593.0,309274.5,317337.4,255321.8
4415,64711,49.6615,8.994,Hessen,HE,Odenwaldkreis,6437.0,"(49.6615, 8.994)",111524.0,296774.0,468143.8,86270.2,285580.7,595599.7,209289.8,314361.3,316795.8,297898.5,349936.3,322054.2,286580.8,303203.0,323325.1,249250.2
4416,64720,49.6757,9.0037,Hessen,HE,Odenwaldkreis,6437.0,"(49.6757, 9.0037)",111694.2,295281.8,466651.6,84778.0,285750.8,594107.5,208202.7,314531.4,315303.6,296406.2,348444.1,322224.3,285088.6,301710.7,321832.9,247758.0
4417,64732,49.7432,9.0075,Hessen,HE,Odenwaldkreis,6437.0,"(49.7432, 9.0075)",134573.6,286978.3,458348.1,76474.5,288993.6,585804.0,212060.0,337410.9,307000.1,288102.8,340140.6,345103.7,276785.1,293407.2,313529.4,239454.5
4418,64739,49.7997,8.9994,Hessen,HE,Odenwaldkreis,6437.0,"(49.7997, 8.9994)",127661.6,280933.2,452303.0,70429.4,322592.1,579758.9,233889.0,330498.8,300955.0,282057.7,334095.5,338191.7,270740.0,287362.2,307484.3,233409.4
4419,64743,49.5686,8.9744,Hessen,HE,Odenwaldkreis,6437.0,"(49.5686, 8.9744)",121689.3,308743.3,463784.9,98239.5,252923.1,591240.8,190255.9,326735.5,328765.1,309867.7,361905.6,317374.5,290802.4,315172.2,335294.4,261219.5
4420,64747,49.8,9.0667,Hessen,HE,Odenwaldkreis,6437.0,"(49.8, 9.0667)",133310.6,284740.9,456110.7,74448.7,328241.2,583566.6,243842.1,336147.9,310508.1,291610.8,343648.7,343840.7,280293.1,291169.8,317037.5,237217.1
4421,64750,49.7883,9.0753,Hessen,HE,Odenwaldkreis,6437.0,"(49.7883, 9.0753)",131840.8,283271.0,454640.8,72978.9,326771.4,582096.8,242421.1,334678.0,309038.3,290140.9,342178.8,342370.9,278823.3,289700.0,315567.6,235747.3
4422,64753,49.7325,8.9622,Hessen,HE,Odenwaldkreis,6437.0,"(49.7325, 8.9622)",140180.2,292584.9,463954.7,82081.1,295559.0,591410.6,208390.0,343017.5,296031.3,277133.9,329171.8,350710.3,265816.2,299013.8,302560.6,245061.1
4423,64754,49.5699,9.0629,Hessen,HE,Odenwaldkreis,6437.0,"(49.5699, 9.0629)",108679.0,322664.8,450774.6,112372.7,269112.1,578230.5,202719.7,326242.7,348432.1,329534.8,381572.6,316881.7,318217.1,329093.8,354961.4,275141.1
4424,64756,49.6533,8.9289,Hessen,HE,Odenwaldkreis,6437.0,"(49.6533, 8.9289)",118919.4,303200.5,474570.3,92696.7,265699.4,602026.2,202680.2,321756.6,305512.9,286615.6,338653.5,330150.8,275297.9,309629.5,312042.3,255676.7
4425,64757,49.4992,8.9192,Hessen,HE,Odenwaldkreis,6437.0,"(49.4992, 8.9192)",132683.1,319873.4,474778.7,109369.6,254636.0,602234.6,181647.7,328448.4,335834.6,316937.3,368975.1,319087.5,291690.6,326302.4,342363.9,272349.7
4426,64760,,,,,,,"(nan, nan)",0.0,0.0,0.0,0.0,0.0,0.0,0.0,0.0,0.0,0.0,0.0,0.0,0.0,0.0,0.0,0.0
4427,64807,49.8974,8.8461,Hessen,HE,Darmstadt-Dieburg,6432.0,"(49.8974, 8.8461)",129049.5,263069.3,434439.1,52565.6,323980.1,561895.1,217873.6,331886.7,283091.1,264193.8,316231.7,339579.6,252876.1,269498.3,289620.5,215545.6
