,zipcode,lat,long,state,state_code,community_name,community_code,coor,AKB Kitzingen,AKB Dortmund,AKB Zörbig,AKB Schöneck,AKB Buch,Mosolf Etzin,Mosolf Kippenheim,BLG Kelheim,BLG Duisburg,BLG Neuss,Carservice Erkens,ARS Altmann Wolnzach,CAT Zülpich,Autohaus Siebrecht,Neu: FleetParQ Essen ,Neu: FleetParQ Kassel
5330,74535,49.0761,9.5564,Baden-Württemberg,BW,Schwäbisch Hall,8127.0,"(49.0761, 9.5564)",132364.8,400734.7,433622.2,212600.0,189018.8,561078.1,214970.8,246149.3,404890.1,385992.8,424628.7,236788.4,347211.1,396365.8,411419.5,342413.1
5331,74538,49.0833,9.7,Baden-Württemberg,BW,Schwäbisch Hall,8127.0,"(49.0833, 9.7)",123723.3,419796.4,424980.7,231661.8,180377.3,552436.6,234032.5,237507.8,423951.8,405054.5,443690.4,228146.9,366272.8,387724.3,430481.2,333771.6
5332,74541,49.0843,9.8791,Baden-Württemberg,BW,Schwäbisch Hall,8127.0,"(49.0843, 9.8791)",109168.5,433741.0,410425.9,245393.3,129993.9,537881.8,247977.1,222953.0,437896.4,418999.1,457635.0,213592.1,380217.4,373169.4,444425.8,319216.7
5333,74542,49.1992,9.7906,Baden-Württemberg,BW,Schwäbisch Hall,8127.0,"(49.1992, 9.7906)",112101.0,417655.0,413358.4,193882.0,168755.0,540814.4,231891.1,225885.6,421810.4,402913.0,441549.0,216524.6,364131.3,376102.0,428339.7,322149.3
5334,74544,49.0703,9.7625,Baden-Württemberg,BW,Schwäbisch Hall,8127.0,"(49.0703, 9.7625)",120442.8,423838.6,421700.2,235703.9,141630.7,549156.1,238074.7,234227.4,427994.0,409096.6,447732.6,224866.4,370314.9,384443.8,434523.3,330491.1
5335,74545,49.118,9.6433,Baden-Württemberg,BW,Schwäbisch Hall,8127.0,"(49.118, 9.6433)",130262.5,408878.4,431519.9,220743.7,186916.5,558975.8,223114.5,244047.1,413033.8,394136.5,432772.4,234686.1,355354.8,394263.5,419563.1,340310.8
5336,74547,49.1525,9.7338,Baden-Württemberg,BW,Schwäbisch Hall,8127.0,"(49.1525, 9.7338)",114931.9,410578.4,416189.3,222443.7,171585.9,543645.2,224814.5,228716.5,414733.8,395836.4,434472.4,219355.5,357054.7,378932.9,421263.1,324980.2
5337,74549,49.1675,9.8447,Baden-Württemberg,BW,Schwäbisch Hall,8127.0,"(49.1675, 9.8447)",102291.5,419711.8,403548.9,238516.3,158945.4,531004.8,233947.9,216076.0,423867.2,404969.8,443605.8,206715.1,366188.1,366292.4,430396.5,312339.7
5338,74564,49.1344,10.0719,Baden-Württemberg,BW,Schwäbisch Hall,8127.0,"(49.1344, 10.0719)",90400.4,455536.8,391657.8,226625.3,125566.9,519113.8,252956.7,204185.0,442876.0,423978.7,462614.6,194824.1,385197.0,354401.4,449405.3,300448.7
5339,74572,49.2978,9.9739,Baden-Württemberg,BW,Schwäbisch Hall,8127.0,"(49.2978, 9.9739)",75926.7,389095.4,401638.6,178803.2,157035.2,529094.6,254861.4,214165.8,413458.1,394560.7,446598.6,204804.8,387101.7,339927.7,419987.4,285974.9
5340,74575,49.3453,9.9794,Baden-Württemberg,BW,Schwäbisch Hall,8127.0,"(49.3453, 9.9794)",73125.3,387732.3,407263.4,177440.2,162659.9,534719.3,260486.2,219790.5,412095.0,393197.7,445235.5,210429.6,381880.0,337126.3,418624.3,283173.6
5341,74579,49.0667,10.2167,Baden-Württemberg,BW,Schwäbisch Hall,8127.0,"(49.0667, 10.2167)",91355.6,456491.9,392833.1,227580.4,117446.8,520289.0,279309.9,205360.2,462235.2,443337.8,495375.7,195999.3,432020.2,355356.5,468764.5,301403.8
5342,74582,49.2517,9.9219,Baden-Württemberg,BW,Schwäbisch Hall,8127.0,"(49.2517, 9.9219)",83493.7,395691.4,403386.4,185399.3,158783.0,530842.4,245540.0,215913.6,435459.3,416561.9,455197.9,206552.7,377780.2,347494.7,441988.6,293542.0
5343,74585,49.25,10.0167,Baden-Württemberg,BW,Schwäbisch Hall,8127.0,"(49.25, 10.0167)",75702.2,440838.6,394957.9,211927.0,150354.5,522413.9,249551.5,207485.1,439470.8,420573.5,459209.4,198124.1,381791.8,339703.2,446000.1,285750.5
5344,74586,49.0833,9.9833,Baden-Württemberg,BW,Schwäbisch Hall,8127.0,"(49.0833, 9.9833)",100459.1,465595.5,401716.5,236684.0,126023.5,529172.5,255729.8,214243.7,445649.1,426751.8,465387.7,204882.7,387970.1,364460.1,452178.4,310507.4
5345,74589,49.1695,10.0796,Baden-Württemberg,BW,Schwäbisch Hall,8127.0,"(49.1695, 10.0796)",87010.8,452147.2,388268.2,223235.6,129809.3,515724.1,248983.8,200795.3,438903.1,420005.8,458641.7,191434.4,381224.0,351011.8,445432.4,297059.1
5346,74592,49.2006,9.9823,Baden-Württemberg,BW,Schwäbisch Hall,8127.0,"(49.2006, 9.9823)",96221.8,461358.2,397479.2,232446.6,152875.7,524935.1,242006.4,210006.3,431925.7,413028.4,451664.3,200645.4,374246.7,360222.8,438455.1,306270.0
5347,74594,49.1333,10.1833,Baden-Württemberg,BW,Schwäbisch Hall,8127.0,"(49.1333, 10.1833)",86319.2,451455.6,387796.8,222544.1,119408.7,515252.7,264583.5,200323.9,457198.9,438301.5,490339.4,190963.0,396823.7,350320.2,463728.2,296367.5
5348,74595,49.254,9.8567,Baden-Württemberg,BW,Schwäbisch Hall,8127.0,"(49.254, 9.8567)",86681.9,394602.3,415243.3,184310.2,170639.9,542699.3,245959.2,227770.5,435878.5,416981.2,455617.1,218409.5,378199.5,350682.8,442407.8,296730.1
5349,74597,49.0614,10.0927,Baden-Württemberg,BW,Schwäbisch Hall,8127.0,"(49.0614, 10.0927)",102457.4,467593.8,402155.6,238682.2,115724.5,529611.6,263454.5,214682.8,453373.8,434476.5,473112.4,205321.9,395694.8,366458.4,459903.1,312505.7
5350,74599,49.2104,10.0622,Baden-Württemberg,BW,Schwäbisch Hall,8127.0,"(49.2104, 10.0622)",87606.0,452742.4,388863.4,223830.8,144260.0,516319.3,250758.4,201390.6,440677.7,421780.4,460416.3,192029.6,382998.7,351607.0,447207.0,297654.3
5351,74613,49.1988,9.5072,Baden-Württemberg,BW,Hohenlohekreis,8126.0,"(49.1988, 9.5072)",113447.6,390858.6,432454.4,202723.9,187851.0,559910.3,205094.7,244981.6,395014.0,376116.7,414752.6,235620.6,337335.0,360215.8,401543.3,306263.0
5352,74626,49.1794,9.4383,Baden-Württemberg,BW,Hohenlohekreis,8126.0,"(49.1794, 9.4383)",114086.0,384989.9,436071.9,196855.2,191468.5,563527.8,199226.0,248599.1,389145.3,370248.0,408883.9,239238.1,331466.3,360854.1,395674.6,306901.4
5353,74629,49.1781,9.505,Baden-Württemberg,BW,Hohenlohekreis,8126.0,"(49.1781, 9.505)",115397.7,392808.6,434404.5,204673.9,189801.0,561860.4,207044.7,246931.6,396964.0,378066.7,416702.6,237570.7,339285.0,362165.8,403493.4,308213.1
5354,74632,49.2049,9.58,Baden-Württemberg,BW,Hohenlohekreis,8126.0,"(49.2049, 9.58)",122625.7,398324.6,423883.1,210189.9,179279.7,551339.0,212560.7,236410.3,402480.0,383582.7,422218.6,227049.3,344801.0,386626.7,409009.4,332674.0
5355,74635,49.2278,9.69,Baden-Württemberg,BW,Hohenlohekreis,8126.0,"(49.2278, 9.69)",117181.1,407778.8,418438.5,198716.2,173835.1,545894.4,222014.9,230965.6,411934.2,393036.9,431672.8,221604.7,354255.2,381182.1,418463.6,327229.4
5356,74638,49.1847,9.6399,Baden-Württemberg,BW,Hohenlohekreis,8126.0,"(49.1847, 9.6399)",121081.0,406270.8,422338.4,201653.4,177735.0,549794.3,220506.9,234865.6,410426.2,391528.9,430164.8,225504.6,352747.2,385082.0,416955.6,331129.3
5357,74639,49.2564,9.5181,Baden-Württemberg,BW,Hohenlohekreis,8126.0,"(49.2564, 9.5181)",104345.3,398019.4,430439.7,190073.0,185836.3,557895.6,212255.5,242966.9,402174.8,383277.5,421913.4,233605.9,344495.8,351113.5,408704.2,297160.8
5358,74653,49.29105,9.66825,Baden-Württemberg,BW,Hohenlohekreis,8126.0,"(49.29105, 9.66825)",105246.8,401266.5,426950.9,190974.4,182347.5,554406.8,229016.1,239478.0,418935.4,400038.1,438674.0,230117.1,361256.4,352014.9,425464.7,298062.2
5359,74670,49.2887,9.5603,Baden-Württemberg,BW,Hohenlohekreis,8126.0,"(49.2887, 9.5603)",97211.5,393231.2,435012.6,182939.1,190409.2,562468.5,218641.8,247539.7,408561.1,389663.8,428299.7,238178.8,350882.1,343979.6,415090.5,290026.9
5360,74673,49.3403,9.8008,Baden-Württemberg,BW,Hohenlohekreis,8126.0,"(49.3403, 9.8008)",74442.8,380528.0,419096.9,170235.9,174493.4,546552.8,240194.2,231624.0,404890.7,385993.3,438031.2,222263.1,374675.6,322593.5,411420.0,268640.8
5361,74676,49.2952,9.616,Baden-Württemberg,BW,Hohenlohekreis,8126.0,"(49.2952, 9.616)",100325.1,396344.9,432327.3,186052.7,187723.8,559783.2,223696.6,244854.4,413615.9,394718.6,433354.5,235493.5,355936.9,347093.2,420145.2,293140.5
5362,74677,49.3835,9.7073,Baden-Württemberg,BW,Hohenlohekreis,8126.0,"(49.3835, 9.7073)",68944.0,373264.0,412422.2,162971.9,196404.1,539878.1,239876.1,253534.7,397626.7,378729.4,430767.2,244173.7,367411.7,317094.7,404156.0,263142.0
5363,74679,49.2972,9.5953,Baden-Württemberg,BW,Hohenlohekreis,8126.0,"(49.2972, 9.5953)",97989.1,394008.9,434531.6,183716.8,189928.1,561987.5,225900.9,247058.7,415820.2,396922.9,435558.8,237697.8,358141.2,344757.3,422349.5,290804.6
5364,74706,49.43,9.4225,Baden-Württemberg,BW,Neckar-Odenwald-Kreis,8225.0,"(49.43, 9.4225)",82325.5,336441.5,424421.1,126149.4,225748.7,551877.0,227568.1,282879.3,362208.8,343311.5,395349.3,273518.3,331993.8,329093.6,368738.1,275140.9
5365,74722,49.52,9.324,Baden-Württemberg,BW,Neckar-Odenwald-Kreis,8225.0,"(49.52, 9.324)",81399.2,322097.7,423494.8,111805.5,241732.5,550950.7,208650.2,284236.4,347864.9,328967.6,381005.5,289502.1,317649.9,328167.3,354394.3,274214.6
5366,74731,49.5836,9.3664,Baden-Württemberg,BW,Neckar-Odenwald-Kreis,8225.0,"(49.5836, 9.3664)",76356.8,312241.1,418452.4,101949.0,247721.3,545908.3,217670.9,279194.0,338008.4,319111.1,371149.0,286886.9,307793.4,318670.1,344537.7,264717.4
5367,74736,49.6119,9.4719,Baden-Württemberg,BW,Neckar-Odenwald-Kreis,8225.0,"(49.6119, 9.4719)",67508.6,314290.0,409604.2,103997.9,262439.2,537060.1,250543.0,270345.9,340057.3,321160.0,373197.8,278038.7,309842.3,314276.7,346586.6,260324.0
5368,74740,49.4015,9.3925,Baden-Württemberg,BW,Neckar-Odenwald-Kreis,8225.0,"(49.4015, 9.3925)",83912.7,337202.4,426008.3,126910.2,227335.9,553464.2,229155.3,284466.5,362969.6,344072.3,396110.2,275105.6,332754.6,330680.8,369499.0,276728.1
5369,74743,49.4422,9.3342,Baden-Württemberg,BW,Neckar-Odenwald-Kreis,8225.0,"(49.4422, 9.3342)",89628.6,332474.5,431724.2,122182.4,233051.9,559180.1,202690.8,290182.4,358241.8,339344.5,391382.4,280821.5,328026.8,336396.7,364771.1,282444.0
5370,74744,49.5083,9.5269,Baden-Württemberg,BW,Main-Tauber-Kreis,8128.0,"(49.5083, 9.5269)",68891.0,330762.6,410986.5,120470.5,235567.0,538442.5,237386.3,271728.2,356529.9,337632.5,389670.4,283336.6,326314.8,315659.1,363059.2,261706.4
5371,74746,49.6025,9.4286,Baden-Württemberg,BW,Neckar-Odenwald-Kreis,8225.0,"(49.6025, 9.4286)",70891.9,317119.3,412987.5,106827.2,265822.5,540443.4,221331.5,273729.2,342886.5,323989.2,376027.1,281422.0,312671.5,317660.0,349415.9,263707.3
5372,74747,49.3939,9.5325,Baden-Württemberg,BW,Neckar-Odenwald-Kreis,8225.0,"(49.3939, 9.5325)",83613.7,379633.4,425709.3,169341.3,208881.8,553165.2,228329.9,266012.4,403996.1,385098.8,437136.7,256651.5,373781.1,330381.8,410525.5,276429.1
5373,74749,49.4558,9.4731,Baden-Württemberg,BW,Neckar-Odenwald-Kreis,8225.0,"(49.4558, 9.4731)",75774.3,332736.8,417869.8,122444.6,216819.5,545325.8,232616.1,273950.1,358504.0,339606.7,391644.6,264589.1,328289.0,322542.4,365033.4,268589.7
5374,74821,49.3536,9.1511,Baden-Württemberg,BW,Neckar-Odenwald-Kreis,8225.0,"(49.3536, 9.1511)",107626.9,335202.4,449722.5,124910.3,218097.6,577178.4,184094.9,282089.6,374014.2,355116.9,393752.8,272728.7,316335.1,341631.4,380543.5,287678.7
5375,74831,49.2833,9.1604,Baden-Württemberg,BW,Landkreis Heilbronn,8125.0,"(49.2833, 9.1604)",117889.1,369743.7,466334.5,137909.9,205049.3,593790.5,183979.8,278861.7,373899.1,355001.8,393637.7,269500.7,316220.1,364657.2,380428.4,310704.5
5376,74834,49.3897,9.2106,Baden-Württemberg,BW,Neckar-Odenwald-Kreis,8225.0,"(49.3897, 9.2106)",102939.9,330130.3,445035.5,119838.2,223786.1,572491.4,189893.9,280916.7,355897.6,337000.2,389038.1,271555.8,322134.1,336559.2,362426.9,282606.5
5377,74838,49.4619,9.2111,Baden-Württemberg,BW,Neckar-Odenwald-Kreis,8225.0,"(49.4619, 9.2111)",94257.2,318914.3,436352.8,108622.2,232228.3,563808.7,198336.1,289358.9,344681.6,325784.3,377822.1,279998.0,314466.6,325343.3,351210.9,271390.6
5378,74842,49.3486,9.2539,Baden-Württemberg,BW,Neckar-Odenwald-Kreis,8225.0,"(49.3486, 9.2539)",101945.0,336984.5,444040.6,126692.3,217999.6,571496.5,194224.1,275130.1,362751.7,343854.4,395892.3,265769.2,326464.4,348713.1,369281.1,294760.4
5379,74847,49.3519,9.0908,Baden-Württemberg,BW,Neckar-Odenwald-Kreis,8225.0,"(49.3519, 9.0908)",114264.2,362833.1,456359.7,129820.2,224117.2,583815.7,177069.2,297929.6,366988.5,348091.2,386727.1,288568.6,309309.4,346541.3,373517.8,292588.5
5380,74850,49.3956,9.2728,Baden-Württemberg,BW,Neckar-Odenwald-Kreis,8225.0,"(49.3956, 9.2728)",96827.9,332660.2,438923.5,122368.1,221345.7,566379.4,199048.6,278476.2,358427.4,339530.1,391568.0,269115.3,328212.4,343596.0,364956.8,289643.3
5381,74855,49.3,9.15,Baden-Württemberg,BW,Neckar-Odenwald-Kreis,8225.0,"(49.3, 9.15)",118990.2,370643.0,471020.0,136273.7,209734.7,598475.9,184879.1,283547.1,374798.4,355901.1,394537.0,274186.2,317119.4,390266.2,381327.7,336313.4
5382,74858,49.3569,8.9869,Baden-Württemberg,BW,Neckar-Odenwald-Kreis,8225.0,"(49.3569, 8.9869)",122476.9,355018.8,464572.5,166884.1,225910.7,592028.4,169254.9,299723.1,359174.2,340276.8,378912.8,290362.1,301495.1,374641.9,365703.5,320689.2
5383,74861,49.2918,9.2698,Baden-Württemberg,BW,Landkreis Heilbronn,8125.0,"(49.2918, 9.2698)",104112.3,342369.3,446207.9,132077.2,208564.7,573663.8,191138.4,265695.2,381057.7,362160.4,400796.3,256334.3,323378.7,350880.4,387587.1,296927.7
5384,74862,49.3683,9.0581,Baden-Württemberg,BW,Neckar-Odenwald-Kreis,8225.0,"(49.3683, 9.0581)",118663.1,341492.2,460758.7,131200.1,220569.8,588214.7,183337.7,294382.2,373257.0,354359.7,392995.6,285021.3,315578.0,347921.2,379786.4,293968.5
5385,74864,49.4314,9.1506,Baden-Württemberg,BW,Neckar-Odenwald-Kreis,8225.0,"(49.4314, 9.1506)",100791.4,325443.9,442887.0,115151.8,233153.7,570342.9,192636.6,290284.3,351211.2,332313.8,384351.7,280923.4,320996.1,331872.9,357740.5,277920.1
5386,74865,49.3192,9.1328,Baden-Württemberg,BW,Neckar-Odenwald-Kreis,8225.0,"(49.3192, 9.1328)",115058.0,367805.1,457153.6,132341.4,210443.4,584609.5,182041.2,284255.8,371960.5,353063.2,391699.1,274894.9,314281.5,349062.5,378489.9,295109.8
5387,74867,49.3869,9.0106,Baden-Württemberg,BW,Neckar-Odenwald-Kreis,8225.0,"(49.3869, 9.0106)",123026.1,359615.8,465121.7,130765.6,229283.6,592577.6,173851.9,303096.0,363771.2,344873.8,383509.8,293735.0,306092.1,379238.9,370300.5,325286.2
5388,74869,49.3711,8.9832,Baden-Württemberg,BW,Neckar-Odenwald-Kreis,8225.0,"(49.3711, 8.9832)",124768.5,356384.8,466864.1,168250.2,228202.4,594320.1,170620.9,302014.7,360540.2,341642.9,380278.8,292653.8,302861.2,376008.0,367069.6,322055.3
5389,74889,49.2529,8.8787,Baden-Württemberg,BW,Rhein-Neckar-Kreis,8226.0,"(49.2529, 8.8787)",145083.4,339875.4,480513.4,151740.8,219228.2,607969.3,154111.5,293040.6,344030.8,325133.5,363769.4,283679.6,286351.8,359498.6,350560.2,305545.9
5390,74906,49.2385,9.1018,Baden-Württemberg,BW,Landkreis Heilbronn,8125.0,"(49.2385, 9.1018)",134480.9,360646.0,469910.9,172511.3,208625.7,597366.9,174882.1,282438.1,364801.4,345904.1,384540.0,273077.1,307122.3,380269.1,371330.7,326316.4
5391,74909,49.3217,8.8194,Baden-Württemberg,BW,Rhein-Neckar-Kreis,8226.0,"(49.3217, 8.8194)",156591.5,337260.8,492021.5,149126.1,230736.3,619477.4,151496.9,304548.7,341416.2,322518.9,361154.8,295187.7,283737.1,356883.9,347945.5,302931.2
5392,74912,49.205,8.9917,Baden-Württemberg,BW,Landkreis Heilbronn,8125.0,"(49.205, 8.9917)",135198.8,350853.7,470628.9,162719.0,209343.6,598084.8,165089.8,283156.0,355009.1,336111.8,374747.7,273795.1,297330.1,370476.9,361538.5,316524.1
5393,74915,49.2951,8.9177,Baden-Württemberg,BW,Rhein-Neckar-Kreis,8226.0,"(49.2951, 8.9177)",153066.0,345500.0,488496.1,157365.3,227210.8,615952.0,159736.1,301023.2,349655.4,330758.1,369394.0,291662.3,291976.3,365123.1,356184.7,311170.4
5394,74918,49.2331,8.7705,Baden-Württemberg,BW,Rhein-Neckar-Kreis,8226.0,"(49.2331, 8.7705)",153154.1,334619.2,488584.2,146484.5,227298.9,616040.1,141090.2,301111.3,338774.6,319877.2,358513.2,291750.4,281095.5,354242.3,345303.9,300289.6
5395,74921,49.31,9.0,Baden-Württemberg,BW,Rhein-Neckar-Kreis,8226.0,"(49.31, 9.0)",124665.8,353250.1,481387.3,165115.4,220102.0,608843.2,167486.2,293914.4,357405.5,338508.1,377144.1,284553.5,299726.4,372873.2,363934.8,318920.5
5396,74924,49.2963,8.9638,Baden-Württemberg,BW,Rhein-Neckar-Kreis,8226.0,"(49.2963, 8.9638)",143413.4,349854.9,478843.5,161720.2,217558.2,606299.4,164091.0,291370.6,354010.3,335113.0,373748.9,282009.7,296331.3,369478.0,360539.6,315525.3
5397,74925,49.3392,8.9078,Baden-Württemberg,BW,Rhein-Neckar-Kreis,8226.0,"(49.3392, 8.9078)",130609.2,350686.3,493682.3,162551.6,232397.1,621138.2,164922.3,306209.5,354841.7,335944.3,374580.3,296848.5,297162.6,370309.4,361371.0,316356.7
5398,74927,49.3194,8.8653,Baden-Württemberg,BW,Rhein-Neckar-Kreis,8226.0,"(49.3194, 8.8653)",158316.4,341634.0,493746.4,153499.3,232461.2,621202.4,155870.0,306273.6,345789.4,326892.0,365528.0,296912.6,288110.3,361257.1,352318.7,307304.4
5399,74928,49.2919,9.0817,Baden-Württemberg,BW,Neckar-Odenwald-Kreis,8225.0,"(49.2919, 9.0817)",140256.2,366421.3,475686.2,178286.6,214401.0,603142.1,180657.4,288213.4,370576.7,351679.3,390315.3,278852.4,312897.6,386044.4,377106.0,332091.7
5400,74930,49.1908,8.9308,Baden-Württemberg,BW,Landkreis Heilbronn,8125.0,"(49.1908, 8.9308)",145482.9,348739.1,480913.0,160604.4,219627.7,608368.9,162975.1,293440.1,352894.4,333997.1,372633.0,284079.2,295215.4,368362.2,359423.8,314409.5
5401,74931,49.3664,8.8917,Baden-Württemberg,BW,Rhein-Neckar-Kreis,8226.0,"(49.3664, 8.8917)",135408.6,334961.6,498481.7,146826.9,237196.5,625937.7,160540.5,311008.9,339117.0,320219.7,372257.6,301647.9,292780.8,354584.7,345646.3,300632.0
5402,74933,49.3167,8.8847,Baden-Württemberg,BW,Rhein-Neckar-Kreis,8226.0,"(49.3167, 8.8847)",156477.7,348911.7,491907.8,160777.0,230622.5,619363.7,163147.8,304434.9,353067.1,334169.8,372805.7,295074.0,295388.1,368534.8,359596.4,314582.1
5403,74934,49.355,8.9453,Baden-Württemberg,BW,Rhein-Neckar-Kreis,8226.0,"(49.355, 8.9453)",126538.6,355492.3,468634.2,167357.6,227663.2,596090.1,169728.4,301475.6,359647.7,340750.3,379386.3,292114.6,301968.6,375115.4,366177.0,321162.7
5404,74936,49.2697,9.0897,Baden-Württemberg,BW,Landkreis Heilbronn,8125.0,"(49.2697, 9.0897)",137577.3,363742.5,473007.4,175607.8,211722.1,600463.3,177978.5,285534.5,367897.8,349000.5,387636.4,276173.6,310218.8,383365.6,374427.2,329412.9
5405,74937,49.3464,8.8833,Baden-Württemberg,BW,Rhein-Neckar-Kreis,8226.0,"(49.3464, 8.8833)",132763.7,333484.8,495836.8,145350.1,234551.6,623292.8,159063.7,308364.0,337640.2,318742.8,370780.7,299003.0,291303.9,353107.9,344169.5,299155.2
5406,74939,49.2964,8.8225,Baden-Württemberg,BW,Rhein-Neckar-Kreis,8226.0,"(49.2964, 8.8225)",153323.9,336484.0,488754.0,148349.4,227468.7,616209.9,150720.1,301281.1,340639.4,321742.1,360378.0,291920.2,282960.4,356107.2,347168.8,302154.5
5407,75015,49.0369,8.7075,Baden-Württemberg,BW,Karlsruhe,8215.0,"(49.0369, 8.7075)",173259.9,356223.8,508689.9,168089.1,179545.0,636145.8,122800.0,321217.1,360379.2,341481.9,380368.9,283836.9,302951.3,375847.0,366908.6,321894.3
5408,75031,49.1364,8.9123,Baden-Württemberg,BW,Landkreis Heilbronn,8125.0,"(49.1364, 8.9123)",152238.5,355494.7,487668.6,167360.0,195505.0,615124.5,143532.5,300195.7,359650.1,340752.7,379388.7,290834.8,301971.0,375117.8,366179.4,321165.1
5409,75038,49.0656,8.8031,Baden-Württemberg,BW,Karlsruhe,8215.0,"(49.0656, 8.8031)",166244.8,359137.6,501674.8,171002.9,186248.1,629130.7,132440.8,314202.0,363293.0,344395.7,383282.7,304841.0,305865.1,378760.7,369822.3,324808.0
5410,75045,49.0257,8.5861,Baden-Württemberg,BW,Karlsruhe,8215.0,"(49.0257, 8.5861)",183370.3,362396.8,518800.4,174262.1,188274.9,646256.3,112204.5,331327.5,366552.2,347654.9,386541.9,292566.9,309124.3,382020.0,373081.6,328067.3
5411,75050,49.1564,8.9819,Baden-Württemberg,BW,Landkreis Heilbronn,8125.0,"(49.1564, 8.9819)",140045.6,354536.2,475475.6,166401.5,190216.3,602931.6,168772.3,288002.8,358691.6,339794.3,378430.2,278641.8,301012.6,374159.4,365221.0,320206.7
