,zipcode,lat,long,state,state_code,community_name,community_code,coor,AKB Kitzingen,AKB Dortmund,AKB Zörbig,AKB Schöneck,AKB Buch,Mosolf Etzin,Mosolf Kippenheim,BLG Kelheim,BLG Duisburg,BLG Neuss,Carservice Erkens,ARS Altmann Wolnzach,CAT Zülpich,Autohaus Siebrecht,Neu: FleetParQ Essen ,Neu: FleetParQ Kassel
6473,86450,48.465,10.5906,Bayern,BY,Landkreis Augsburg,9772.0,"(48.465, 10.5906)",211952.1,577088.5,439254.7,348176.9,78532.9,566710.6,296488.9,142294.1,582831.8,563934.4,615972.3,105945.6,503991.2,475953.1,589361.1,422000.4
6474,86453,48.3848,11.0467,Bayern,BY,Landkreis Aichach-Friedberg,9771.0,"(48.3848, 11.0467)",242762.4,607898.7,437567.5,378987.2,109343.1,565023.4,327299.1,102587.3,613642.0,594744.6,646782.5,66238.8,534801.4,506763.3,620171.3,452810.6
6475,86456,48.45,10.8167,Bayern,BY,Landkreis Augsburg,9772.0,"(48.45, 10.8167)",229486.2,594622.5,424162.2,365711.0,96066.9,551618.1,314023.0,123819.7,600365.8,581468.5,633506.3,87471.2,521525.2,493487.1,606895.1,439534.4
6476,86459,48.329,10.7328,Bayern,BY,Landkreis Augsburg,9772.0,"(48.329, 10.7328)",222649.8,587786.2,443643.4,358874.6,49689.8,571099.3,307186.6,140440.0,593529.5,574632.1,626670.0,104091.5,514688.9,486650.8,600058.8,432698.1
6477,86462,48.4833,10.85,Bayern,BY,Landkreis Augsburg,9772.0,"(48.4833, 10.85)",188373.3,553509.7,420300.5,324598.1,103736.1,547756.4,321692.2,126042.7,559253.0,540355.6,592393.5,89694.2,529194.4,452374.3,565782.3,398421.6
6478,86465,48.4574,10.69845,Bayern,BY,Landkreis Augsburg,9772.0,"(48.4574, 10.69845)",217836.8,582973.2,427774.1,354061.6,84417.6,555230.0,302373.6,133714.0,588716.4,569819.1,621857.0,97365.5,509875.9,481837.8,595245.8,427885.1
6479,86470,48.2833,10.4692,Bayern,BY,Landkreis Günzburg,9774.0,"(48.2833, 10.4692)",211039.5,576175.9,478362.0,347264.4,26432.0,605817.9,295576.3,166696.5,581919.2,563021.8,615059.7,130348.0,503078.6,475040.5,588448.5,421087.8
6480,86473,48.2924,10.535,Bayern,BY,Landkreis Günzburg,9774.0,"(48.2924, 10.535)",215811.3,580947.7,464987.2,352036.1,33002.3,592443.2,300348.1,153321.7,586690.9,567793.6,619831.5,116973.2,507850.4,479812.3,593220.3,425859.6
6481,86476,48.3028,10.3613,Bayern,BY,Landkreis Günzburg,9774.0,"(48.3028, 10.3613)",198793.6,563930.0,500271.1,335018.4,23334.6,627727.1,283330.4,167132.0,569673.2,550775.9,602813.8,130783.5,490832.7,462794.6,576202.6,408841.9
6482,86477,48.4246,10.7183,Bayern,BY,Landkreis Augsburg,9772.0,"(48.4246, 10.7183)",216062.9,581199.3,438933.0,352287.7,82643.6,566388.9,300599.7,127267.4,586942.5,568045.2,620083.1,90919.0,508102.0,480063.9,593471.9,426111.2
6483,86479,48.229,10.5395,Bayern,BY,Landkreis Günzburg,9774.0,"(48.229, 10.5395)",222215.5,587351.9,473173.1,358440.3,36283.3,600629.1,306752.3,161507.6,593095.1,574197.8,626235.7,125159.1,514254.6,486216.5,599624.5,432263.8
6484,86480,48.19455,10.3767,Bayern,BY,Landkreis Günzburg,9774.0,"(48.19455, 10.3767)",220052.9,585189.3,521530.5,356277.7,21332.0,648986.4,304829.8,182223.7,590932.6,572035.2,624073.1,145875.2,512332.1,484053.9,597461.9,430101.2
6485,86482,48.4056,10.7774,Bayern,BY,Landkreis Augsburg,9772.0,"(48.4056, 10.7774)",219318.0,584454.4,436487.9,355542.8,85898.7,563943.8,303854.8,124822.4,590197.6,571300.3,623338.2,88473.9,511357.0,483319.0,596727.0,429366.3
6486,86483,48.2423,10.4937,Bayern,BY,Landkreis Günzburg,9774.0,"(48.2423, 10.4937)",216088.2,581224.6,471786.6,352313.0,28682.3,599242.5,300625.0,160121.0,586967.8,568070.5,620108.4,123772.6,508127.3,480089.2,593497.2,426136.5
6487,86485,48.5178,10.8114,Bayern,BY,Landkreis Augsburg,9772.0,"(48.5178, 10.8114)",183589.1,548725.5,415516.3,319814.0,108933.7,542972.2,326889.8,118942.0,554468.8,535571.4,587609.3,94891.8,524253.8,447590.1,560998.1,393637.4
6488,86486,48.44,10.7053,Bayern,BY,Landkreis Augsburg,9772.0,"(48.44, 10.7053)",218617.1,583753.5,441487.2,354841.9,85197.9,568943.1,303153.9,129821.6,589496.7,570599.4,622637.3,93473.2,510656.2,482618.1,596026.1,428665.4
6489,86488,48.2378,10.2995,Bayern,BY,Landkreis Günzburg,9774.0,"(48.2378, 10.2995)",209398.7,574535.1,510876.3,345623.5,10677.8,638332.2,294175.6,182049.1,580278.4,561381.0,613418.9,145700.7,501677.9,473399.7,586807.7,419447.0
6490,86489,48.2555,10.327,Bayern,BY,Landkreis Günzburg,9774.0,"(48.2555, 10.327)",206945.1,572081.5,508422.6,343169.9,14749.5,635878.6,291722.0,179879.3,577824.7,558927.4,610965.3,143530.9,499224.3,470946.1,584354.1,416993.4
6491,86491,48.2055,10.3156,Bayern,BY,Landkreis Günzburg,9774.0,"(48.2055, 10.3156)",214541.6,579678.0,516019.1,350766.4,15820.7,643475.0,299318.5,182372.3,585421.2,566523.9,618561.8,146023.9,506820.7,478542.6,591950.5,424589.9
6492,86492,48.1833,10.9833,Bayern,BY,Landkreis Landsberg am Lech,9181.0,"(48.1833, 10.9833)",259168.6,624305.0,466553.0,395393.4,113302.5,594008.9,343705.4,146657.1,630048.3,611150.9,663188.8,100572.5,551207.7,523169.6,636577.6,469216.9
6493,86494,48.4897,10.6738,Bayern,BY,Landkreis Augsburg,9772.0,"(48.4897, 10.6738)",192371.1,557507.5,428923.8,328596.0,85446.7,556379.7,303402.7,134863.7,563250.8,544353.4,596391.3,98515.2,510905.0,456372.1,569780.1,402419.4
6494,86495,48.3333,11.0833,Bayern,BY,Landkreis Aichach-Friedberg,9771.0,"(48.3333, 11.0833)",253996.7,619133.1,449453.5,390221.5,120577.4,576909.4,338533.5,138400.5,624876.3,605979.0,658016.9,92315.9,546035.7,517997.7,631405.6,464045.0
6495,86497,48.3951,10.6828,Bayern,BY,Landkreis Augsburg,9772.0,"(48.3951, 10.6828)",212545.4,577681.8,444829.4,348770.3,79126.2,572285.3,297082.2,133163.9,583425.1,564527.7,616565.6,96815.4,504584.5,476546.4,589954.4,422593.7
6496,86498,48.1833,10.2667,Bayern,BY,Landkreis Unterallgäu,9778.0,"(48.1833, 10.2667)",208813.5,573949.8,510291.0,345038.3,11078.2,637746.9,293590.4,186857.4,579693.1,560795.8,612833.6,150508.9,501092.6,472814.4,586222.4,418861.7
6497,86500,48.342,10.6946,Bayern,BY,Landkreis Augsburg,9772.0,"(48.342, 10.6946)",220381.6,585518.0,449837.3,356606.4,49788.7,577293.2,304918.4,138171.7,591261.2,572363.9,624401.8,101823.3,512420.7,484382.6,597790.6,430429.9
6498,86502,48.5333,10.7,Bayern,BY,Landkreis Dillingen an der Donau,9773.0,"(48.5333, 10.7)",184780.6,549917.0,425301.2,321005.5,91324.4,552757.1,309280.5,128726.9,555660.3,536762.9,588800.8,104676.7,525445.2,448781.6,562189.6,394828.9
6499,86504,48.2459,10.9853,Bayern,BY,Landkreis Aichach-Friedberg,9771.0,"(48.2459, 10.9853)",251574.4,616710.8,458958.8,387799.2,118155.2,586414.7,336111.2,146529.9,622454.1,603556.7,655594.6,100445.3,543613.5,515575.4,628983.4,461622.7
6500,86505,48.3097,10.455,Bayern,BY,Landkreis Günzburg,9774.0,"(48.3097, 10.455)",207092.6,572229.0,474415.1,343317.4,29135.2,601871.0,291629.4,162749.5,577972.2,559074.9,611112.8,126401.0,499131.7,471093.6,584501.6,417140.9
6501,86507,48.22785,10.86335,Bayern,BY,Landkreis Augsburg,9772.0,"(48.22785, 10.86335)",251963.5,617099.9,453488.9,388188.3,109594.3,580944.8,336500.3,142013.3,622843.1,603945.8,655983.7,110561.5,544002.6,515964.5,629372.5,462011.8
6502,86508,48.4833,10.9333,Bayern,BY,Landkreis Aichach-Friedberg,9771.0,"(48.4833, 10.9333)",192820.0,557956.4,424747.2,329044.9,105355.8,552203.1,323311.9,109558.0,563699.7,544802.3,596840.2,73209.5,530814.2,456821.0,570229.0,402868.3
6503,86510,48.2901,11.0438,Bayern,BY,Landkreis Aichach-Friedberg,9771.0,"(48.2901, 11.0438)",250447.3,615583.6,450171.5,386672.1,117028.0,577627.4,334984.1,138421.1,621326.9,602429.5,654467.4,92336.4,542486.3,514448.2,627856.2,460495.5
6504,86511,48.2167,10.9667,Bayern,BY,Landkreis Aichach-Friedberg,9771.0,"(48.2167, 10.9667)",257145.8,622282.1,464530.1,393370.6,118381.0,591986.1,341682.6,146105.1,628025.4,609128.1,661165.9,100020.5,549184.8,521146.7,634554.7,467194.0
6505,86513,48.2643,10.4459,Bayern,BY,Landkreis Günzburg,9774.0,"(48.2643, 10.4459)",214193.6,579329.9,481516.0,350418.4,23731.7,608971.9,298730.4,169850.5,585073.2,566175.9,618213.7,133502.0,506232.6,478194.5,591602.5,424241.8
6506,86514,48.3167,10.65,Bayern,BY,Landkreis Augsburg,9772.0,"(48.3167, 10.65)",222116.5,587252.9,455479.5,358341.3,42935.2,582935.4,306653.3,143814.0,592996.1,574098.8,626136.6,107465.5,514155.5,486117.5,599525.4,432164.7
6507,86517,48.25,10.8,Bayern,BY,Landkreis Augsburg,9772.0,"(48.25, 10.8)",251647.1,616783.5,453172.5,387871.9,60376.9,580628.4,336183.9,141696.9,622526.8,603629.4,655667.3,105348.4,543686.2,515648.1,629056.1,461695.4
6508,86519,48.2667,10.3333,Bayern,BY,Landkreis Günzburg,9774.0,"(48.2667, 10.3333)",207835.1,572971.5,509312.7,344059.9,16445.0,636768.6,287220.5,181045.1,578714.8,559817.4,611855.3,144696.7,494722.8,471836.1,585244.1,417883.4
6509,86529,48.5607,11.2607,Bayern,BY,Neuburg-Schrobenhausen,9185.0,"(48.5607, 11.2607)",230642.6,593729.2,411000.5,363043.0,135030.6,538456.5,352986.6,76020.3,597697.8,578800.5,630838.3,39671.8,567482.8,492593.8,604227.1,438641.1
6510,86551,48.4576,11.1341,Bayern,BY,Landkreis Aichach-Friedberg,9771.0,"(48.4576, 11.1341)",250574.7,615711.1,426536.6,386799.5,117155.4,553992.5,335111.5,91556.3,621454.3,602557.0,654594.8,55207.9,542613.7,514575.7,627983.6,460622.9
6511,86554,48.5838,11.0876,Bayern,BY,Landkreis Aichach-Friedberg,9771.0,"(48.5838, 11.0876)",192411.7,557548.0,420763.9,328636.5,125207.9,548219.8,343164.0,85823.5,563291.3,544394.0,596431.8,53917.6,533076.3,456412.7,569820.6,402459.9
6512,86556,48.491,11.1869,Bayern,BY,Landkreis Aichach-Friedberg,9771.0,"(48.491, 11.1869)",257140.7,602477.1,419748.4,393365.5,123721.4,547204.4,341677.5,84768.2,628020.3,609123.0,661160.9,48419.7,549179.8,501341.8,634549.7,447389.0
6513,86558,48.5935,11.3827,Bayern,BY,Landkreis Pfaffenhofen an der Ilm,9186.0,"(48.5935, 11.3827)",220115.3,583202.0,400473.3,352515.7,143925.7,527929.2,361881.8,65493.1,587170.6,568273.2,620311.1,29144.6,556955.5,482066.6,593699.9,428113.9
6514,86559,48.3567,11.1385,Bayern,BY,Landkreis Aichach-Friedberg,9771.0,"(48.3567, 11.1385)",248679.4,613815.7,444136.1,384904.2,115260.1,571592.1,333216.2,132675.6,619559.0,600661.7,652699.5,86591.0,540718.4,512680.3,626088.3,458727.6
6515,86561,48.5333,11.3,Bayern,BY,Neuburg-Schrobenhausen,9185.0,"(48.5333, 11.3)",230719.3,593806.0,411077.3,363119.7,135757.7,538533.2,353713.8,76097.1,597774.6,578877.2,630915.1,32201.9,567559.5,492670.6,604303.9,438717.9
6516,86562,48.6333,11.25,Bayern,BY,Neuburg-Schrobenhausen,9185.0,"(48.6333, 11.25)",221825.2,584911.9,402183.2,354225.6,145876.7,529639.1,363832.8,67242.9,588880.5,569983.1,622021.0,40559.1,558665.4,483776.5,595409.8,429823.8
6517,86564,48.629,11.3092,Bayern,BY,Neuburg-Schrobenhausen,9185.0,"(48.629, 11.3092)",217182.3,580268.9,397540.2,349582.7,144295.3,524996.2,362251.4,62599.9,584237.5,565340.2,617378.0,35916.2,554022.5,479133.6,590766.8,425180.8
6518,86565,48.5,11.2333,Bayern,BY,Neuburg-Schrobenhausen,9185.0,"(48.5, 11.2333)",260958.2,600011.1,417282.4,369324.8,127538.9,544738.3,345495.0,82302.2,603979.6,585082.3,637120.2,45953.7,552997.2,498875.7,610509.0,444923.0
6519,86567,48.4296,11.3543,Bayern,BY,Landkreis Dachau,9174.0,"(48.4296, 11.3543)",269186.1,606816.4,424087.7,405410.9,135766.8,551543.7,353722.9,83759.2,640065.7,621168.4,673206.3,34168.8,561225.1,505681.0,646595.0,451728.3
6520,86568,48.4833,11.0667,Bayern,BY,Landkreis Aichach-Friedberg,9771.0,"(48.4833, 11.0667)",248176.1,613312.4,431047.2,384400.9,114756.8,558503.2,332712.9,96067.0,619055.7,600158.4,652196.2,59718.5,540215.1,512177.1,625585.0,458224.3
6521,86570,48.5129,11.1146,Bayern,BY,Landkreis Aichach-Friedberg,9771.0,"(48.5129, 11.1146)",201283.2,566419.5,426566.8,337508.0,128713.1,554022.8,346669.1,91586.6,572162.8,553265.4,605303.3,55238.1,554171.4,465284.1,578692.1,411331.4
6522,86571,48.6066,11.2138,Bayern,BY,Neuburg-Schrobenhausen,9185.0,"(48.6066, 11.2138)",226458.8,589545.4,406816.7,358859.2,141971.1,534272.7,359927.2,71876.4,593514.0,574616.7,626654.5,44784.7,563299.0,488410.0,600043.3,434457.3
6523,86573,48.423,11.0685,Bayern,BY,Landkreis Aichach-Friedberg,9771.0,"(48.423, 11.0685)",246152.8,611289.2,433871.4,382377.7,112733.6,561327.3,330689.6,98891.2,617032.5,598135.1,650173.0,62542.7,538191.9,510153.8,623561.8,456201.1
6524,86574,48.5167,11.0333,Bayern,BY,Landkreis Aichach-Friedberg,9771.0,"(48.5167, 11.0333)",194839.9,559976.2,434176.3,331064.7,116502.2,561632.3,334458.3,99196.1,565719.5,546822.1,598860.0,62847.7,541960.5,458840.8,572248.8,404888.1
6525,86576,48.4629,11.2488,Bayern,BY,Landkreis Aichach-Friedberg,9771.0,"(48.4629, 11.2488)",260774.2,604794.6,422065.9,396999.0,127354.9,549521.8,345311.0,87085.7,631653.8,612756.5,664794.4,39958.1,552813.2,503659.2,638183.1,449706.5
6526,86577,48.4,11.1667,Bayern,BY,Landkreis Aichach-Friedberg,9771.0,"(48.4, 11.1667)",250241.0,615377.4,432923.9,386465.9,116821.8,560379.8,334777.8,97943.7,621120.7,602223.3,654261.2,61595.2,542280.1,514242.0,627650.0,460289.3
6527,86579,48.5768,11.3354,Bayern,BY,Neuburg-Schrobenhausen,9185.0,"(48.5768, 11.3354)",223275.9,586362.6,403633.9,355676.3,140003.4,531089.8,357959.5,68653.6,590331.1,571433.8,623471.7,32305.2,560116.1,485227.2,596860.5,431274.5
6528,86609,48.718,10.7793,Bayern,BY,Landkreis Donau-Ries,9779.0,"(48.718, 10.7793)",157970.7,523107.0,389581.7,294195.5,131069.8,517037.6,349025.8,101786.9,528850.3,509953.0,561990.8,80551.3,498635.3,421971.7,535379.6,368018.9
6529,86633,48.7322,11.1871,Bayern,BY,Neuburg-Schrobenhausen,9185.0,"(48.7322, 11.1871)",191654.6,584867.7,402139.0,327879.4,155611.8,529594.9,373567.8,67198.6,562534.2,543636.9,595674.8,45963.1,532319.2,483732.3,569063.5,429779.6
6530,86637,48.5631,10.6815,Bayern,BY,Landkreis Dillingen an der Donau,9773.0,"(48.5631, 10.6815)",181574.5,546710.9,414925.6,317799.3,92719.2,542381.5,310675.2,118351.3,552454.1,533556.8,585594.7,105710.7,522239.1,445575.5,558983.4,391622.8
6531,86641,48.6903,10.9161,Bayern,BY,Landkreis Donau-Ries,9779.0,"(48.6903, 10.9161)",171138.6,536274.9,403065.7,307363.4,135095.7,530521.6,353051.8,90208.8,542018.2,523120.8,575158.7,68973.3,511803.2,435139.5,548547.5,381186.8
6532,86643,48.7594,11.0454,Bayern,BY,Neuburg-Schrobenhausen,9185.0,"(48.7594, 11.0454)",168832.1,533968.4,391620.1,305056.9,147705.0,519076.0,365661.0,79484.4,539711.7,520814.3,572852.2,58248.8,509496.7,432833.0,546241.0,378880.3
6533,86647,48.6,10.7167,Bayern,BY,Landkreis Dillingen an der Donau,9773.0,"(48.6, 10.7167)",186680.3,551816.7,410397.6,322905.1,98709.4,537853.5,316665.5,113823.3,557559.9,538662.6,590700.5,92587.7,527344.9,450681.3,564089.3,396728.6
6534,86650,48.8746,10.7245,Bayern,BY,Landkreis Donau-Ries,9779.0,"(48.8746, 10.7245)",139225.0,504361.4,382067.1,275449.9,114844.8,509523.1,327179.4,109144.8,510104.7,491207.3,543245.2,87909.2,479889.7,403226.0,516634.0,349273.3
6535,86653,48.81785,10.88145,Bayern,BY,Landkreis Donau-Ries,9779.0,"(48.81785, 10.88145)",154062.7,519199.1,380334.0,290287.5,147567.7,507789.9,342017.0,100769.9,524942.3,506045.0,558082.9,79534.3,494727.3,418063.7,531471.7,364111.0
6536,86655,48.7867,10.6893,Bayern,BY,Landkreis Donau-Ries,9779.0,"(48.7867, 10.6893)",146496.7,511633.1,397858.8,282721.5,113043.5,525314.7,334451.0,113369.5,517376.3,498479.0,550516.9,92134.0,487161.3,410497.7,523905.6,356545.0
6537,86657,48.7169,10.6177,Bayern,BY,Landkreis Dillingen an der Donau,9773.0,"(48.7169, 10.6177)",153281.2,518417.6,404883.3,289506.1,99274.8,532339.2,317230.8,114888.0,524160.9,505263.5,557301.4,93652.4,493945.9,417282.2,530690.2,363329.5
6538,86660,48.6732,10.6838,Bayern,BY,Landkreis Donau-Ries,9779.0,"(48.6732, 10.6838)",161719.5,526855.8,398495.8,297944.3,94968.6,525951.8,312924.6,108500.5,532599.1,513701.7,565739.6,87265.0,502384.1,425720.4,539128.4,371767.7
6539,86663,48.6833,10.8167,Bayern,BY,Landkreis Donau-Ries,9779.0,"(48.6833, 10.8167)",163304.7,528441.1,395231.9,299529.5,125567.6,522687.8,343523.6,98657.6,534184.4,515287.0,567324.9,77422.0,503969.3,427305.7,540713.7,373353.0
6540,86666,48.7004,11.016,Bayern,BY,Neuburg-Schrobenhausen,9185.0,"(48.7004, 11.016)",178699.1,543835.5,417013.1,314923.9,142656.3,544469.0,360612.3,82072.8,549578.7,530681.4,582719.3,60837.2,519363.7,442700.1,556108.1,388747.4
6541,86668,48.6819,11.285,Bayern,BY,Neuburg-Schrobenhausen,9185.0,"(48.6819, 11.285)",215597.7,578684.3,395955.6,347998.1,151905.2,523411.5,369861.3,61015.3,582652.9,563755.5,615793.4,39779.7,552437.8,477548.9,589182.2,423596.2
6542,86669,48.6667,11.2167,Bayern,BY,Neuburg-Schrobenhausen,9185.0,"(48.6667, 11.2167)",198176.8,586670.7,403942.0,334401.7,150405.3,531397.9,368361.4,69001.7,569056.5,550159.1,602197.0,47766.1,538841.4,485535.3,575585.8,431582.6
6543,86672,48.5653,10.9086,Bayern,BY,Landkreis Augsburg,9772.0,"(48.5653, 10.9086)",182064.3,547200.7,413991.4,318289.1,115350.2,541447.4,333306.3,99138.1,552943.9,534046.6,586084.4,69769.6,522728.9,446065.3,559473.2,392112.5
6544,86673,48.7606,11.2574,Bayern,BY,Neuburg-Schrobenhausen,9185.0,"(48.7606, 11.2574)",198393.2,561479.9,378751.2,330793.6,162457.6,506207.1,380413.6,68999.9,565448.4,546551.1,598589.0,47764.4,535233.4,460344.5,571977.8,406391.8
6545,86674,48.5833,10.9667,Bayern,BY,Landkreis Aichach-Friedberg,9771.0,"(48.5833, 10.9667)",188404.4,553540.8,420331.6,324629.2,121690.3,547787.5,339646.4,94305.7,559284.0,540386.7,592424.6,64937.1,529069.0,452405.4,565813.4,398452.7
6546,86675,48.7833,10.8333,Bayern,BY,Landkreis Donau-Ries,9779.0,"(48.7833, 10.8333)",157259.0,522395.4,381245.4,293483.8,141796.4,508701.3,359752.5,112613.9,528138.6,509241.3,561279.2,91378.3,497923.6,421260.0,534667.9,367307.3
6547,86676,48.6333,11.1,Bayern,BY,Neuburg-Schrobenhausen,9185.0,"(48.6333, 11.1)",188905.7,554042.1,414046.9,325130.5,130846.0,541502.8,348802.1,79106.6,559785.3,540888.0,592925.8,57871.0,529570.3,452906.7,566314.6,398953.9
6548,86678,48.6,10.8,Bayern,BY,Landkreis Augsburg,9772.0,"(48.6, 10.8)",174900.0,540036.4,406827.2,311124.8,119060.4,534283.1,337016.5,110252.9,545779.6,526882.3,578920.2,89017.3,515564.6,438901.0,552309.0,384948.3
6549,86679,48.6,10.8667,Bayern,BY,Landkreis Augsburg,9772.0,"(48.6, 10.8667)",175617.4,540753.8,407544.6,311842.3,117295.7,535000.5,335251.8,103256.9,546497.1,527599.7,579637.6,82021.3,516282.0,439618.4,553026.4,385665.7
6550,86681,48.8321,10.7654,Bayern,BY,Landkreis Donau-Ries,9779.0,"(48.8321, 10.7654)",145562.9,510699.3,379671.2,281787.7,121182.6,507127.1,333517.3,115129.0,516442.5,497545.2,549583.1,93893.4,486227.5,409563.9,522971.9,355611.2
6551,86682,48.7,10.8833,Bayern,BY,Landkreis Donau-Ries,9779.0,"(48.7, 10.8833)",168128.1,533264.5,400055.3,304352.9,132085.3,527511.2,350041.3,91226.0,539007.7,520110.4,572148.3,69990.5,508792.7,432129.1,545537.1,378176.4
6552,86684,48.6112,10.9484,Bayern,BY,Landkreis Donau-Ries,9779.0,"(48.6112, 10.9484)",181866.3,547002.7,413793.5,318091.2,122442.2,541249.4,340398.3,94846.6,552746.0,533848.6,585886.5,66700.4,522530.9,445867.3,559275.3,391914.6
6553,86685,48.8251,10.7033,Bayern,BY,Landkreis Donau-Ries,9779.0,"(48.8251, 10.7033)",148579.9,513716.3,389069.4,284804.7,116186.9,516525.3,336534.2,118541.0,519459.5,500562.2,552600.1,97305.5,489244.5,412580.9,525988.8,358628.2
