,zipcode,lat,long,state,state_code,community_name,community_code,coor,AKB Kitzingen,AKB Dortmund,AKB Zörbig,AKB Schöneck,AKB Buch,Mosolf Etzin,Mosolf Kippenheim,BLG Kelheim,BLG Duisburg,BLG Neuss,Carservice Erkens,ARS Altmann Wolnzach,CAT Zülpich,Autohaus Siebrecht,Neu: FleetParQ Essen ,Neu: FleetParQ Kassel
6878,88719,47.6901,9.2986,Baden-Württemberg,BW,Bodenseekreis,8435.0,"(47.6901, 9.2986)",320795.6,586131.8,622273.2,397997.1,131831.9,749729.1,177541.2,312927.5,590287.2,571389.9,610276.9,266842.9,532859.3,584796.6,596816.5,530843.9
6879,89073,48.4015,9.9927,Baden-Württemberg,BW,Ulm,8421.0,"(48.4015, 9.9927)",176833.8,541970.2,478311.4,313058.6,31000.5,605767.3,247362.8,190162.0,512293.0,493395.6,532282.7,153813.6,454865.0,440834.8,518822.3,386882.1
6880,89075,48.4171,9.9635,Baden-Württemberg,BW,Ulm,8421.0,"(48.4171, 9.9635)",179656.7,544793.1,481134.3,315881.6,33240.0,608590.2,247768.5,192985.0,512698.7,493801.4,532688.4,156636.5,455270.8,443657.7,519228.0,389705.0
6881,89077,48.3981,9.97,Baden-Württemberg,BW,Ulm,8421.0,"(48.3981, 9.97)",179096.2,544232.6,480573.7,315321.0,30716.9,608029.7,246985.3,192424.4,511915.5,493018.2,531905.2,156076.0,454487.6,443097.2,518444.8,389144.5
6882,89079,48.3568,9.9601,Baden-Württemberg,BW,Ulm,8421.0,"(48.3568, 9.9601)",185361.6,550498.0,486839.2,321586.4,29994.5,614295.1,253045.4,193982.5,517975.6,499078.2,537965.3,157634.0,460547.6,449362.6,524504.9,395409.9
6883,89081,48.4425,9.98565,Baden-Württemberg,BW,Ulm,8421.0,"(48.4425, 9.98565)",173061.0,538197.4,474538.5,309285.8,35652.0,601994.5,242666.5,186389.2,507596.7,488699.3,527586.4,150040.7,450168.7,437062.0,514126.0,383109.3
6884,89129,48.522975,10.123875,Baden-Württemberg,BW,Alb-Donau-Kreis,8425.0,"(48.522975, 10.123875)",160795.1,525931.5,462272.7,297020.0,42609.6,589728.6,260809.2,183166.3,531674.8,512777.4,564815.3,146817.8,468311.5,424796.1,538204.1,370843.4
6885,89134,48.4181,9.9106,Baden-Württemberg,BW,Alb-Donau-Kreis,8425.0,"(48.4181, 9.9106)",181821.7,546958.1,483299.3,318046.5,35899.2,610755.2,249933.5,195149.9,514863.7,495966.3,534853.4,158801.5,457435.8,445822.7,521393.0,391870.0
6886,89143,48.42028333333334,9.784283333333333,Baden-Württemberg,BW,Alb-Donau-Kreis,8425.0,"(48.42028333333334, 9.784283333333333)",191650.7,497849.7,493128.3,309715.0,46726.8,620584.2,237074.9,204978.9,502005.1,483107.7,521994.8,168630.5,444577.2,455651.7,508534.4,401699.0
6887,89150,48.47995,9.692625,Baden-Württemberg,BW,Alb-Donau-Kreis,8425.0,"(48.47995, 9.692625)",204942.4,491652.3,506420.0,303517.6,72664.6,633875.9,230877.5,213305.0,495807.7,476910.4,515797.4,176956.5,438379.8,468943.4,502337.0,414990.7
6888,89155,48.3284,9.8875,Baden-Württemberg,BW,Alb-Donau-Kreis,8425.0,"(48.3284, 9.8875)",193474.4,558610.8,494951.9,329699.2,38107.3,622407.8,257646.4,202095.2,522576.6,503679.3,542566.3,165746.7,465148.7,457475.4,529105.9,403522.6
6889,89160,48.491,9.89825,Baden-Württemberg,BW,Alb-Donau-Kreis,8425.0,"(48.491, 9.89825)",178426.2,543562.6,479903.7,314651.0,52756.4,607359.7,236080.9,193396.8,501011.1,482113.8,521000.8,157048.3,443583.2,442427.2,507540.4,388474.5
6890,89165,48.2107,10.0716,Baden-Württemberg,BW,Alb-Donau-Kreis,8425.0,"(48.2107, 10.0716)",200113.8,565250.1,501591.3,336338.6,10682.9,629047.2,284890.7,208734.6,570993.4,552096.1,604133.9,172386.1,492392.9,464114.7,577522.7,410162.0
6891,89168,48.5413,10.2351,Baden-Württemberg,BW,Landkreis Heidenheim,8135.0,"(48.5413, 10.2351)",159309.1,524445.5,460786.7,295534.0,50479.0,588242.6,268678.6,173741.1,530188.8,511291.4,563329.3,137392.6,499973.7,423310.1,536718.1,369357.4
6892,89171,48.3167,10.0167,Baden-Württemberg,BW,Alb-Donau-Kreis,8425.0,"(48.3167, 10.0167)",190699.6,555836.0,492177.1,326924.4,26239.9,619633.0,259081.6,199320.4,524011.8,505114.5,544001.5,162972.0,466583.9,454700.6,530541.1,400747.9
6893,89173,48.5434,9.92,Baden-Württemberg,BW,Alb-Donau-Kreis,8425.0,"(48.5434, 9.92)",177487.0,542623.4,478964.5,313711.8,52771.2,606420.4,237963.5,193327.9,502893.7,483996.4,522883.4,156979.4,445465.8,441488.0,509423.1,387535.3
6894,89174,48.5833,10.0333,Baden-Württemberg,BW,Alb-Donau-Kreis,8425.0,"(48.5833, 10.0333)",161346.0,526482.3,462823.5,297570.8,55174.8,590279.4,248014.3,195731.5,532225.6,513328.2,565366.1,159383.0,455516.5,425346.9,538754.9,371394.2
6895,89176,48.5296,10.1917,Baden-Württemberg,BW,Alb-Donau-Kreis,8425.0,"(48.5296, 10.1917)",160846.8,525983.2,462324.3,297071.6,46917.5,589780.2,265117.1,177267.5,531726.4,512829.1,564867.0,140919.0,501511.4,424847.8,538255.7,370895.1
6896,89177,48.54655,10.07005,Baden-Württemberg,BW,Alb-Donau-Kreis,8425.0,"(48.54655, 10.07005)",162974.3,528110.7,464451.9,299199.1,46684.3,591907.8,259097.3,187241.0,533854.0,514956.6,566994.5,150892.6,466599.5,426975.3,540383.3,373022.6
6897,89179,48.4833,9.9833,Baden-Württemberg,BW,Alb-Donau-Kreis,8425.0,"(48.4833, 9.9833)",171453.1,536589.4,472930.6,307677.9,48402.3,600386.5,244534.2,189042.7,509464.4,490567.0,529454.1,152694.3,452036.5,435454.1,515993.7,381501.3
6898,89180,48.4681,9.778633333333334,Baden-Württemberg,BW,Alb-Donau-Kreis,8425.0,"(48.4681, 9.778633333333334)",205940.6,492650.4,507418.1,304515.7,49481.9,634874.0,231875.6,214303.1,496805.8,477908.5,516795.5,177954.6,439377.9,469941.5,503335.2,415988.8
6899,89182,48.4996,10.0258,Baden-Württemberg,BW,Alb-Donau-Kreis,8425.0,"(48.4996, 10.0258)",166962.7,532099.0,468440.2,303187.5,42246.9,595896.1,248620.1,182803.6,537842.3,518945.0,570982.8,146455.1,456122.4,430963.7,544371.6,377010.9
6900,89183,48.52425,9.99375,Baden-Württemberg,BW,Alb-Donau-Kreis,8425.0,"(48.52425, 9.99375)",172254.2,537390.5,473731.7,308479.0,47538.4,601187.6,249615.5,188095.1,543133.8,524236.4,576274.3,151746.6,457117.8,436255.1,549663.1,382302.4
6901,89185,48.2797,9.9425,Baden-Württemberg,BW,Alb-Donau-Kreis,8425.0,"(48.2797, 9.9425)",195937.1,561073.5,497414.7,332162.0,29547.2,624870.6,263620.9,204558.0,528551.1,509653.7,548540.8,168209.5,471123.1,459938.1,535080.4,405985.4
6902,89186,48.2702,10.0515,Baden-Württemberg,BW,Alb-Donau-Kreis,8425.0,"(48.2702, 10.0515)",192711.0,557847.4,494188.5,328935.8,18373.1,621644.5,264508.7,201331.8,563590.6,544693.3,596731.2,164983.4,472010.9,456712.0,570120.0,402759.3
6903,89188,48.5214,9.73425,Baden-Württemberg,BW,Alb-Donau-Kreis,8425.0,"(48.5214, 9.73425)",198181.5,484891.3,499659.0,296756.6,65903.6,627114.9,224116.5,206544.0,489046.7,470149.4,509036.4,170195.5,431618.8,462182.4,495576.1,408229.7
6904,89189,48.5468,10.0197,Baden-Württemberg,BW,Alb-Donau-Kreis,8425.0,"(48.5468, 10.0197)",165885.0,531021.3,467362.5,302109.8,48534.2,594818.4,252901.5,189090.8,536764.6,517867.3,569905.1,152742.4,460403.8,429886.0,543293.9,375933.2
6905,89191,48.53756666666666,9.809566666666669,Baden-Württemberg,BW,Alb-Donau-Kreis,8425.0,"(48.53756666666666, 9.809566666666669)",200536.8,488196.1,502014.3,300061.4,68258.9,629470.3,227421.3,208899.3,492351.5,473454.2,512341.2,172550.9,434923.6,464537.8,498880.8,410585.1
6906,89192,48.5181,10.172,Baden-Württemberg,BW,Alb-Donau-Kreis,8425.0,"(48.5181, 10.172)",159750.4,524886.8,461227.9,295975.2,44941.9,588683.9,263141.5,185498.6,530630.0,511732.7,563770.6,149150.1,470643.8,423751.4,537159.4,369798.7
6907,89194,48.2728,9.9929,Baden-Württemberg,BW,Alb-Donau-Kreis,8425.0,"(48.2728, 9.9929)",197181.9,562318.3,498659.4,333406.7,23402.9,626115.3,265563.9,205802.7,530494.1,511596.7,550483.8,169454.2,473066.2,461182.9,537023.4,407230.1
6908,89195,48.3,9.9914,Baden-Württemberg,BW,Alb-Donau-Kreis,8425.0,"(48.3, 9.9914)",194031.6,559168.0,495509.2,330256.5,29572.0,622965.1,258943.0,202652.5,523873.2,504975.9,543862.9,166304.0,466445.3,458032.6,530402.5,404079.9
6909,89197,48.5525,9.9961,Baden-Württemberg,BW,Alb-Donau-Kreis,8425.0,"(48.5525, 9.9961)",167614.5,532750.9,469092.1,303839.3,50083.0,596548.0,244657.6,190639.7,538494.2,519596.8,571634.7,154291.2,452159.8,431615.5,545023.5,377662.8
6910,89198,48.5192,9.9549,Baden-Württemberg,BW,Alb-Donau-Kreis,8425.0,"(48.5192, 9.9549)",173180.2,538316.6,474657.8,309405.1,48464.5,602113.7,239761.7,189021.2,504691.9,485794.5,524681.6,152672.7,447263.9,437181.2,511221.2,383228.5
6911,89231,48.4,10.0167,Bayern,BY,Neu-Ulm,9775.0,"(48.4, 10.0167)",178824.1,543960.5,480301.7,315049.0,31146.7,607757.6,248634.5,187445.0,513564.7,494667.4,533554.4,151096.5,456136.8,442825.1,520094.0,388872.4
6912,89233,48.4,10.0167,Bayern,BY,Neu-Ulm,9775.0,"(48.4, 10.0167)",178824.1,543960.5,480301.7,315049.0,31146.7,607757.6,248634.5,187445.0,513564.7,494667.4,533554.4,151096.5,456136.8,442825.1,520094.0,388872.4
6913,89250,48.3244,10.0444,Bayern,BY,Neu-Ulm,9775.0,"(48.3244, 10.0444)",187960.9,553097.3,489438.4,324185.7,23501.2,616894.3,256342.9,196581.7,521273.1,502375.7,541262.8,160233.2,463845.2,451961.9,527802.4,398009.2
6914,89257,48.2234,10.1035,Bayern,BY,Neu-Ulm,9775.0,"(48.2234, 10.1035)",196795.5,561931.9,498273.0,333020.3,7364.6,625729.0,281572.4,205416.4,567675.1,548777.8,600815.7,169067.9,489074.7,460796.5,574204.5,406843.8
6915,89264,48.305,10.1605,Bayern,BY,Neu-Ulm,9775.0,"(48.305, 10.1605)",191760.6,556897.0,493238.2,327985.4,9337.8,620694.1,276537.5,181976.7,562640.3,543742.9,595780.8,145628.2,484039.8,455761.6,569169.6,401808.9
6916,89269,48.2784,10.0824,Bayern,BY,Neu-Ulm,9775.0,"(48.2784, 10.0824)",190274.9,555411.3,491752.4,326499.7,15937.0,619208.3,275051.8,198895.7,561154.5,542257.2,594295.1,162547.3,482554.0,454275.9,567683.8,400323.2
6917,89275,48.45,10.1,Bayern,BY,Neu-Ulm,9775.0,"(48.45, 10.1)",174047.4,539183.7,475524.9,310272.2,33856.8,602980.8,252907.7,182409.9,517837.9,498940.6,537827.6,146061.4,460410.0,438048.3,524367.3,384095.6
6918,89278,48.4283,10.1236,Bayern,BY,Neu-Ulm,9775.0,"(48.4283, 10.1236)",175657.1,540793.4,477134.6,311881.9,30205.7,604590.5,260434.0,173583.2,546536.7,527639.4,579677.2,137234.7,467936.2,439658.0,553066.0,385705.3
6919,89281,48.1603,10.1144,Bayern,BY,Neu-Ulm,9775.0,"(48.1603, 10.1144)",204567.2,569703.6,506044.7,340792.0,15603.4,633500.7,289344.1,213188.0,575446.8,556549.5,608587.4,176839.6,496846.3,468568.2,581976.2,414615.5
6920,89284,48.3545,10.1618,Bayern,BY,Neu-Ulm,9775.0,"(48.3545, 10.1618)",183360.2,548496.6,484837.8,319585.1,15226.4,612293.7,268137.2,176233.5,554239.9,535342.5,587380.4,139885.1,475639.4,447361.2,560769.2,393408.5
6921,89287,48.2573,10.0909,Bayern,BY,Neu-Ulm,9775.0,"(48.2573, 10.0909)",191916.9,557053.3,493394.5,328141.7,11600.9,620850.4,276693.8,200537.8,562796.6,543899.2,595937.1,164189.3,484196.1,455917.9,569325.9,401965.2
6922,89290,48.2248,10.1805,Bayern,BY,Neu-Ulm,9775.0,"(48.2248, 10.1805)",200432.7,565569.1,501910.3,336657.5,0.0,629366.2,285209.6,209053.6,571312.4,552415.0,604452.9,172705.1,492711.9,464433.7,577841.7,410481.0
6923,89291,48.3833,10.1,Bayern,BY,Neu-Ulm,9775.0,"(48.3833, 10.1)",179513.6,544650.0,480991.1,315738.4,21385.9,608447.0,264290.5,188134.4,550393.2,531495.9,583533.8,151785.9,471792.7,443514.6,556922.5,389561.8
6924,89293,48.1216,10.1281,Bayern,BY,Neu-Ulm,9775.0,"(48.1216, 10.1281)",206615.7,571752.1,508093.2,342840.5,17651.9,635549.2,291392.6,215236.5,577495.3,558598.0,610635.9,178888.1,498894.9,470616.7,584024.7,416664.0
6925,89294,48.1758,10.1891,Bayern,BY,Neu-Ulm,9775.0,"(48.1758, 10.1891)",203729.1,568865.4,505206.6,339953.9,5993.8,632662.5,288506.0,212349.9,574608.7,555711.3,607749.2,176001.4,496008.2,467730.0,581138.0,413777.3
6926,89296,48.15,10.1667,Bayern,BY,Neu-Ulm,9775.0,"(48.15, 10.1667)",207407.8,572544.1,508885.3,343632.6,9672.5,636341.2,292184.7,216028.6,578287.4,559390.0,611427.9,179680.1,499686.9,471408.7,584816.7,417456.0
6927,89297,48.2759,10.2314,Bayern,BY,Neu-Ulm,9775.0,"(48.2759, 10.2314)",198259.1,563395.5,499736.6,334483.9,8458.5,627192.5,283036.0,183997.2,569138.7,550241.4,602279.2,147648.7,490538.2,462260.1,575668.0,408307.3
6928,89299,48.1956,10.1711,Bayern,BY,Neu-Ulm,9775.0,"(48.1956, 10.1711)",200723.0,565859.4,502200.5,336947.8,3851.0,629656.5,285499.9,209343.8,571602.6,552705.3,604743.2,172995.4,493002.2,464724.0,578132.0,410771.3
6929,89312,48.456,10.277,Bayern,BY,Landkreis Günzburg,9774.0,"(48.456, 10.277)",169783.0,534919.4,471260.5,306007.8,48413.5,598716.5,266369.6,162785.7,540662.6,521765.3,573803.2,126437.2,473871.9,433784.0,547192.0,379831.3
6930,89331,48.4316,10.4099,Bayern,BY,Landkreis Günzburg,9774.0,"(48.4316, 10.4099)",177044.9,542181.2,464066.7,313269.7,63843.8,591522.7,281799.9,152401.2,547924.5,529027.2,581065.0,116052.7,489302.1,441045.8,554453.8,387093.1
6931,89335,48.3712,10.3071,Bayern,BY,Landkreis Günzburg,9774.0,"(48.3712, 10.3071)",188736.3,553872.7,490213.8,324961.1,22823.6,617669.8,273273.1,167097.7,559615.9,540718.6,592756.5,130749.2,480775.4,452737.3,566145.3,398784.6
6932,89340,48.45,10.2228,Bayern,BY,Landkreis Günzburg,9774.0,"(48.45, 10.2228)",176141.3,541277.7,477618.8,312366.1,42722.0,605074.7,260678.1,168006.6,547020.9,528123.6,580161.4,131658.1,468180.3,440142.3,553550.2,386189.5
6933,89343,48.3896,10.4381,Bayern,BY,Landkreis Günzburg,9774.0,"(48.3896, 10.4381)",195593.8,560730.2,462916.2,331818.6,62174.5,590372.2,280130.6,151250.7,566473.4,547576.1,599614.0,114902.2,487632.8,459594.8,573002.7,405642.1
6934,89344,48.5065,10.4578,Bayern,BY,Landkreis Dillingen an der Donau,9773.0,"(48.5065, 10.4578)",174739.6,539875.9,444694.8,310964.4,67471.5,572150.7,285427.6,153132.7,545619.2,526721.8,578759.7,116784.2,515404.2,438740.5,552148.5,384787.8
6935,89346,48.4,10.2,Bayern,BY,Landkreis Günzburg,9774.0,"(48.4, 10.2)",183223.2,548359.5,484700.7,319448.0,21475.4,612156.6,265729.0,170076.9,554102.8,535205.4,587243.3,133728.5,473231.2,447224.1,560632.1,393271.4
6936,89347,48.4333,10.25,Bayern,BY,Landkreis Günzburg,9774.0,"(48.4333, 10.25)",178965.8,544102.2,480443.4,315190.6,45546.6,607899.3,263502.6,163976.4,549845.4,530948.1,582986.0,127628.0,471004.9,442966.8,556374.8,389014.1
6937,89349,48.3405,10.4528,Bayern,BY,Landkreis Günzburg,9774.0,"(48.3405, 10.4528)",203018.5,568154.9,470341.0,339243.3,34404.2,597796.9,287555.3,158675.4,573898.1,555000.8,607038.7,122327.0,495057.6,467019.5,580427.5,413066.8
6938,89350,48.4667,10.4286,Bayern,BY,Landkreis Günzburg,9774.0,"(48.4667, 10.4286)",175091.3,540227.6,476568.8,311316.1,67402.5,604024.7,285358.6,155959.9,545970.9,527073.5,579111.4,119611.4,492860.8,439092.2,552500.2,385139.5
6939,89352,48.3397,10.3189,Bayern,BY,Landkreis Günzburg,9774.0,"(48.3397, 10.3189)",192861.7,557998.1,494339.3,329086.6,19781.2,621795.2,277398.5,171223.1,563741.4,544844.0,596881.9,134874.7,484900.8,456862.7,570270.7,402910.0
6940,89353,48.5,10.4833,Bayern,BY,Landkreis Dillingen an der Donau,9773.0,"(48.5, 10.4833)",177152.0,542288.3,444130.1,313376.8,69883.9,571586.0,287840.0,154763.0,548031.6,529134.3,581172.1,118414.5,517816.6,441152.9,554560.9,387200.2
6941,89355,48.5,10.4,Bayern,BY,Landkreis Günzburg,9774.0,"(48.5, 10.4)",171636.0,536772.3,473113.5,307860.8,61978.6,600569.4,279934.6,159902.6,542515.6,523618.3,575656.1,123554.2,512300.6,435636.9,549044.9,381684.2
6942,89356,48.4376,10.4482,Bayern,BY,Landkreis Günzburg,9774.0,"(48.4376, 10.4482)",178304.3,543440.7,463290.0,314529.1,63067.1,590746.0,281023.2,151624.5,549183.9,530286.6,582324.5,115276.0,488525.4,442305.3,555713.3,388352.6
6943,89358,48.3833,10.3667,Bayern,BY,Landkreis Günzburg,9774.0,"(48.3833, 10.3667)",192173.1,557309.4,493650.6,328397.9,28295.4,621106.5,276709.9,156774.2,563052.7,544155.3,596193.2,120425.8,484212.1,456174.0,569582.0,402221.3
6944,89359,48.4167,10.2833,Bayern,BY,Landkreis Günzburg,9774.0,"(48.4167, 10.2833)",185375.6,550511.9,486853.1,321600.4,28991.8,614309.0,269912.4,163737.0,556255.2,537357.9,589395.7,127388.5,477414.6,449376.6,562784.5,395423.8
6945,89361,48.4344,10.5242,Bayern,BY,Landkreis Günzburg,9774.0,"(48.4344, 10.5242)",201647.2,566783.5,454936.7,337872.0,68227.9,582392.7,286184.0,143271.2,572526.8,553629.4,605667.3,106922.7,493686.2,465648.1,579056.1,411695.4
6946,89362,48.4826,10.3625,Bayern,BY,Landkreis Günzburg,9774.0,"(48.4826, 10.3625)",169067.2,534203.6,470544.7,305292.0,58360.9,598000.7,276317.0,159564.5,539946.8,521049.5,573087.4,123216.1,509731.8,433068.2,546476.2,379115.5
6947,89364,48.4588,10.3524,Bayern,BY,Landkreis Günzburg,9774.0,"(48.4588, 10.3524)",174058.3,539194.7,475535.8,310283.1,55570.5,602991.8,273526.5,158848.7,544937.9,526040.6,578078.5,122500.3,481028.8,438059.3,551467.3,384106.6
6948,89365,48.4244,10.4427,Bayern,BY,Landkreis Günzburg,9774.0,"(48.4244, 10.4427)",194608.8,559745.2,461412.5,330833.6,61189.5,588868.4,279145.6,149746.9,565488.4,546591.1,598629.0,113398.4,486647.9,458609.8,572017.8,404657.1
6949,89367,48.3481,10.2938,Bayern,BY,Landkreis Günzburg,9774.0,"(48.3481, 10.2938)",189737.1,554873.5,491214.7,325962.0,19590.8,618670.6,274273.9,170420.9,560616.8,541719.4,593757.3,134072.4,481776.2,453738.1,567146.1,399785.4
6950,89368,48.4667,10.4833,Bayern,BY,Landkreis Günzburg,9774.0,"(48.4667, 10.4833)",182177.1,547313.5,449198.3,318401.9,68721.2,576654.3,286677.2,152047.4,553056.8,534159.4,586197.3,115699.0,494179.5,446178.1,559586.1,392225.4
6951,89407,48.5815,10.4953,Bayern,BY,Landkreis Dillingen an der Donau,9773.0,"(48.5815, 10.4953)",164497.2,529633.6,416388.2,300722.1,77200.3,543844.1,295156.4,126392.9,535376.9,516479.5,568517.4,105157.4,505161.8,428498.2,541906.2,374545.5
6952,89415,48.5654,10.4297,Bayern,BY,Landkreis Dillingen an der Donau,9773.0,"(48.5654, 10.4297)",166141.7,531278.0,467619.2,302366.5,71356.8,595075.1,289312.8,135763.2,537021.3,518124.0,570161.8,133480.4,506806.3,430142.6,543550.6,376189.9
6953,89420,48.6112,10.5682,Bayern,BY,Landkreis Dillingen an der Donau,9773.0,"(48.6112, 10.5682)",169875.0,535011.4,409924.3,306099.8,83400.2,537380.3,301356.2,119929.0,540754.6,521857.3,573895.2,98693.5,510539.6,433876.0,547284.0,379923.3
6954,89423,48.551,10.3689,Bayern,BY,Landkreis Dillingen an der Donau,9773.0,"(48.551, 10.3689)",160930.9,526067.3,462408.5,297155.8,64512.5,589864.4,282468.5,138285.2,531810.6,512913.2,564951.1,130847.2,501595.5,424931.9,538339.9,370979.2
6955,89426,48.63125,10.42445,Bayern,BY,Landkreis Dillingen an der Donau,9773.0,"(48.63125, 10.42445)",160338.1,525474.5,461815.6,296562.9,76717.1,589271.5,294916.7,133977.8,531217.7,512320.4,564358.3,112742.2,501002.7,424339.1,537747.0,370386.4
6956,89428,48.6612,10.31,Bayern,BY,Landkreis Dillingen an der Donau,9773.0,"(48.6612, 10.31)",145596.2,510732.5,447073.7,281821.0,68495.0,574529.6,286694.6,147381.7,516475.8,497578.5,549616.3,126146.1,486260.8,409597.1,523005.1,355644.4
6957,89429,48.6322,10.3205,Bayern,BY,Landkreis Dillingen an der Donau,9773.0,"(48.6322, 10.3205)",148747.4,513883.7,450224.9,284972.2,66201.9,577680.8,284401.5,141404.0,519627.0,500729.6,552767.5,120168.4,489412.0,412748.3,526156.3,358795.6
6958,89431,48.5463,10.3128,Bayern,BY,Landkreis Dillingen an der Donau,9773.0,"(48.5463, 10.3128)",159231.7,524368.1,460709.2,295456.5,68340.7,588165.1,281692.4,143827.8,530111.3,511214.0,563251.9,134800.3,499896.3,423232.7,536640.6,369280.0
