,zipcode,lat,long,state,state_code,community_name,community_code,coor,AKB Kitzingen,AKB Dortmund,AKB Zörbig,AKB Schöneck,AKB Buch,Mosolf Etzin,Mosolf Kippenheim,BLG Kelheim,BLG Duisburg,BLG Neuss,Carservice Erkens,ARS Altmann Wolnzach,CAT Zülpich,Autohaus Siebrecht,Neu: FleetParQ Essen ,Neu: FleetParQ Kassel
4838,69115,49.4062,8.6868,Baden-Württemberg,BW,Heidelberg,8221.0,"(49.4062, 8.6868)",179202.8,308558.6,493122.6,120423.9,241082.7,620578.5,149573.6,327160.0,312714.0,293816.6,345854.5,317799.1,263440.4,328181.7,319243.3,274229.0
4839,69117,49.4095,8.6935,Baden-Württemberg,BW,Heidelberg,8221.0,"(49.4095, 8.6935)",180040.8,309396.5,493960.5,121261.8,241920.7,621416.4,150411.6,327998.0,313551.9,294654.6,346692.5,318637.0,264278.4,329019.6,320081.2,275066.9
4840,69118,49.4194,8.7345,Baden-Württemberg,BW,Heidelberg,8221.0,"(49.4194, 8.7345)",172522.6,309922.1,494486.0,121787.4,245665.0,621942.0,154155.9,320479.8,314077.5,295180.1,347218.0,311118.9,267425.4,329545.2,320606.8,275592.5
4841,69120,49.4169,8.6764,Baden-Württemberg,BW,Heidelberg,8221.0,"(49.4169, 8.6764)",180327.0,306284.5,490848.5,118149.8,242206.9,618304.4,150697.8,328284.2,310439.9,291542.5,343580.4,318923.3,263588.6,325907.6,316969.2,271954.9
4842,69121,49.4322,8.6824,Baden-Württemberg,BW,Heidelberg,8221.0,"(49.4322, 8.6824)",186680.1,304360.2,488924.2,116225.5,248560.0,616380.1,157050.9,334637.3,308515.6,289618.3,341656.2,325276.4,264608.4,323983.4,315045.0,270030.7
4843,69123,49.4167,8.7,Baden-Württemberg,BW,Heidelberg,8221.0,"(49.4167, 8.7)",188926.7,311657.5,496221.5,123522.8,250806.6,623677.4,159297.5,336883.9,315812.9,296915.5,348953.4,327523.0,271905.6,331280.6,322342.2,277327.9
4844,69124,49.3829,8.6656,Baden-Württemberg,BW,Heidelberg,8221.0,"(49.3829, 8.6656)",177343.5,313403.3,497967.3,125268.6,239223.4,625423.2,147714.3,325300.7,317558.7,298661.4,350699.3,315939.7,265687.8,333026.4,324088.0,279073.7
4845,69126,49.3757,8.6911,Baden-Württemberg,BW,Heidelberg,8221.0,"(49.3757, 8.6911)",171990.6,311497.2,496061.2,123362.5,241495.5,623517.1,149986.4,319947.8,315652.6,296755.2,348793.1,310586.8,266379.0,331120.3,322181.9,277167.6
4846,69151,49.389,8.7959,Baden-Württemberg,BW,Rhein-Neckar-Kreis,8226.0,"(49.389, 8.7959)",165169.2,319331.9,500599.3,131197.2,239314.0,628055.2,160261.1,313126.4,323487.3,304590.0,356627.9,303765.5,274213.8,338955.0,330016.6,285002.3
4847,69168,49.295,8.6985,Baden-Württemberg,BW,Rhein-Neckar-Kreis,8226.0,"(49.295, 8.6985)",161231.9,321714.0,496661.9,133579.3,234131.2,624117.8,142622.0,309189.1,325869.4,306972.0,359009.9,299828.1,274862.3,341337.1,332398.7,287384.4
4848,69181,49.3474,8.6873,Baden-Württemberg,BW,Rhein-Neckar-Kreis,8226.0,"(49.3474, 8.6873)",167481.9,315841.8,500405.8,127707.1,241661.9,627861.7,150152.7,315439.1,319997.2,301099.9,353137.7,306078.2,271038.8,335464.9,326526.5,281512.2
4849,69190,49.3064,8.6424,Baden-Württemberg,BW,Rhein-Neckar-Kreis,8226.0,"(49.3064, 8.6424)",163792.1,319301.7,503865.7,131167.0,229959.9,631321.6,138450.8,311749.3,323457.1,304559.8,356597.7,302388.3,270905.9,338924.8,329986.4,284972.1
4850,69198,49.4737,8.6636,Baden-Württemberg,BW,Rhein-Neckar-Kreis,8226.0,"(49.4737, 8.6636)",188682.6,299796.9,484360.9,111662.2,250562.5,611816.8,159053.4,336639.8,303952.3,285055.0,337092.9,327278.9,260045.1,319420.1,310481.7,265467.4
4851,69207,49.3428,8.6592,Baden-Württemberg,BW,Rhein-Neckar-Kreis,8226.0,"(49.3428, 8.6592)",168589.4,315218.3,499782.3,127083.6,234995.9,627238.2,143486.8,316546.6,319373.7,300476.4,352514.2,307185.7,268350.5,334841.4,325903.0,280888.7
4852,69214,49.4019,8.6364,Baden-Württemberg,BW,Rhein-Neckar-Kreis,8226.0,"(49.4019, 8.6364)",179333.7,307336.7,491900.7,119202.0,241213.6,619356.6,149704.5,327290.9,311492.1,292594.7,344632.6,317929.9,262218.5,326959.8,318021.4,273007.1
4853,69221,49.4503,8.6747,Baden-Württemberg,BW,Rhein-Neckar-Kreis,8226.0,"(49.4503, 8.6747)",186145.0,303396.2,487960.2,115261.5,248024.9,615416.1,156515.8,334102.2,307551.6,288654.3,340692.2,324741.3,263644.4,323019.4,314081.0,269066.7
4854,69226,49.3239,8.6956,Baden-Württemberg,BW,Rhein-Neckar-Kreis,8226.0,"(49.3239, 8.6956)",164903.2,319974.1,500333.2,131839.4,234638.8,627789.1,143129.7,312860.4,324129.5,305232.2,357270.1,303499.4,275171.1,339597.3,330658.9,285644.5
4855,69231,49.2694,8.7034,Baden-Württemberg,BW,Rhein-Neckar-Kreis,8226.0,"(49.2694, 8.7034)",159577.8,326218.1,495007.8,138083.4,231963.3,622463.8,140454.2,307535.0,330373.5,311476.2,350112.1,298174.0,272694.5,345841.2,336902.8,291888.5
4856,69234,49.2842,8.7381,Baden-Württemberg,BW,Rhein-Neckar-Kreis,8226.0,"(49.2842, 8.7381)",162417.2,329057.5,497847.2,140922.8,234802.7,625303.2,143293.6,310374.4,333212.9,314315.6,352951.5,301013.5,275533.9,348680.7,339742.3,294727.9
4857,69239,49.4074,8.8434,Hessen,HE,Bergstraße,6431.0,"(49.4074, 8.8434)",130508.1,324095.5,472603.7,135960.8,247488.2,600059.7,167097.9,321300.6,328250.9,309353.6,361391.5,311939.7,280400.7,343718.7,334780.3,289766.0
4858,69242,49.2486,8.7267,Baden-Württemberg,BW,Rhein-Neckar-Kreis,8226.0,"(49.2486, 8.7267)",162816.8,329457.1,498246.8,141322.4,235202.3,625702.7,143693.2,310774.0,333612.5,314715.1,353351.1,301413.0,275933.4,349080.2,340141.8,295127.5
4859,69245,49.3561,8.7794,Baden-Württemberg,BW,Rhein-Neckar-Kreis,8226.0,"(49.3561, 8.7794)",163805.2,324050.9,499235.3,135916.2,237950.0,626691.2,158361.8,311762.4,328206.3,309308.9,361346.8,302401.5,279247.9,343674.0,334735.6,289721.3
4860,69250,49.4366,8.8088,Baden-Württemberg,BW,Rhein-Neckar-Kreis,8226.0,"(49.4366, 8.8088)",135956.1,315277.8,499841.8,127143.1,249838.3,627297.7,174534.2,323650.7,319433.2,300535.8,352573.7,314289.7,275525.9,334900.9,325962.5,280948.2
4861,69251,49.3664,8.7497,Baden-Württemberg,BW,Rhein-Neckar-Kreis,8226.0,"(49.3664, 8.7497)",166193.8,320783.9,505347.9,132649.2,246604.0,632803.8,155094.8,314151.0,324939.3,306041.9,358079.8,304790.1,275980.9,340407.0,331468.6,286454.3
4862,69253,49.4833,8.795,Baden-Württemberg,BW,Rhein-Neckar-Kreis,8226.0,"(49.4833, 8.795)",138416.9,312515.7,497079.6,124381.0,263281.2,624535.6,171772.1,329383.6,316671.1,297773.7,349811.6,320022.7,272763.8,332138.8,323200.4,278186.1
4863,69254,49.2472,8.6828,Baden-Württemberg,BW,Rhein-Neckar-Kreis,8226.0,"(49.2472, 8.6828)",163808.8,330449.1,499238.9,142314.4,229162.8,626694.8,137653.7,311766.0,334604.5,315707.2,354343.1,302405.1,276925.5,350072.3,341133.9,296119.6
4864,69256,49.3408,8.8003,Baden-Württemberg,BW,Rhein-Neckar-Kreis,8226.0,"(49.3408, 8.8003)",158539.1,327977.5,493969.1,139842.8,232683.9,621425.1,153630.9,306496.3,332132.9,313235.5,365273.4,297135.4,285871.2,347600.6,338662.2,293647.9
4865,69257,49.3614,8.8036,Baden-Württemberg,BW,Rhein-Neckar-Kreis,8226.0,"(49.3614, 8.8036)",162085.8,326140.1,497515.9,138005.4,236230.6,624971.8,157177.6,310043.0,330295.5,311398.1,363436.0,300682.1,278546.6,345763.2,336824.8,291810.5
4866,69259,49.4706,8.7536,Baden-Württemberg,BW,Rhein-Neckar-Kreis,8226.0,"(49.4706, 8.7536)",195990.9,307105.2,491669.2,118970.6,257870.8,619125.2,166361.7,343948.1,311260.6,292363.3,344401.2,334587.2,267353.4,326728.4,317790.0,272775.7
4867,69412,49.4668,8.9902,Baden-Württemberg,BW,Rhein-Neckar-Kreis,8226.0,"(49.4668, 8.9902)",114774.1,330269.7,456869.7,119977.6,238216.9,584325.6,185518.4,312029.3,340645.1,321747.8,373785.7,302668.3,293395.1,336698.7,347174.4,282746.0
4868,69427,49.5344,9.2044,Baden-Württemberg,BW,Neckar-Odenwald-Kreis,8225.0,"(49.5344, 9.2044)",91352.2,310132.3,433447.8,99840.2,251785.2,560903.7,207022.0,308915.8,335899.6,317002.3,369040.1,299554.9,305684.6,316561.3,342428.9,262608.6
4869,69429,49.4592,9.0919,Baden-Württemberg,BW,Neckar-Odenwald-Kreis,8225.0,"(49.4592, 9.0919)",104221.9,323871.0,446317.5,113578.9,232322.4,573773.4,194803.3,306134.8,349638.3,330741.0,382778.8,296773.9,319423.3,330300.0,356167.6,276347.3
4870,69434,49.463,8.861999999999998,Baden-Württemberg,BW,Rhein-Neckar-Kreis,8226.0,"(49.463, 8.861999999999998)",132443.2,324255.7,474538.8,136121.0,253539.3,601994.8,183512.1,327351.7,328411.1,309513.7,361551.6,317990.8,284503.8,343878.8,334940.4,289926.1
4871,69436,49.4111,8.9278,Baden-Württemberg,BW,Rhein-Neckar-Kreis,8226.0,"(49.4111, 8.9278)",130235.0,335640.6,472330.6,130294.3,235880.3,599786.5,178298.9,309692.7,339796.0,320898.6,372936.5,300331.7,310539.1,355263.7,346325.3,301311.0
4872,69437,49.4,9.0667,Baden-Württemberg,BW,Neckar-Odenwald-Kreis,8225.0,"(49.4, 9.0667)",117024.8,335130.6,459120.4,124838.5,225865.6,586576.3,179929.8,299678.0,369849.1,350951.8,389587.7,290317.0,312170.0,341559.6,376378.4,287606.9
4873,69439,49.4192,9.0406,Baden-Württemberg,BW,Neckar-Odenwald-Kreis,8225.0,"(49.4192, 9.0406)",120172.9,338278.7,462268.4,127986.6,229178.2,589724.4,183242.4,302990.6,348331.0,329433.6,381471.5,293629.6,315482.6,344707.6,354860.3,290754.9
4874,69469,49.5489,8.667,Baden-Württemberg,BW,Rhein-Neckar-Kreis,8226.0,"(49.5489, 8.667)",198275.6,292583.7,477147.7,104449.0,259008.2,604603.6,167499.1,345085.5,296739.1,277841.8,329879.7,335724.5,252595.1,312206.9,303268.5,258254.2
4875,69483,49.57,8.8317,Hessen,HE,Bergstraße,6431.0,"(49.57, 8.8317)",138422.8,314085.1,498649.1,97446.3,280509.6,626105.0,189000.4,366586.8,318240.5,299343.2,351381.0,357225.9,274096.5,333708.2,324769.8,279755.5
4876,69488,49.5625,8.7069,Hessen,HE,Bergstraße,6431.0,"(49.5625, 8.7069)",204288.2,298596.3,483160.3,110461.7,265020.8,610616.3,173511.7,351098.1,302751.7,283854.4,335892.3,341737.2,258607.7,318219.5,309281.1,264266.8
4877,69493,49.5062,8.6657,Baden-Württemberg,BW,Rhein-Neckar-Kreis,8226.0,"(49.5062, 8.6657)",191728.3,296225.5,480789.5,108090.8,253608.2,608245.4,162099.1,339685.5,300380.9,281483.6,333521.4,330324.5,256473.6,315848.6,306910.2,261895.9
4878,69502,49.5907,8.6478,Baden-Württemberg,BW,Rhein-Neckar-Kreis,8226.0,"(49.5907, 8.6478)",190958.1,285266.2,469830.2,97131.5,261961.0,597286.1,170451.8,348038.2,289421.6,270524.3,322562.2,338677.3,259206.6,304889.4,295951.0,250936.6
4879,69509,49.5992,8.7347,Hessen,HE,Bergstraße,6431.0,"(49.5992, 8.7347)",196713.2,291021.3,475585.3,102886.6,267031.2,603041.3,175522.1,353108.5,295176.7,276279.4,328317.3,343747.6,260618.2,310644.5,301706.1,256691.8
4880,69514,49.6133,8.6539,Baden-Württemberg,BW,Rhein-Neckar-Kreis,8226.0,"(49.6133, 8.6539)",189087.4,283395.5,467959.5,95260.8,264863.0,595415.4,173353.8,350940.3,287550.9,268653.6,320691.4,341579.3,257335.9,303018.6,294080.2,249065.9
4881,69517,49.5325,8.7295,Hessen,HE,Bergstraße,6431.0,"(49.5325, 8.7295)",203988.5,298296.6,482860.6,110161.9,261337.3,610316.5,169828.1,347414.5,302452.0,283554.6,335592.5,338053.6,258307.9,317919.7,308981.3,263967.0
4882,69518,49.5367,8.7875,Hessen,HE,Bergstraße,6431.0,"(49.5367, 8.7875)",145807.2,304120.8,488684.8,115986.1,268350.4,616140.7,176841.3,354427.7,308276.2,289378.9,341416.7,345066.8,264132.2,323743.9,314805.5,269791.2
4883,70173,48.77265,9.18,Baden-Württemberg,BW,Stuttgart,8111.0,"(48.77265, 9.18)",162435.7,424701.6,498092.9,236567.0,129492.4,625548.9,169142.2,270132.8,428857.0,409959.7,448595.6,233784.3,371178.0,409203.9,435386.4,355251.1
4884,70174,48.7824,9.182466666666668,Baden-Württemberg,BW,Stuttgart,8111.0,"(48.7824, 9.182466666666668)",160472.8,422738.8,496130.1,234604.1,129788.7,623586.0,170529.4,270429.1,426894.2,407996.8,446632.8,234080.6,369215.1,407241.0,433423.5,353288.3
4885,70176,48.771833333333326,9.168633333333332,Baden-Württemberg,BW,Stuttgart,8111.0,"(48.771833333333326, 9.168633333333332)",161858.5,424124.4,497515.7,235989.7,129298.7,624971.7,168948.5,269939.1,428279.8,409382.5,448018.4,233590.6,370600.8,408626.6,434809.2,354673.9
4886,70178,48.769375,9.172075,Baden-Württemberg,BW,Stuttgart,8111.0,"(48.769375, 9.172075)",162808.7,425074.6,498466.0,236940.0,128579.2,625921.9,168547.9,269219.6,429230.0,410332.7,448968.6,232871.1,371551.0,409576.9,435759.4,355624.1
4887,70180,48.76533333333333,9.175766666666666,Baden-Württemberg,BW,Stuttgart,8111.0,"(48.76533333333333, 9.175766666666666)",162561.2,424827.1,498218.4,236692.4,128436.5,625674.3,168086.3,269076.9,428982.5,410085.1,448721.1,232728.4,371303.4,409329.3,435511.8,355376.6
4888,70182,48.7706,9.1827,Baden-Württemberg,BW,Stuttgart,8111.0,"(48.7706, 9.1827)",162373.4,424639.4,498030.7,236504.7,128241.2,625486.6,169901.0,268881.6,428794.8,409897.4,448533.3,232533.1,371115.7,409141.6,435324.1,355188.8
4889,70184,48.76992,9.19212,Baden-Württemberg,BW,Stuttgart,8111.0,"(48.76992, 9.19212)",163557.7,425823.6,499214.9,237688.9,128793.8,626670.9,170558.0,269434.2,429979.0,411081.7,449717.6,233085.7,372300.0,410325.8,436508.3,356373.1
4890,70186,48.76925,9.19375,Baden-Württemberg,BW,Stuttgart,8111.0,"(48.76925, 9.19375)",163505.6,425771.5,499162.8,237636.8,128741.7,626618.7,170505.9,269382.1,429926.9,411029.6,449665.5,233033.6,372247.9,410273.7,436456.2,356321.0
4891,70188,48.777366666666666,9.2008,Baden-Württemberg,BW,Stuttgart,8111.0,"(48.777366666666666, 9.2008)",162737.0,425002.9,498394.2,236868.2,129822.1,625850.1,171200.2,270462.5,429158.3,410260.9,448896.9,234114.0,371479.2,409505.1,435687.6,355552.4
4892,70190,48.7791,9.1977,Baden-Württemberg,BW,Stuttgart,8111.0,"(48.7791, 9.1977)",162682.0,424947.9,498339.2,236813.2,129209.4,625795.1,170721.2,269849.8,429103.3,410206.0,448841.9,233501.3,371424.3,409450.1,435632.6,355497.4
4893,70191,48.7899,9.193233333333334,Baden-Württemberg,BW,Stuttgart,8111.0,"(48.7899, 9.193233333333334)",160416.9,422682.8,496074.1,234548.1,130056.5,623530.1,171031.2,270696.9,426838.2,407940.9,446576.8,234348.5,369159.2,407185.0,433367.6,353232.3
4894,70192,48.79193333333333,9.178066666666666,Baden-Württemberg,BW,Stuttgart,8111.0,"(48.79193333333333, 9.178066666666666)",159419.7,421685.6,495076.9,233550.9,130690.7,622532.8,170061.0,271331.1,425841.0,406943.7,445579.6,234982.6,368162.0,406187.8,432370.3,352235.1
4895,70193,48.7729,9.167699999999998,Baden-Württemberg,BW,Stuttgart,8111.0,"(48.7729, 9.167699999999998)",161722.0,423987.9,497379.2,235853.2,129435.2,624835.1,169085.0,270075.6,428143.3,409245.9,447881.9,233727.1,370464.2,408490.1,434672.6,354537.4
4896,70195,48.77145,9.15685,Baden-Württemberg,BW,Stuttgart,8111.0,"(48.77145, 9.15685)",162594.8,424860.7,498252.0,236726.0,129156.9,625707.9,168147.1,269797.3,429016.1,410118.7,448754.7,233448.8,371337.0,409362.9,435545.4,355410.2
4897,70197,48.766850000000005,9.1659,Baden-Württemberg,BW,Stuttgart,8111.0,"(48.766850000000005, 9.1659)",162721.6,424987.5,498378.8,236852.8,128482.6,625834.8,168401.0,269123.0,429142.9,410245.6,448881.5,232774.6,371463.9,409489.7,435672.3,355537.0
4898,70199,48.7631,9.167333333333334,Baden-Württemberg,BW,Stuttgart,8111.0,"(48.7631, 9.167333333333334)",163312.8,428655.5,498970.0,240520.8,127886.0,626425.9,167880.7,268526.4,432810.9,413913.6,452800.6,232177.9,375383.0,410080.9,439340.3,356128.2
4899,70327,48.77474285714286,9.2445,Baden-Württemberg,BW,Stuttgart,8111.0,"(48.77474285714286, 9.2445)",163811.2,426077.1,499468.4,237942.4,126116.1,626924.3,174452.5,266756.5,430232.5,411335.1,449971.1,230408.0,372553.4,410579.3,436761.8,356626.6
4900,70329,48.767325,9.248075,Baden-Württemberg,BW,Stuttgart,8111.0,"(48.767325, 9.248075)",164591.1,426857.0,500248.3,238722.3,125171.2,627704.3,175232.5,265811.6,431012.4,412115.1,450751.0,229463.1,373333.4,411359.2,437541.8,357406.5
4901,70372,48.8041,9.2159,Baden-Württemberg,BW,Stuttgart,8111.0,"(48.8041, 9.2159)",162065.5,424331.4,497722.7,236196.7,130387.4,625178.7,172706.9,271027.8,428486.8,409589.5,448225.4,234679.3,370807.8,408833.6,435016.1,354880.9
4902,70374,48.7943,9.211366666666668,Baden-Württemberg,BW,Stuttgart,8111.0,"(48.7943, 9.211366666666668)",161956.5,424222.5,497613.8,236087.8,128870.3,625069.7,172597.9,269510.7,428377.9,409480.5,448116.5,233162.2,370698.8,408724.7,434907.2,354772.0
4903,70376,48.801825,9.207475,Baden-Württemberg,BW,Stuttgart,8111.0,"(48.801825, 9.207475)",159205.5,421471.4,494862.7,233336.7,132760.8,622318.6,169846.8,307389.8,425626.8,406729.5,445365.4,237052.8,367947.7,405973.6,432156.1,352020.9
4904,70378,48.837,9.227,Baden-Württemberg,BW,Stuttgart,8111.0,"(48.837, 9.227)",160602.2,422868.1,496259.4,234733.4,135656.2,623715.3,171243.6,308786.6,427023.5,408126.2,446762.1,239948.1,369344.5,407370.3,433552.8,353417.6
4905,70435,48.80005,9.17445,Baden-Württemberg,BW,Stuttgart,8111.0,"(48.80005, 9.17445)",158416.1,420682.0,494073.3,232547.3,132618.1,621529.2,165751.1,306600.5,424837.4,405940.1,444576.0,236910.1,367158.4,405184.2,431366.7,351231.5
4906,70437,48.82595,9.197783333333334,Baden-Württemberg,BW,Stuttgart,8111.0,"(48.82595, 9.197783333333334)",156565.2,418831.1,492222.4,230696.4,133468.6,619678.3,167206.5,304749.5,422986.5,404089.1,442725.1,237760.6,365307.4,403333.3,429515.8,349380.6
4907,70439,48.82325,9.15855,Baden-Württemberg,BW,Stuttgart,8111.0,"(48.82325, 9.15855)",155555.5,417821.5,491212.8,229686.8,134750.7,618668.7,163886.2,303739.9,421976.9,403079.5,441715.5,239042.6,364297.8,402323.7,428506.2,348371.0
4908,70469,48.796866666666666,9.170666666666667,Baden-Württemberg,BW,Stuttgart,8111.0,"(48.796866666666666, 9.170666666666667)",159796.8,422062.7,495454.0,233928.0,132560.1,622910.0,167131.8,307981.2,426218.1,407320.8,445956.7,236852.0,368539.1,406564.9,432747.5,352612.2
4909,70499,48.80698571428572,9.119671428571428,Baden-Württemberg,BW,Stuttgart,8111.0,"(48.80698571428572, 9.119671428571428)",158158.0,420423.9,493815.2,232289.2,141059.8,621271.2,159875.7,306342.4,424579.3,405682.0,444317.9,245351.7,366900.3,404926.1,431108.7,350973.4
4910,70563,48.740633333333335,9.144233333333332,Baden-Württemberg,BW,Stuttgart,8111.0,"(48.740633333333335, 9.144233333333332)",182712.1,432169.9,518369.4,244035.2,125353.1,645825.3,171395.1,265993.5,436325.3,417427.9,456315.0,229645.0,378897.4,429480.3,442854.6,375527.5
4911,70565,48.72774999999999,9.138233333333334,Baden-Württemberg,BW,Stuttgart,8111.0,"(48.72774999999999, 9.138233333333334)",173886.0,423343.8,509543.3,235209.1,124256.7,636999.2,162569.0,264897.1,427499.2,408601.8,447488.9,228548.6,370071.3,420654.2,434028.5,366701.4
4912,70567,48.738733333333336,9.161033333333334,Baden-Württemberg,BW,Stuttgart,8111.0,"(48.738733333333336, 9.161033333333334)",181123.3,430581.1,516780.5,242446.4,123764.2,644236.5,169806.3,264404.6,434736.5,415839.1,454726.2,228056.2,377308.5,427891.4,441265.8,373938.7
4913,70569,48.746425,9.125525,Baden-Württemberg,BW,Stuttgart,8111.0,"(48.746425, 9.125525)",174046.0,423503.7,509703.2,235369.1,132175.2,637159.1,162729.0,272815.6,427659.1,408761.8,447648.9,236467.2,370231.2,420814.1,434188.5,366861.4
4914,70597,48.74458333333333,9.159733333333334,Baden-Württemberg,BW,Stuttgart,8111.0,"(48.74458333333333, 9.159733333333334)",180863.7,430321.4,516520.9,242186.7,123504.6,643976.8,169546.6,264145.0,434476.8,415579.5,454466.5,227796.5,377048.9,427631.8,441006.1,373679.1
4915,70599,48.7158,9.204585714285711,Baden-Württemberg,BW,Stuttgart,8111.0,"(48.7158, 9.204585714285711)",181461.3,430919.0,517118.5,242784.4,118344.7,644574.4,170144.3,258985.1,435074.4,416177.1,455064.2,222636.6,377646.5,428229.4,441603.8,374276.7
4916,70619,48.74992,9.21694,Baden-Württemberg,BW,Stuttgart,8111.0,"(48.74992, 9.21694)",167977.8,435425.9,503635.0,247291.2,121160.9,631090.9,174651.1,261801.3,439581.3,420684.0,459571.0,225452.8,382153.4,414745.9,446110.6,360793.2
4917,70629,48.72515,9.1977,Baden-Württemberg,BW,Stuttgart,8111.0,"(48.72515, 9.1977)",182390.5,431848.3,518047.8,243713.6,119989.3,645503.7,171073.5,260629.7,436003.7,417106.3,455993.4,224281.2,378575.8,429158.7,442533.0,375206.0
4918,70734,48.8086,9.2792,Baden-Württemberg,BW,Rems-Murr-Kreis,8119.0,"(48.8086, 9.2792)",160058.8,422324.7,491482.7,234190.0,133497.8,618938.6,179300.2,274138.2,426480.1,407582.8,446218.7,237789.8,368801.1,406826.9,433009.5,352874.2
4919,70736,48.8239,9.272,Baden-Württemberg,BW,Rems-Murr-Kreis,8119.0,"(48.8239, 9.272)",158211.8,420477.7,493869.0,232343.0,136332.5,621324.9,176205.5,276972.9,424633.1,405735.7,444371.7,240624.4,366954.0,404979.9,431162.4,351027.2
