,zipcode,lat,long,state,state_code,community_name,community_code,coor,AKB Kitzingen,AKB Dortmund,AKB Zörbig,AKB Schöneck,AKB Buch,Mosolf Etzin,Mosolf Kippenheim,BLG Kelheim,BLG Duisburg,BLG Neuss,Carservice Erkens,ARS Altmann Wolnzach,CAT Zülpich,Autohaus Siebrecht,Neu: FleetParQ Essen ,Neu: FleetParQ Kassel
6797,88281,47.77,9.6735,Baden-Württemberg,BW,Landkreis Ravensburg,8436.0,"(47.77, 9.6735)",281814.4,646950.7,583291.9,418039.2,92850.6,710747.8,208409.9,273946.2,652694.0,633796.7,685834.5,227861.6,574093.5,545815.3,659223.3,491862.6
6798,88284,47.8947,9.612,Baden-Württemberg,BW,Landkreis Ravensburg,8436.0,"(47.8947, 9.612)",251783.5,616919.9,553261.0,388008.3,71534.6,680716.9,206734.3,276431.3,584397.4,565500.1,604387.1,230346.7,526969.5,515784.5,590926.7,461831.7
6799,88285,47.7101,9.6884,Baden-Württemberg,BW,Landkreis Ravensburg,8436.0,"(47.7101, 9.6884)",278562.2,643698.5,580039.7,414787.0,89598.4,707495.6,214579.9,270694.0,649441.8,630544.4,682582.3,224609.4,570841.3,542563.1,655971.1,488610.4
6800,88287,47.7442,9.6559,Baden-Württemberg,BW,Landkreis Ravensburg,8436.0,"(47.7442, 9.6559)",279317.4,644453.8,580795.0,415542.2,90353.7,708250.9,212649.3,271449.3,650197.1,631299.7,683337.6,225364.7,571596.6,543318.4,656726.4,489365.7
6801,88289,47.7571,9.7134,Baden-Württemberg,BW,Landkreis Ravensburg,8436.0,"(47.7571, 9.7134)",278452.7,643589.0,579930.2,414677.5,89488.9,707386.1,220147.4,270584.5,649332.3,630435.0,682472.8,224499.9,570731.8,542453.7,655861.6,488500.9
6802,88299,47.8267,10.0205,Baden-Württemberg,BW,Landkreis Ravensburg,8436.0,"(47.8267, 10.0205)",246080.0,611216.3,547557.5,382304.8,57116.2,675013.4,255569.3,238211.8,616959.6,598062.3,650100.1,192127.2,538359.1,510080.9,623488.9,456128.2
6803,88316,47.6926,10.0386,Baden-Württemberg,BW,Landkreis Ravensburg,8436.0,"(47.6926, 10.0386)",264807.3,629943.7,566284.8,401032.1,75843.6,693740.8,246556.4,256939.2,635686.9,616789.6,668827.5,210854.6,557086.5,528808.3,642216.3,474855.6
6804,88317,47.893,10.0784,Baden-Württemberg,BW,Landkreis Ravensburg,8436.0,"(47.893, 10.0784)",235243.4,600379.8,536721.0,371468.3,46279.7,664176.9,320020.3,227375.3,606123.1,587225.7,639263.6,181290.7,527522.6,499244.4,612652.4,445291.7
6805,88319,47.9333,10.0833,Baden-Württemberg,BW,Landkreis Ravensburg,8436.0,"(47.9333, 10.0833)",232394.0,597530.4,533871.5,368618.8,43430.2,661327.5,317170.9,224525.9,603273.6,584376.3,636414.2,178441.3,524673.2,496395.0,609803.0,442442.3
6806,88326,47.9508,9.6374,Baden-Württemberg,BW,Landkreis Ravensburg,8436.0,"(47.9508, 9.6374)",244023.2,609159.5,545500.7,380248.0,63774.3,672956.6,206144.0,252644.0,576637.1,557739.7,596626.8,216295.5,519209.1,508024.1,583166.4,454071.4
6807,88339,47.9203,9.7549,Baden-Württemberg,BW,Landkreis Ravensburg,8436.0,"(47.9203, 9.7549)",240376.8,605513.2,541854.4,376601.6,60128.0,669310.3,223555.6,260804.4,572990.7,554093.4,592980.5,214719.8,515562.8,504377.8,579520.1,450425.1
6808,88348,48.0204,9.54855,Baden-Württemberg,BW,Landkreis Sigmaringen,8437.0,"(48.0204, 9.54855)",248753.5,613889.9,550231.1,384978.3,68504.7,677687.0,202231.0,257374.4,532870.0,513972.6,552859.7,221025.9,475442.0,512754.5,539399.3,458801.8
6809,88353,47.7889,9.8838,Baden-Württemberg,BW,Landkreis Ravensburg,8436.0,"(47.7889, 9.8838)",260013.0,625149.4,561490.6,396237.9,71049.3,688946.5,247857.2,252144.9,630892.7,611995.3,664033.2,206060.3,552292.2,524014.0,637422.0,470061.3
6810,88356,47.95,9.3833,Baden-Württemberg,BW,Landkreis Sigmaringen,8437.0,"(47.95, 9.3833)",263170.2,547525.6,564647.7,359390.9,82921.3,692103.6,189529.4,271791.0,551681.0,532783.7,571670.7,235442.5,494253.1,527171.1,558210.3,473218.4
6811,88361,47.947633333333336,9.516566666666668,Baden-Württemberg,BW,Landkreis Ravensburg,8436.0,"(47.947633333333336, 9.516566666666668)",256167.1,621303.5,557644.6,392391.9,75918.2,685100.6,196090.2,264787.9,540883.7,521986.4,560873.5,228439.5,483455.8,520168.1,547413.1,466215.4
6812,88364,47.8203,9.7949,Baden-Württemberg,BW,Landkreis Ravensburg,8436.0,"(47.8203, 9.7949)",262640.5,627776.9,564118.0,398865.3,73676.7,691574.0,225960.5,254772.4,633520.1,614622.8,666660.7,208687.7,554919.7,526641.5,640049.5,472688.8
6813,88367,48.0295,9.3774,Baden-Württemberg,BW,Landkreis Sigmaringen,8437.0,"(48.0295, 9.3774)",251137.0,522086.8,552614.5,333952.1,79166.0,680070.4,181312.5,259757.8,526242.2,507344.9,546231.9,223409.3,468814.3,515138.0,532771.6,461185.2
6814,88368,47.85,9.75,Baden-Württemberg,BW,Landkreis Ravensburg,8436.0,"(47.85, 9.75)",266080.3,631216.7,567557.9,402305.1,77116.6,695013.8,222200.9,258212.2,586041.2,567143.9,606030.9,212127.6,528613.3,530081.3,592570.6,476128.6
6815,88370,47.9,9.5167,Baden-Württemberg,BW,Landkreis Ravensburg,8436.0,"(47.9, 9.5167)",258196.2,623332.6,559673.7,394421.0,77947.3,687129.6,199472.0,266817.0,547069.3,528172.0,567059.1,230468.6,489641.4,522197.2,553598.7,468244.5
6816,88371,47.9667,9.5833,Baden-Württemberg,BW,Landkreis Ravensburg,8436.0,"(47.9667, 9.5833)",247556.7,612693.1,549034.2,383781.5,67307.8,676490.1,202855.9,256177.5,538569.1,519671.8,558558.8,219829.1,481141.2,511557.7,545098.5,457605.0
6817,88373,47.8833,9.4833,Baden-Württemberg,BW,Landkreis Ravensburg,8436.0,"(47.8833, 9.4833)",262598.9,627735.3,564076.5,398823.7,82350.1,691532.4,195890.9,289340.1,563852.9,544955.6,583842.6,243255.5,506425.0,526599.9,570382.2,472647.2
6818,88374,47.95,9.45,Baden-Württemberg,BW,Landkreis Ravensburg,8436.0,"(47.95, 9.45)",260705.4,552768.5,562183.0,396930.3,80456.6,689638.9,190430.1,269326.3,556923.9,538026.6,576913.7,232977.8,499496.0,524706.4,563453.3,470753.7
6819,88376,47.9333,9.4167,Baden-Württemberg,BW,Landkreis Ravensburg,8436.0,"(47.9333, 9.4167)",266687.9,551241.0,568165.4,363106.3,86439.0,695621.3,188140.8,275308.7,555396.4,536499.0,575386.1,238960.2,497968.4,530688.8,561925.7,476736.1
6820,88377,47.9093,9.4285,Baden-Württemberg,BW,Landkreis Ravensburg,8436.0,"(47.9093, 9.4285)",265212.9,553679.3,566690.4,365544.6,84964.0,694146.4,190579.1,294115.8,557834.7,538937.3,577824.4,248031.2,500406.7,529213.9,564364.0,475261.2
6821,88379,47.9,9.45835,Baden-Württemberg,BW,Landkreis Ravensburg,8436.0,"(47.9, 9.45835)",263106.0,557181.6,564583.6,399330.9,82857.2,692039.5,196049.2,292021.6,561336.9,542439.6,581326.7,245937.0,503909.0,527107.0,567866.3,473154.3
6822,88400,48.0971,9.80165,Baden-Württemberg,BW,Landkreis Biberach,8426.0,"(48.0971, 9.80165)",223484.5,588620.9,524962.1,359709.4,39260.4,652418.0,187443.1,232105.4,556098.5,537201.1,576088.2,195756.9,498670.5,487485.5,562627.8,433532.8
6823,88410,47.908,9.8969,Baden-Württemberg,BW,Landkreis Ravensburg,8436.0,"(47.908, 9.8969)",256168.4,621304.8,557646.0,392393.3,67204.7,685101.9,236517.0,248300.3,627048.1,608150.7,660188.6,202215.7,521625.2,520169.4,633577.4,466216.7
6824,88416,48.05076666666667,9.964233333333333,Baden-Württemberg,BW,Landkreis Biberach,8426.0,"(48.05076666666667, 9.964233333333333)",224667.0,589803.4,526144.6,360891.8,35703.3,653600.5,309443.9,233679.4,595546.7,576649.3,628687.2,187594.8,516946.2,488668.0,602076.0,434715.3
6825,88422,48.0838,9.607233333333332,Baden-Württemberg,BW,Landkreis Biberach,8426.0,"(48.0838, 9.607233333333332)",236565.5,601701.9,538043.1,372790.4,55872.3,665499.0,171813.0,245186.4,526127.1,507229.7,546116.8,208837.9,468699.2,500566.5,532656.4,446613.8
6826,88427,48.01165,9.6704,Baden-Württemberg,BW,Landkreis Biberach,8426.0,"(48.01165, 9.6704)",236215.8,601352.2,537693.3,372440.6,55966.9,665149.3,213567.5,244836.6,568829.7,549932.4,588819.4,208488.2,511401.8,500216.8,575359.0,446264.1
6827,88430,48.013,10.0303,Baden-Württemberg,BW,Landkreis Biberach,8426.0,"(48.013, 10.0303)",228063.2,593199.6,529540.7,364288.0,39099.4,656996.7,312840.1,225902.6,598942.8,580045.5,632083.4,179818.0,520342.4,492064.2,605472.2,438111.5
6828,88433,48.1702,9.7943,Baden-Württemberg,BW,Landkreis Biberach,8426.0,"(48.1702, 9.7943)",218260.1,583396.5,519737.6,354484.9,35380.4,647193.6,186431.5,226880.9,550874.0,531976.7,570863.7,190532.5,493446.1,482261.1,557403.3,428308.4
6829,88436,47.999300000000005,9.872033333333334,Baden-Württemberg,BW,Landkreis Biberach,8426.0,"(47.999300000000005, 9.872033333333334)",235157.2,600293.6,536634.7,371382.0,46193.4,664090.6,231340.9,244169.5,567703.3,548805.9,587693.0,198084.9,510275.3,499158.2,574232.6,445205.5
6830,88437,48.1333,9.8833,Baden-Württemberg,BW,Landkreis Biberach,8426.0,"(48.1333, 9.8833)",213446.6,578582.9,514924.1,349671.4,28541.0,642380.0,281130.3,222067.4,546060.5,527163.1,566050.2,196010.7,488632.5,477447.5,552589.8,423494.8
6831,88441,48.0833,9.75,Baden-Württemberg,BW,Landkreis Biberach,8426.0,"(48.0833, 9.75)",225252.6,590388.9,526730.1,361477.4,44559.4,654186.0,184869.0,233873.4,557866.5,538969.1,577856.2,197524.9,500438.6,489253.6,564395.8,435300.8
6832,88444,48.0667,9.8333,Baden-Württemberg,BW,Landkreis Biberach,8426.0,"(48.0667, 9.8333)",223703.2,588839.5,525180.7,359928.0,40523.6,652636.6,291386.9,242891.7,556317.1,537419.7,576306.8,196807.1,498889.2,487704.1,562846.4,433751.4
6833,88447,48.1286,9.7975,Baden-Württemberg,BW,Landkreis Biberach,8426.0,"(48.1286, 9.7975)",215903.8,581040.2,517381.4,352128.7,35210.6,644837.3,187453.4,224524.7,548517.8,529620.4,568507.5,188176.2,491089.8,479904.8,555047.1,425952.1
6834,88448,48.1333,9.7,Baden-Württemberg,BW,Landkreis Biberach,8426.0,"(48.1333, 9.7)",226899.6,592036.0,528377.1,363124.4,46206.4,655833.1,177812.0,235520.4,559513.5,540616.2,579503.2,199172.0,502085.6,490900.6,566042.8,436947.9
6835,88450,48.0426,10.0823,Baden-Württemberg,BW,Landkreis Biberach,8426.0,"(48.0426, 10.0823)",221158.3,586294.7,522635.9,357383.2,32194.6,650091.8,305935.2,222746.2,592038.0,573140.6,625178.5,176661.6,513437.5,485159.3,598567.3,431206.6
6836,88451,48.1,10.1167,Baden-Württemberg,BW,Landkreis Biberach,8426.0,"(48.1, 10.1167)",210644.5,575780.9,512122.1,346869.4,21680.8,639578.0,295421.4,228492.7,581524.2,562626.8,614664.7,182408.1,502923.7,474645.5,588053.5,420692.8
6837,88453,48.09,10.073,Baden-Württemberg,BW,Landkreis Biberach,8426.0,"(48.09, 10.073)",213125.9,578262.3,514603.4,349350.7,24162.1,642059.4,297902.8,227079.8,584005.5,565108.2,617146.1,180995.2,505405.1,477126.9,590534.9,423174.2
6838,88454,48.0256,9.7878,Baden-Württemberg,BW,Landkreis Biberach,8426.0,"(48.0256, 9.7878)",227539.8,592676.2,529017.3,363764.6,47290.9,656473.2,221048.8,236160.6,560153.7,541256.4,580143.4,199812.2,502725.8,491540.8,566683.0,437588.1
6839,88456,48.0255,9.742,Baden-Württemberg,BW,Landkreis Biberach,8426.0,"(48.0255, 9.742)",229709.1,594845.5,531186.7,365933.9,49460.3,658642.6,216714.3,238330.0,562323.1,543425.7,582312.8,201981.5,504895.1,493710.1,568852.4,439757.4
6840,88457,48.0833,10.1333,Baden-Württemberg,BW,Landkreis Biberach,8426.0,"(48.0833, 10.1333)",212851.2,577987.5,514328.7,349076.0,23887.4,641784.6,297628.1,224845.6,583730.8,564833.5,616871.3,178761.0,505130.3,476852.1,590260.1,422899.4
6841,88459,48.0,10.0833,Baden-Württemberg,BW,Landkreis Biberach,8426.0,"(48.0, 10.0833)",223193.1,588329.4,524670.6,359417.9,34229.3,652126.5,307970.0,221032.4,594072.7,575175.3,627213.2,174947.8,515472.2,487194.0,600602.0,433241.3
6842,88471,48.2279,9.8787,Baden-Württemberg,BW,Landkreis Biberach,8426.0,"(48.2279, 9.8787)",201454.7,566591.0,502932.2,337679.5,27459.9,630388.1,269138.4,210075.5,534068.6,515171.2,554058.3,173727.0,476640.7,465455.6,540597.9,411502.9
6843,88477,48.1742,9.9754,Baden-Württemberg,BW,Landkreis Biberach,8426.0,"(48.1742, 9.9754)",208457.1,573593.5,509934.6,344681.9,19026.2,637390.6,276389.4,217077.9,579336.7,560439.4,612477.3,180729.5,483891.7,472458.1,585866.1,418505.4
6844,88480,48.2589,9.8975,Baden-Württemberg,BW,Landkreis Biberach,8426.0,"(48.2589, 9.8975)",197622.8,562759.2,499100.4,333847.7,26949.1,626556.3,265306.6,206243.7,530236.8,511339.4,550226.5,169895.2,472808.8,461623.8,536766.1,407671.1
6845,88481,48.1833,10.0833,Baden-Württemberg,BW,Alb-Donau-Kreis,8425.0,"(48.1833, 10.0833)",202086.8,567223.2,503564.3,338311.6,12655.9,631020.2,286863.7,210707.6,572966.4,554069.1,606107.0,174359.1,494365.9,466087.8,579495.7,412135.1
6846,88483,48.2333,9.9333,Baden-Württemberg,BW,Landkreis Biberach,8426.0,"(48.2333, 9.9333)",201414.3,566550.7,502891.8,337639.1,23166.4,630347.8,269098.0,210035.1,534028.2,515130.9,554017.9,173686.7,476600.3,465415.3,540557.5,411462.6
6847,88484,48.1167,9.9833,Baden-Württemberg,BW,Landkreis Biberach,8426.0,"(48.1167, 9.9833)",218743.4,583879.8,520220.9,354968.2,27947.4,647676.9,286290.6,236951.0,589623.0,570725.7,622763.6,190866.4,493792.8,482744.4,596152.4,428791.7
6848,88486,48.1333,10.0833,Baden-Württemberg,BW,Landkreis Biberach,8426.0,"(48.1333, 10.0833)",209527.9,574664.3,511005.4,345752.7,20564.1,638461.3,294304.8,218148.7,580407.5,561510.2,613548.1,181800.3,501807.0,473528.9,586936.9,419576.2
6849,88487,48.1833,9.9,Baden-Württemberg,BW,Landkreis Biberach,8426.0,"(48.1833, 9.9)",207715.4,572851.8,509192.9,343940.2,25758.3,636648.9,275399.1,216336.2,540329.3,521432.0,560319.0,179987.8,482901.4,471716.4,546858.7,417763.7
6850,88489,48.189,10.0209,Baden-Württemberg,BW,Landkreis Biberach,8426.0,"(48.189, 10.0209)",204414.8,569551.2,505892.3,340639.6,14983.9,633348.3,289191.7,213035.6,575294.4,556397.1,608435.0,176687.2,496694.0,468415.8,581823.8,414463.1
6851,88499,48.1779,9.480266666666669,Baden-Württemberg,BW,Alb-Donau-Kreis,8425.0,"(48.1779, 9.480266666666669)",233570.2,505199.8,535047.7,317065.2,67947.7,662503.6,159962.7,242191.0,509355.2,490457.9,529345.0,205842.6,451927.3,497571.2,515884.6,443618.5
6852,88512,48.0495,9.3301,Baden-Württemberg,BW,Landkreis Sigmaringen,8437.0,"(48.0495, 9.3301)",253057.7,518831.3,554535.3,330696.7,81086.8,681991.2,175845.3,261678.6,522986.7,504089.4,542976.5,225330.1,465558.8,517058.7,529516.1,463106.0
6853,88515,48.1485,9.3776,Baden-Württemberg,BW,Landkreis Biberach,8426.0,"(48.1485, 9.3776)",243290.1,505343.8,544767.7,317209.1,73452.9,672223.6,148630.2,251911.0,509499.2,490601.8,529488.9,215562.5,452071.2,507291.1,516028.5,453338.4
6854,88518,48.0667,9.4333,Baden-Württemberg,BW,Landkreis Sigmaringen,8437.0,"(48.0667, 9.4333)",245455.5,520746.1,546933.0,332611.4,73484.5,674388.9,185702.3,254076.3,524901.5,506004.2,544891.2,217727.8,467473.6,509456.5,531430.8,455503.7
6855,88521,48.1,9.4667,Baden-Württemberg,BW,Landkreis Biberach,8426.0,"(48.1, 9.4667)",248252.5,515763.7,549730.1,327629.0,67559.3,677186.0,159849.4,256873.4,519919.1,501021.8,539908.8,220524.9,462491.2,512253.5,526448.5,458300.8
6856,88524,48.15,9.6167,Baden-Württemberg,BW,Landkreis Biberach,8426.0,"(48.15, 9.6167)",232192.0,597328.4,533669.5,368416.8,54724.5,661125.4,169854.1,240812.8,523043.7,504146.4,543033.5,204464.4,465615.8,496193.0,529573.1,442240.3
6857,88525,48.1167,9.5333,Baden-Württemberg,BW,Landkreis Biberach,8426.0,"(48.1167, 9.5333)",242717.3,514826.2,544194.8,326691.5,62024.1,671650.8,164667.5,251338.2,518981.6,500084.2,538971.3,214989.7,461553.6,506718.3,525510.9,452765.6
6858,88527,48.1673,9.5222,Baden-Württemberg,BW,Landkreis Biberach,8426.0,"(48.1673, 9.5222)",231810.1,507964.5,533287.6,319829.8,62993.6,660743.5,161434.0,240430.9,512119.9,493222.6,532109.6,204082.4,454692.0,495811.1,518649.3,441858.3
6859,88529,48.234,9.4623,Baden-Württemberg,BW,Reutlingen,8415.0,"(48.234, 9.4623)",231431.2,496995.5,532908.8,308860.8,66948.5,660364.7,156871.9,240052.1,501150.9,482253.5,521140.6,203703.6,443723.0,495432.2,507680.2,441479.5
6860,88605,47.96915,9.11155,Baden-Württemberg,BW,Landkreis Sigmaringen,8437.0,"(47.96915, 9.11155)",275850.2,555741.6,577327.7,367606.9,103879.2,704783.6,159930.0,284471.0,559897.0,540999.7,579886.7,248122.5,502469.1,539851.1,566426.4,485898.4
6861,88630,47.9261,9.2578,Baden-Württemberg,BW,Landkreis Sigmaringen,8437.0,"(47.9261, 9.2578)",273198.7,545881.5,574676.2,357746.8,92949.8,702132.1,172215.3,281819.5,550036.9,531139.5,570026.6,245471.0,492608.9,537199.6,556566.2,483246.9
6862,88631,48.05,8.9667,Baden-Württemberg,BW,Landkreis Sigmaringen,8437.0,"(48.05, 8.9667)",276552.5,520711.0,612209.7,332576.3,119390.4,739665.6,124765.8,299982.2,524866.4,505969.1,544856.1,263633.7,467438.5,523320.6,531395.8,469367.9
6863,88633,47.8209,9.3128,Baden-Württemberg,BW,Bodenseekreis,8435.0,"(47.8209, 9.3128)",280887.1,585917.6,582364.7,397782.9,100638.3,709820.6,177327.0,310490.4,590073.0,571175.7,610062.7,264405.8,532645.1,544888.1,596602.3,490935.4
6864,88634,47.85,9.2,Baden-Württemberg,BW,Landkreis Sigmaringen,8437.0,"(47.85, 9.2)",285143.7,580477.1,586621.2,392342.4,104894.8,714077.1,171886.4,293764.5,584632.5,565735.1,604622.2,257416.0,527204.5,549144.6,591161.8,495191.9
6865,88636,47.8623,9.3724,Baden-Württemberg,BW,Landkreis Sigmaringen,8437.0,"(47.8623, 9.3724)",272826.3,595616.6,574303.8,407481.9,92577.4,701759.7,187026.0,303242.2,599772.0,580874.7,619761.7,257157.6,542344.1,536827.2,606301.3,482874.5
6866,88637,48.0265,8.99955,Baden-Württemberg,BW,Landkreis Tuttlingen,8327.0,"(48.0265, 8.99955)",303841.8,548000.3,587579.6,359865.7,114131.1,715035.5,152188.7,294722.9,552155.7,533258.4,572145.5,258374.5,494727.8,550609.9,558685.1,496657.2
6867,88639,47.9333,9.1667,Baden-Württemberg,BW,Landkreis Sigmaringen,8437.0,"(47.9333, 9.1667)",282753.6,562355.2,584231.1,374220.5,102504.7,711687.1,168529.9,291374.4,566510.6,547613.3,586500.3,255026.0,509082.7,546754.6,573040.0,492801.9
6868,88662,47.7698,9.1714,Baden-Württemberg,BW,Bodenseekreis,8435.0,"(47.7698, 9.1714)",328938.4,573096.9,592639.0,384962.2,147026.9,720094.9,164506.3,328122.6,577252.3,558355.0,597242.0,282038.0,519824.4,575706.5,583781.6,521753.8
6869,88677,47.7192,9.3903,Baden-Württemberg,BW,Bodenseekreis,8435.0,"(47.7192, 9.3903)",282293.7,594170.7,583771.2,406036.0,125851.5,711227.2,185580.1,306947.1,598326.1,579428.8,618315.8,260862.5,540898.2,546294.7,604855.4,492342.0
6870,88682,47.7626,9.2903,Baden-Württemberg,BW,Bodenseekreis,8435.0,"(47.7626, 9.2903)",293957.2,582926.4,595434.7,394791.7,135907.9,722890.6,174335.7,317003.5,587081.8,568184.4,607071.5,270918.9,529653.8,557958.1,593611.1,504005.4
6871,88690,47.7333,9.25,Baden-Württemberg,BW,Bodenseekreis,8435.0,"(47.7333, 9.25)",328676.0,579364.2,630153.6,391229.5,139712.3,757609.5,170773.6,320807.9,583519.6,564622.2,603509.3,274723.3,526091.7,592677.0,590048.9,538724.3
6872,88693,47.8,9.4,Baden-Württemberg,BW,Bodenseekreis,8435.0,"(47.8, 9.4)",276421.7,593200.4,577899.3,405065.7,96172.9,705355.2,184609.8,303017.9,597355.8,578458.5,617345.5,256933.3,539927.9,540422.7,603885.1,486470.0
6873,88696,47.8097,9.1717,Baden-Württemberg,BW,Bodenseekreis,8435.0,"(47.8097, 9.1717)",330556.4,574715.0,594876.5,386580.3,113150.1,722332.4,166124.4,331456.1,578870.4,559973.0,598860.1,285371.4,521442.5,577324.6,585399.7,523371.9
6874,88697,47.7333,9.35,Baden-Württemberg,BW,Bodenseekreis,8435.0,"(47.7333, 9.35)",286385.3,588465.1,587862.8,400330.4,129922.0,715318.7,179874.5,311017.6,592620.5,573723.2,612610.2,264933.0,535192.6,550386.3,599149.9,496433.6
6875,88699,47.8144,9.2735,Baden-Württemberg,BW,Bodenseekreis,8435.0,"(47.8144, 9.2735)",283431.8,580102.7,584909.3,391968.0,103182.9,712365.2,171512.1,313039.8,584258.1,565360.8,604247.8,266955.2,526830.2,547432.8,590787.5,493480.0
6876,88709,47.68045,9.2939,Baden-Württemberg,BW,Bodenseekreis,8435.0,"(47.68045, 9.2939)",320680.2,586823.0,622157.7,398688.3,131716.5,749613.7,178232.3,312812.1,590978.4,572081.0,610968.1,266727.5,533550.4,584681.2,597507.7,530728.5
6877,88718,47.7126,9.2678,Baden-Württemberg,BW,Bodenseekreis,8435.0,"(47.7126, 9.2678)",325073.4,583588.6,626550.9,395453.9,136109.6,754006.9,174998.0,317205.3,587744.0,568846.7,607733.7,271120.6,530316.1,589074.4,594273.4,535121.7
