,zipcode,lat,long,state,state_code,community_name,community_code,coor,AKB Kitzingen,AKB Dortmund,AKB Zörbig,AKB Schöneck,AKB Buch,Mosolf Etzin,Mosolf Kippenheim,BLG Kelheim,BLG Duisburg,BLG Neuss,Carservice Erkens,ARS Altmann Wolnzach,CAT Zülpich,Autohaus Siebrecht,Neu: FleetParQ Essen ,Neu: FleetParQ Kassel
5002,71732,48.9199,9.1156,Baden-Württemberg,BW,Ludwigsburg,8118.0,"(48.9199, 9.1156)",144686.6,406952.6,480343.9,218817.9,157347.8,607799.8,171088.9,292871.0,411108.0,392210.6,430846.6,283510.1,353428.9,391454.8,417637.3,337502.1
5003,71735,48.8794,8.965,Baden-Württemberg,BW,Ludwigsburg,8118.0,"(48.8794, 8.965)",161364.4,388870.1,497021.7,200735.4,154282.1,624477.6,144473.5,309548.8,393025.5,374128.2,413015.2,258574.0,335597.6,408132.6,399554.8,354179.9
5004,71737,48.943,9.3408,Baden-Württemberg,BW,Rems-Murr-Kreis,8119.0,"(48.943, 9.3408)",143105.8,405371.7,478763.0,217237.0,155582.1,606219.0,186288.0,291290.2,409527.1,390629.8,429265.7,281929.3,351848.1,389873.9,416056.5,335921.2
5005,71739,48.9265,9.027,Baden-Württemberg,BW,Ludwigsburg,8118.0,"(48.9265, 9.027)",161194.5,388884.5,496851.7,200749.8,162516.6,624307.6,148443.3,309378.9,393039.9,374142.5,413029.6,266808.5,335612.0,407962.6,399569.2,354009.9
5006,72070,48.5241,9.0177,Baden-Württemberg,BW,Tübingen,8416.0,"(48.5241, 9.0177)",203719.2,447877.7,539376.4,259743.0,146200.4,666832.3,135502.2,286840.8,452033.1,433135.8,472022.8,250492.3,394605.2,450487.3,458562.5,396534.6
5007,72072,48.5166,9.0581,Baden-Württemberg,BW,Tübingen,8416.0,"(48.5166, 9.0581)",209888.5,459346.2,545545.7,271211.5,144338.5,673001.6,138091.2,284978.9,463501.6,444604.3,483491.3,248630.4,406073.7,456656.6,470031.0,402703.9
5008,72074,48.5311,9.0705,Baden-Württemberg,BW,Tübingen,8416.0,"(48.5311, 9.0705)",200371.4,444197.4,536028.6,256062.7,142603.1,663484.6,183422.6,283243.5,448352.8,429455.4,468342.5,246895.1,390924.8,447139.5,454882.1,393186.8
5009,72076,48.5369,9.0536,Baden-Württemberg,BW,Tübingen,8416.0,"(48.5369, 9.0536)",203167.1,446993.0,538824.3,258858.3,145398.8,666280.2,141605.4,286039.2,451148.4,432251.1,471138.1,249690.7,393720.5,449935.2,457677.8,395982.5
5010,72108,48.4796,8.95,Baden-Württemberg,BW,Tübingen,8416.0,"(48.4796, 8.95)",210989.5,455148.0,546646.7,267013.3,152627.1,674102.6,128296.6,293267.5,459303.4,440406.1,479293.1,256919.0,401875.5,457757.6,465832.7,403804.9
5011,72116,48.4057,9.0542,Baden-Württemberg,BW,Tübingen,8416.0,"(48.4057, 9.0542)",221500.1,470957.9,557157.3,282823.2,135296.7,684613.3,127145.3,275937.1,475113.3,456215.9,495103.0,239588.6,417685.3,468268.2,481642.6,414315.5
5012,72119,48.5534,8.9722,Baden-Württemberg,BW,Tübingen,8416.0,"(48.5534, 8.9722)",197700.1,441858.6,533357.3,253723.9,157501.7,660813.2,136211.8,298142.1,446014.0,427116.7,466003.7,261793.6,388586.1,444468.2,452543.4,390515.5
5013,72124,48.5593,9.2075,Baden-Württemberg,BW,Reutlingen,8415.0,"(48.5593, 9.2075)",199400.1,448857.8,535057.3,260723.2,123783.9,662513.2,188083.1,264424.3,453013.2,434115.9,473003.0,228075.9,395585.3,446168.2,459542.6,392215.5
5014,72127,48.5229,9.1198,Baden-Württemberg,BW,Tübingen,8416.0,"(48.5229, 9.1198)",204235.0,453692.7,539892.2,265558.0,138684.9,667348.1,192917.9,279325.3,457848.1,438950.8,477837.8,242976.9,400420.2,451003.1,464377.4,397050.4
5015,72131,48.4167,9.0333,Baden-Württemberg,BW,Tübingen,8416.0,"(48.4167, 9.0333)",219207.4,468665.1,554864.6,280530.4,153657.4,682320.5,126167.7,294297.8,472820.5,453923.2,492810.2,257949.3,415392.6,465975.5,479349.8,412022.8
5016,72135,48.6076,9.1004,Baden-Württemberg,BW,Tübingen,8416.0,"(48.6076, 9.1004)",194203.3,438029.3,529860.5,249894.6,137807.3,657316.5,177254.5,278447.7,442184.7,423287.3,462174.4,242099.2,384756.7,440971.4,448714.0,387018.7
5017,72138,48.5331,9.1473,Baden-Württemberg,BW,Tübingen,8416.0,"(48.5331, 9.1473)",203521.6,452979.4,539178.8,264844.7,137971.6,666634.8,192204.6,278612.0,457134.8,438237.4,477124.5,242263.5,399706.8,450289.7,463664.1,396337.0
5018,72141,48.587,9.1814,Baden-Württemberg,BW,Reutlingen,8415.0,"(48.587, 9.1814)",196561.6,446019.3,532218.8,257884.6,131011.6,659674.7,185244.6,271652.0,450174.7,431277.4,470164.5,235303.5,392746.8,443329.7,456704.1,389377.0
5019,72144,48.4536,9.0555,Baden-Württemberg,BW,Tübingen,8416.0,"(48.4536, 9.0555)",214562.9,464020.6,550220.1,275886.0,149012.9,677676.0,144183.0,289653.3,468176.0,449278.7,488165.8,253304.8,410748.1,461331.0,474705.4,407378.3
5020,72145,48.4125,8.8874,Baden-Württemberg,BW,Tübingen,8416.0,"(48.4125, 8.8874)",221415.6,465574.2,557072.9,277439.5,161622.2,684528.8,124337.7,302262.6,469729.6,450832.2,489719.3,265914.1,412301.6,468183.8,476258.9,414231.0
5021,72147,48.431,9.0699,Baden-Württemberg,BW,Tübingen,8416.0,"(48.431, 9.0699)",217664.4,467122.2,553321.7,278987.5,132154.1,680777.6,129777.9,272794.5,471277.6,452380.2,491267.3,236446.0,413849.6,464432.6,477806.9,410479.8
5022,72149,48.4833,8.8833,Baden-Württemberg,BW,Tübingen,8416.0,"(48.4833, 8.8833)",210611.7,454770.3,546269.0,266635.6,170413.3,673724.9,127918.8,311053.7,458925.7,440028.3,478915.4,274705.2,401497.7,457379.9,465455.0,403427.1
5023,72160,48.4889,8.6734,Baden-Württemberg,BW,Freudenstadt,8237.0,"(48.4889, 8.6734)",217026.1,461184.6,552683.3,273050.0,176827.7,680139.3,107276.8,317468.1,465340.0,446442.7,485329.8,281119.6,407912.1,463794.2,471869.4,409841.5
5024,72172,48.3624,8.6331,Baden-Württemberg,BW,Rottweil,8325.0,"(48.3624, 8.6331)",228745.3,472903.9,564402.5,284769.2,188546.9,691858.5,84467.8,329187.3,477059.3,458161.9,497049.0,292838.8,419631.3,475513.4,483588.6,421560.7
5025,72175,48.3501,8.509,Baden-Württemberg,BW,Rottweil,8325.0,"(48.3501, 8.509)",242154.3,458003.3,577811.5,269868.7,201955.9,705267.4,71515.4,342596.3,462158.7,443261.4,482148.5,306247.8,404730.8,488922.4,468688.1,434969.7
5026,72178,48.5,8.5667,Baden-Württemberg,BW,Freudenstadt,8237.0,"(48.5, 8.5667)",235016.2,439174.7,570673.4,251040.0,194817.7,698129.3,95024.2,335458.1,443330.1,424432.7,463319.8,299109.7,385902.1,458797.8,449859.4,404845.1
5027,72181,48.4333,8.8167,Baden-Württemberg,BW,Tübingen,8416.0,"(48.4333, 8.8167)",224612.9,468771.4,560270.1,280636.7,184414.5,687726.0,115999.2,325054.9,472926.8,454029.5,492916.5,288706.4,415498.9,471381.0,479456.2,417428.3
5028,72184,48.4833,8.75,Baden-Württemberg,BW,Freudenstadt,8237.0,"(48.4833, 8.75)",210430.2,454588.7,546087.4,266454.0,170231.7,673543.3,109555.4,310872.1,458744.1,439846.8,478733.8,274523.7,401316.2,457198.3,465273.4,403245.6
5029,72186,48.3926,8.7104,Baden-Württemberg,BW,Freudenstadt,8237.0,"(48.3926, 8.7104)",218980.6,463139.1,554637.8,275004.5,178782.2,682093.8,95967.6,319422.6,467294.5,448397.2,487284.3,283074.1,409866.6,465748.7,473823.9,411796.0
5030,72189,48.3345,8.6639,Baden-Württemberg,BW,Rottweil,8325.0,"(48.3345, 8.6639)",227568.4,471727.0,563225.6,283592.3,187370.0,690681.6,85369.3,328010.4,475882.4,456985.0,495872.1,291661.9,418454.4,474336.5,482411.7,420383.8
5031,72202,48.5498,8.7237,Baden-Württemberg,BW,Calw,8235.0,"(48.5498, 8.7237)",205520.9,449679.4,541178.1,261544.7,165322.5,668634.0,109944.1,305962.9,453834.8,434937.5,473824.5,269614.4,396406.9,452289.0,460364.2,398336.3
5032,72213,48.5865,8.604,Baden-Württemberg,BW,Calw,8235.0,"(48.5865, 8.604)",209691.4,425416.9,545348.7,237282.2,177394.3,672804.6,103511.3,318034.7,429572.3,410674.9,449562.0,281686.2,372144.4,445040.0,436101.6,391087.3
5033,72218,48.6234,8.7452,Baden-Württemberg,BW,Calw,8235.0,"(48.6234, 8.7452)",193670.4,422817.2,529327.7,234682.6,161177.8,656783.6,117511.2,301818.2,426972.6,408075.3,446962.4,265469.7,369544.7,442440.4,433502.0,388487.7
5034,72221,48.5207,8.6443,Baden-Württemberg,BW,Calw,8235.0,"(48.5207, 8.6443)",221001.3,438029.8,556658.5,249895.1,180802.8,684114.4,102961.8,321443.2,442185.2,423287.8,462174.9,285094.8,384757.2,467769.4,448714.5,413816.7
5035,72224,48.5833,8.6833,Baden-Württemberg,BW,Calw,8235.0,"(48.5833, 8.6833)",212074.8,428900.9,547732.0,240766.2,171876.4,675187.9,109417.7,312516.8,433056.3,414159.0,453046.1,276168.3,375628.4,448524.1,439585.7,394571.4
5036,72226,48.6167,8.5167,Baden-Württemberg,BW,Calw,8235.0,"(48.6167, 8.5167)",215908.0,417185.6,551565.2,229050.9,183104.7,679021.2,106931.9,323745.1,421341.0,402443.7,441330.7,287396.6,363913.1,436808.7,427870.3,382856.0
5037,72227,48.5667,8.6167,Baden-Württemberg,BW,Calw,8235.0,"(48.5667, 8.6167)",217317.9,427908.9,552975.1,239774.2,177119.5,680431.0,100784.4,317759.9,432064.3,413166.9,452054.0,281411.4,374636.4,447532.0,438593.6,393579.3
5038,72229,48.5667,8.7,Baden-Württemberg,BW,Calw,8235.0,"(48.5667, 8.7)",210923.8,431415.3,546581.0,243280.6,170725.4,674037.0,107092.0,311365.8,435570.7,416673.4,455560.4,275017.3,378142.8,451038.4,442100.0,397085.7
5039,72250,48.467,8.4137,Baden-Württemberg,BW,Freudenstadt,8237.0,"(48.467, 8.4137)",241687.9,439805.1,577345.2,251670.4,201489.5,704801.1,79463.4,342129.9,443960.5,425063.2,463950.2,305781.5,386532.6,459428.2,450489.8,405475.5
5040,72270,48.5032,8.377,Baden-Württemberg,BW,Freudenstadt,8237.0,"(48.5032, 8.377)",247843.8,446391.2,583501.1,258256.5,207645.4,710957.0,84469.7,348285.8,450546.6,431649.2,470536.3,311937.3,393118.6,466014.3,457075.9,412061.6
5041,72275,48.3451,8.402,Baden-Württemberg,BW,Freudenstadt,8237.0,"(48.3451, 8.402)",252876.9,456165.4,588534.2,268030.7,212678.5,715990.1,60648.4,353318.9,460320.8,441423.5,480310.6,316970.4,402892.9,475788.6,466850.2,421835.9
5042,72280,48.472,8.4982,Baden-Württemberg,BW,Freudenstadt,8237.0,"(48.472, 8.4982)",233793.7,442326.0,569450.9,254191.3,193595.3,696906.9,87026.6,334235.7,446481.4,427584.1,466471.1,297887.2,389053.5,461949.1,453010.7,407996.4
5043,72285,48.5265,8.5658,Baden-Württemberg,BW,Freudenstadt,8237.0,"(48.5265, 8.5658)",221443.0,433469.0,557100.2,245334.3,181244.6,684556.1,94239.0,321885.0,437624.4,418727.0,457614.1,285536.5,380196.4,453092.1,444153.7,399139.4
5044,72290,48.4,8.45,Baden-Württemberg,BW,Freudenstadt,8237.0,"(48.4, 8.45)",252297.5,448283.9,587954.7,260149.2,212099.1,715410.6,68922.2,352739.5,452439.3,433542.0,472429.0,316391.0,395011.4,467907.0,458968.6,413954.3
5045,72293,48.4425,8.5112,Baden-Württemberg,BW,Freudenstadt,8237.0,"(48.4425, 8.5112)",233326.5,447634.1,568983.8,259499.4,193128.1,696439.7,87402.6,333768.5,451789.5,432892.2,471779.2,297420.0,394361.6,467257.3,458318.9,413304.6
5046,72294,48.5729,8.5454,Baden-Württemberg,BW,Freudenstadt,8237.0,"(48.5729, 8.5454)",216712.6,429803.7,552369.8,241669.0,184415.4,679825.7,99318.6,325055.8,433959.1,415061.8,453948.8,288707.4,376531.2,449426.8,440488.4,395474.1
5047,72296,48.4548,8.5513,Baden-Württemberg,BW,Freudenstadt,8237.0,"(48.4548, 8.5513)",229286.0,443823.2,564943.2,255688.5,189087.6,692399.2,91753.9,329728.0,447978.6,429081.2,467968.3,293379.5,390550.6,476054.1,454507.9,422101.4
5048,72297,48.5919,8.4178,Baden-Württemberg,BW,Freudenstadt,8237.0,"(48.5919, 8.4178)",222302.2,423579.8,557959.4,235445.1,193447.8,685415.4,94619.2,334088.2,427735.2,408837.9,447724.9,297739.7,370307.3,443203.0,434264.6,389250.2
5049,72299,48.5667,8.5667,Baden-Württemberg,BW,Freudenstadt,8237.0,"(48.5667, 8.5667)",225798.8,430223.0,561456.0,242088.3,185600.3,688911.9,100212.0,326240.7,434378.4,415481.0,454368.1,289892.3,376950.4,449846.1,440907.7,395893.4
5050,72336,48.2753,8.8546,Baden-Württemberg,BW,Zollernalbkreis,8417.0,"(48.2753, 8.8546)",239066.7,483225.3,574724.0,295090.6,123945.1,702179.9,104181.8,316155.0,487380.7,468483.3,507370.4,279806.5,429952.8,485834.9,493910.0,431882.2
5051,72348,48.2864,8.7236,Baden-Württemberg,BW,Zollernalbkreis,8417.0,"(48.2864, 8.7236)",238878.7,483037.2,574535.9,294902.5,198680.2,701991.8,89263.1,339320.6,487192.6,468295.3,507182.3,302972.2,429764.7,485646.8,493721.9,431694.1
5052,72351,48.2877,8.8124,Baden-Württemberg,BW,Zollernalbkreis,8417.0,"(48.2877, 8.8124)",237740.1,481898.6,573397.3,293763.9,129353.3,700853.2,97473.4,319448.1,486054.0,467156.7,506043.7,283099.6,428626.1,484508.2,492583.3,430555.5
5053,72355,48.21,8.7595,Baden-Württemberg,BW,Zollernalbkreis,8417.0,"(48.21, 8.7595)",250371.0,494529.5,586028.2,306394.8,129442.1,713484.1,93027.1,327094.8,498684.9,479787.6,518674.6,290746.4,441257.0,497139.1,505214.2,443186.4
5054,72356,48.242,8.7414,Baden-Württemberg,BW,Zollernalbkreis,8417.0,"(48.242, 8.7414)",246534.0,490692.6,582191.3,302557.9,130870.1,709647.2,97024.1,328522.9,494848.0,475950.6,514837.7,292174.4,437420.0,493302.2,501377.3,439349.4
5055,72358,48.2369,8.7733,Baden-Württemberg,BW,Zollernalbkreis,8417.0,"(48.2369, 8.7733)",249063.4,493221.9,584720.6,305087.2,127776.3,712176.5,97344.8,325429.0,497377.3,478480.0,517367.0,289080.5,439949.4,495831.5,503906.7,441878.8
5056,72359,48.2285,8.7923,Baden-Württemberg,BW,Zollernalbkreis,8417.0,"(48.2285, 8.7923)",246581.1,490739.7,582238.4,302605.0,126016.7,709694.3,96497.5,323669.4,494895.1,475997.7,514884.8,287320.9,437467.2,493349.3,501424.4,439396.6
5057,72361,48.1983,8.8363,Baden-Württemberg,BW,Zollernalbkreis,8417.0,"(48.1983, 8.8363)",254881.4,499040.0,590538.7,310905.3,123921.2,717994.6,100712.8,331969.7,503195.4,484298.0,523185.1,295621.2,445767.5,501649.6,509724.7,447696.9
5058,72362,48.1326,8.8915,Baden-Württemberg,BW,Zollernalbkreis,8417.0,"(48.1326, 8.8915)",260976.2,505134.7,596633.4,317000.0,123781.9,724089.3,113396.6,303854.6,509290.1,490392.8,529279.8,267506.1,451862.2,507744.3,515819.5,453791.6
5059,72364,48.163,8.8611,Baden-Württemberg,BW,Zollernalbkreis,8417.0,"(48.163, 8.8611)",258106.9,502265.5,593764.1,314130.8,124803.8,721220.1,103823.7,304876.5,506420.9,487523.5,526410.6,268528.0,448992.9,504875.0,512950.2,450922.3
5060,72365,48.1937,8.7952,Baden-Württemberg,BW,Zollernalbkreis,8417.0,"(48.1937, 8.7952)",253856.3,498014.9,589513.6,309880.2,133291.8,716969.5,97098.3,330944.6,502170.3,483272.9,522160.0,294596.1,444742.3,500624.5,508699.6,446671.7
5061,72367,48.1898,8.7649,Baden-Württemberg,BW,Zollernalbkreis,8417.0,"(48.1898, 8.7649)",264256.9,508415.4,599914.1,320280.7,132672.2,727370.0,94390.6,330324.9,512570.8,493673.5,532560.5,293976.5,455142.9,511025.0,519100.1,457072.3
5062,72369,48.2205,8.7193,Baden-Württemberg,BW,Zollernalbkreis,8417.0,"(48.2205, 8.7193)",245037.4,489196.0,580694.7,301061.3,132859.6,708150.6,91870.4,330512.3,493351.4,474454.0,513341.1,294163.9,435923.5,491805.6,499880.7,437852.9
5063,72379,48.3515,8.9632,Baden-Württemberg,BW,Zollernalbkreis,8417.0,"(48.3515, 8.9632)",229435.3,478893.1,565092.5,290758.4,117232.7,692548.5,117330.3,304525.7,483048.5,464151.1,503038.2,268177.2,425620.5,476203.4,489577.8,422250.7
5064,72393,48.2911,9.1129,Baden-Württemberg,BW,Zollernalbkreis,8417.0,"(48.2911, 9.1129)",240906.7,490364.4,576563.9,302229.7,102398.8,704019.8,131248.5,274219.7,494519.8,475622.5,514509.5,237871.2,437091.9,487674.8,501049.1,433722.1
5065,72401,48.3661,8.8036,Baden-Württemberg,BW,Zollernalbkreis,8417.0,"(48.3661, 8.8036)",227863.4,472022.0,563520.7,283887.3,187665.0,690976.6,104347.9,328305.4,476177.4,457280.0,496167.1,291956.9,418749.4,474631.6,482706.7,420678.8
5066,72406,48.3101,8.9174,Baden-Württemberg,BW,Zollernalbkreis,8417.0,"(48.3101, 8.9174)",237579.4,481738.0,573236.7,293603.3,170264.8,700692.6,112009.2,310905.2,485893.4,466996.0,505883.1,274556.8,428465.5,484347.6,492422.7,430394.9
5067,72411,48.3889,8.977,Baden-Württemberg,BW,Tübingen,8416.0,"(48.3889, 8.977)",225134.4,474592.2,560791.6,286457.5,159584.4,688247.6,123143.2,300224.8,478747.6,459850.2,498737.3,263876.3,421319.6,471902.5,485276.9,417949.8
5068,72414,48.3817,8.8894,Baden-Württemberg,BW,Zollernalbkreis,8417.0,"(48.3817, 8.8894)",225323.9,469482.5,560981.2,281347.8,168065.2,688437.1,110673.5,308705.6,473637.9,454740.5,493627.6,272357.2,416209.9,472092.1,480167.2,418139.3
5069,72415,48.3323,8.887,Baden-Württemberg,BW,Zollernalbkreis,8417.0,"(48.3323, 8.887)",238564.7,482723.2,574221.9,294588.5,170948.2,701677.8,112994.4,311588.6,486878.6,467981.3,506868.3,275240.1,429450.7,485332.8,493407.9,431380.1
5070,72417,48.3279,9.041,Baden-Württemberg,BW,Zollernalbkreis,8417.0,"(48.3279, 9.041)",233132.0,482589.7,568789.2,294455.0,109418.4,696245.1,123473.8,281239.3,486745.1,467847.8,506734.9,244890.8,429317.2,479900.1,493274.5,425947.4
5071,72419,48.2477,9.1831,Baden-Württemberg,BW,Landkreis Sigmaringen,8437.0,"(48.2477, 9.1831)",248870.9,498328.6,564916.4,310193.9,93623.0,692372.4,131678.4,271801.4,502484.0,483586.7,522473.7,235453.0,445056.1,495639.0,509013.3,441686.3
5072,72458,48.2135,9.0263,Baden-Württemberg,BW,Zollernalbkreis,8417.0,"(48.2135, 9.0263)",258479.6,502638.1,594136.8,314503.4,107966.5,721592.7,117283.7,286144.9,506793.5,487896.2,526783.2,249796.4,449365.6,505247.7,513322.8,451295.0
5073,72459,48.2167,9.0167,Baden-Württemberg,BW,Zollernalbkreis,8417.0,"(48.2167, 9.0167)",258528.1,502686.6,594185.3,314551.9,109060.1,721641.2,117332.2,287238.5,506842.0,487944.7,526831.7,250890.0,449414.1,505296.2,513371.3,451343.5
5074,72461,48.251,9.0182,Baden-Württemberg,BW,Zollernalbkreis,8417.0,"(48.251, 9.0182)",245401.2,494435.8,581058.4,306301.2,109450.3,708514.4,118161.1,285680.4,498591.2,479693.9,518581.0,249331.9,441163.3,492169.3,505120.6,438216.6
5075,72469,48.1832,8.9657,Baden-Württemberg,BW,Zollernalbkreis,8417.0,"(48.1832, 8.9657)",256703.2,500861.7,592360.4,312727.0,114234.5,719816.3,115507.3,294307.1,505017.1,486119.8,525006.9,257958.6,447589.2,503471.3,511546.5,449518.6
5076,72474,48.1833,9.1167,Baden-Württemberg,BW,Zollernalbkreis,8417.0,"(48.1833, 9.1167)",265858.1,510016.7,568377.9,321882.0,97315.7,695833.8,124662.3,275521.2,514172.1,495274.7,534161.8,239172.7,456744.1,512626.3,520701.4,458673.5
5077,72475,48.244,9.0914,Baden-Württemberg,BW,Zollernalbkreis,8417.0,"(48.244, 9.0914)",245848.3,495306.0,581505.5,307171.3,101402.5,708961.4,124523.6,279580.9,499461.4,480564.1,519451.1,243232.4,442033.5,492616.4,505990.8,438663.7
5078,72477,48.1,9.0,Baden-Württemberg,BW,Landkreis Sigmaringen,8437.0,"(48.1, 9.0)",268743.3,512901.9,604400.5,324767.2,115263.1,731856.5,120794.8,293468.6,517057.3,498159.9,537047.0,257120.1,459629.3,515511.4,523586.6,461558.7
5079,72479,48.178,9.0906,Baden-Württemberg,BW,Zollernalbkreis,8417.0,"(48.178, 9.0906)",264418.3,508576.8,600075.5,320442.1,102777.8,727531.4,123222.4,280983.3,512732.2,493834.9,532722.0,244634.8,455304.3,511186.4,519261.6,457233.7
5080,72488,48.0883,9.2303,Baden-Württemberg,BW,Landkreis Sigmaringen,8437.0,"(48.0883, 9.2303)",263891.5,525864.3,565369.0,337729.6,91920.5,692824.9,140509.9,272512.3,530019.7,511122.4,550009.4,236163.8,472591.8,527892.4,536549.0,473939.7
5081,72501,48.2524,9.2235,Baden-Württemberg,BW,Landkreis Sigmaringen,8437.0,"(48.2524, 9.2235)",241685.3,491143.0,561996.3,303008.3,90702.9,689452.2,136250.3,268881.2,495298.4,476401.1,515288.1,232532.8,437870.5,488453.4,501827.7,434500.7
5082,72505,48.0165,9.2476,Baden-Württemberg,BW,Landkreis Sigmaringen,8437.0,"(48.0165, 9.2476)",261625.6,533196.2,563103.1,345061.5,89654.6,690559.0,168393.2,270246.4,537351.6,518454.2,557341.3,233898.0,479923.7,525626.6,543880.9,471673.9
5083,72510,48.1167,9.0833,Baden-Württemberg,BW,Landkreis Sigmaringen,8437.0,"(48.1167, 9.0833)",273809.2,517967.8,579370.9,329833.1,108308.7,706826.8,132613.4,286514.2,522123.2,503225.8,542112.9,250165.7,464695.2,520577.3,528652.5,466624.6
