,zipcode,lat,long,state,state_code,community_name,community_code,coor,AKB Kitzingen,AKB Dortmund,AKB Zörbig,AKB Schöneck,AKB Buch,Mosolf Etzin,Mosolf Kippenheim,BLG Kelheim,BLG Duisburg,BLG Neuss,Carservice Erkens,ARS Altmann Wolnzach,CAT Zülpich,Autohaus Siebrecht,Neu: FleetParQ Essen ,Neu: FleetParQ Kassel
246,04758,51.33886666666666,13.133966666666666,Sachsen,SN,Landkreis Nordsachsen,14730.0,"(51.33886666666666, 13.133966666666666)",371880.8,474931.5,114242.9,447905.1,509322.8,241698.8,641935.5,357933.9,554012.6,542884.6,580986.7,403931.9,589473.1,313094.1,511583.3,308864.7
247,04769,51.23853333333333,13.056833333333335,Sachsen,SN,Landkreis Nordsachsen,14730.0,"(51.23853333333333, 13.056833333333335)",360534.1,463491.5,102802.8,436465.0,497976.1,230258.8,630588.8,346587.1,542572.6,531444.5,569546.7,392585.2,578033.1,301654.1,500143.3,297424.7
248,04774,51.3649,12.9988,Sachsen,SN,Landkreis Nordsachsen,14730.0,"(51.3649, 12.9988)",387013.1,462684.8,101996.1,435658.3,524455.1,229452.0,657067.8,364247.2,541765.8,530637.8,568739.9,423663.7,577226.4,300847.3,499336.5,296618.0
249,04779,51.2833,12.95,Sachsen,SN,Landkreis Nordsachsen,14730.0,"(51.2833, 12.95)",379902.7,455574.4,94885.7,428547.9,517344.7,222341.6,649957.4,364485.5,534655.5,523527.4,561629.5,416553.3,570116.0,293736.9,492226.1,289507.6
250,04808,51.39206,12.79784,Sachsen,SN,Landkreis Leipzig,14729.0,"(51.39206, 12.79784)",379310.6,454982.3,79415.2,427955.8,516752.6,206871.1,649365.3,383194.5,534063.4,522935.3,561037.4,415961.2,569523.9,293144.8,491634.0,288915.5
251,04821,51.336,12.6102,Sachsen,SN,Landkreis Leipzig,14729.0,"(51.336, 12.6102)",356359.4,432031.1,65981.5,405004.6,493801.4,193437.5,626414.1,360243.3,511112.2,499984.1,538086.2,393010.0,546572.7,270193.6,468682.8,265964.3
252,04824,51.3231,12.5622,Sachsen,SN,Landkreis Leipzig,14729.0,"(51.3231, 12.5622)",353283.9,428955.6,63454.0,401929.1,490725.9,190910.0,623338.6,357167.8,508036.7,496908.6,535010.7,389934.5,543497.2,267118.1,465607.3,262888.8
253,04827,51.3667,12.6333,Sachsen,SN,Landkreis Leipzig,14729.0,"(51.3667, 12.6333)",360624.8,436296.4,66132.9,409270.0,498066.8,193588.8,630679.5,364508.6,515377.5,504249.5,542351.6,397275.3,550838.0,274459.0,472948.2,270229.6
254,04828,51.3607,12.7138,Sachsen,SN,Landkreis Leipzig,14729.0,"(51.3607, 12.7138)",365522.7,441194.3,71030.7,414167.8,502964.6,198486.7,635577.3,369406.5,520275.4,509147.3,547249.5,402173.2,555735.9,279356.9,477846.1,275127.5
255,04838,51.49103333333333,12.654133333333334,Sachsen,SN,Landkreis Nordsachsen,14730.0,"(51.49103333333333, 12.654133333333334)",377944.6,456875.7,58876.1,426589.8,515386.6,151120.5,647999.3,381828.4,535956.8,524828.8,562930.9,414595.1,571417.3,295038.3,493527.5,290809.0
256,04849,51.60225,12.66285,Sachsen,SN,Landkreis Nordsachsen,14730.0,"(51.60225, 12.66285)",381910.1,458018.8,46974.9,430555.2,519352.0,145848.3,651964.7,385793.9,537099.9,525971.8,564074.0,418560.6,572560.4,296181.4,494670.6,291952.0
257,04860,51.549800000000005,12.962975,Sachsen,SN,Landkreis Nordsachsen,14730.0,"(51.549800000000005, 12.962975)",395060.1,473991.2,79242.7,443705.2,532502.0,150716.9,665114.7,398943.9,553072.3,541944.3,580046.4,431710.6,588532.8,312153.8,510643.0,307924.4
258,04861,,,,,,,"(nan, nan)",0.0,0.0,0.0,0.0,0.0,0.0,0.0,0.0,0.0,0.0,0.0,0.0,0.0,0.0,0.0,0.0
259,04862,51.5,12.8,Sachsen,SN,Landkreis Nordsachsen,14730.0,"(51.5, 12.8)",384332.3,463263.4,68515.0,432977.4,521774.2,211408.6,654386.9,388216.1,542344.5,531216.5,569318.6,420982.8,577805.0,301426.0,499915.2,297196.6
260,04874,51.4826,13.1238,Sachsen,SN,Landkreis Nordsachsen,14730.0,"(51.4826, 13.1238)",393345.8,480873.4,95705.4,453846.9,530787.8,164772.9,663400.5,379398.8,559954.5,548826.4,586928.6,425396.9,595415.0,319036.0,517525.2,314806.6
261,04880,51.62253333333334,12.8748,Sachsen,SN,Landkreis Nordsachsen,14730.0,"(51.62253333333334, 12.8748)",400700.8,479631.9,57955.5,449346.0,538142.8,140510.1,670755.5,404584.6,558713.0,547585.0,585687.1,437351.3,594173.5,317794.5,516283.7,313565.1
262,04886,51.5666,13.0704,Sachsen,SN,Landkreis Nordsachsen,14730.0,"(51.5666, 13.0704)",405708.1,484639.3,89890.8,454353.3,543150.1,147982.6,675762.8,409592.0,563720.4,552592.3,590694.4,442358.7,599180.9,322801.8,521291.0,318572.5
263,04889,51.4572,12.9302,Sachsen,SN,Landkreis Nordsachsen,14730.0,"(51.4572, 12.9302)",392112.1,467783.8,78784.9,440757.3,529554.1,163887.2,662166.8,395996.0,546864.9,535736.8,573839.0,428762.7,582325.4,305946.4,504435.5,301717.0
264,04895,51.5875,13.2364,Brandenburg,BB,Landkreis Elbe-Elster,12062.0,"(51.5875, 13.2364)",418113.1,497044.3,102295.8,466758.3,555555.1,140857.5,688167.8,397458.4,576125.4,564997.3,603099.5,454763.7,611585.9,335206.9,533696.1,330977.5
265,04910,51.46985,13.49395,Brandenburg,BB,Landkreis Elbe-Elster,12062.0,"(51.46985, 13.49395)",406164.2,520452.3,123485.0,493425.8,543606.2,159905.7,676218.9,392217.2,599533.4,588405.3,626507.5,438215.3,634993.9,358614.9,557104.1,354385.5
266,04916,51.78148333333333,13.246683333333332,Brandenburg,BB,Landkreis Elbe-Elster,12062.0,"(51.78148333333333, 13.246683333333332)",436454.2,522075.0,106093.9,485099.4,573896.2,121104.6,706508.9,426613.5,585661.2,592931.5,612635.3,473104.8,639520.0,353547.9,552715.4,349318.6
267,04924,51.5175,13.36395,Brandenburg,BB,Landkreis Elbe-Elster,12062.0,"(51.5175, 13.36395)",403218.6,505755.3,111006.8,475469.3,540660.5,153437.9,673273.2,389271.6,584836.4,573708.3,611810.4,435269.6,620296.9,343917.8,542407.0,339688.5
268,04928,51.460875,13.61655,Brandenburg,BB,Landkreis Elbe-Elster,12062.0,"(51.460875, 13.61655)",425009.8,527921.9,132798.2,512264.0,562451.7,213029.3,695064.4,411062.8,607003.0,595875.0,633977.1,457060.8,642463.5,366084.5,564573.7,361855.1
269,04931,51.4333,13.2167,Brandenburg,BB,Landkreis Elbe-Elster,12062.0,"(51.4333, 13.2167)",390260.7,485789.9,106907.6,458763.4,527702.7,161697.4,660315.4,376313.7,564871.0,553742.9,591845.0,422311.8,600331.5,323952.4,522441.6,319723.1
270,04932,51.4142875,13.5416625,Brandenburg,BB,Landkreis Elbe-Elster,12062.0,"(51.4142875, 13.5416625)",399423.0,518816.8,158128.2,486677.2,536865.0,224909.5,669477.7,385476.0,597897.9,586769.9,624872.0,431474.1,633358.4,356979.4,555468.6,352750.0
271,04934,51.49265,13.544,Brandenburg,BB,Landkreis Elbe-Elster,12062.0,"(51.49265, 13.544)",431936.9,526282.2,129154.4,519191.1,569378.9,219956.4,701991.6,417989.9,605363.3,594235.2,632337.4,463988.0,640823.8,364444.8,562934.0,360215.4
272,04936,51.73744375,13.41295,Brandenburg,BB,Landkreis Elbe-Elster,12062.0,"(51.73744375, 13.41295)",440120.9,519052.1,124303.6,488766.1,577562.9,172878.9,710175.6,420903.0,637435.6,587005.1,664409.7,476771.5,633593.7,357214.6,604489.7,352985.3
273,04938,51.5167,13.3333,Brandenburg,BB,Landkreis Elbe-Elster,12062.0,"(51.5167, 13.3333)",403041.1,504847.8,110099.3,474561.8,540483.1,152530.4,673095.8,389094.1,583928.8,572800.8,610902.9,435092.2,619389.4,343010.3,541499.5,338781.0
274,06108,51.483,11.972,Sachsen-Anhalt,ST,Kreisfreie Stadt Halle,15002.0,"(51.483, 11.972)",317440.5,374626.2,26404.7,376847.2,486599.6,163129.2,602730.2,353041.5,453707.3,442579.2,480681.4,385808.2,489167.8,212788.8,411278.0,208559.4
275,06110,51.4701,11.9675,Sachsen-Anhalt,ST,Kreisfreie Stadt Halle,15002.0,"(51.4701, 11.9675)",317459.7,374645.5,27972.5,376866.5,486618.9,164697.0,602749.4,353060.8,453726.6,442598.5,480700.6,385827.5,489187.1,212808.0,411297.2,208578.7
276,06112,51.4753,11.9973,Sachsen-Anhalt,ST,Kreisfreie Stadt Halle,15002.0,"(51.4753, 11.9973)",318748.9,375934.6,24803.8,378155.6,487560.2,161528.3,604038.5,354002.1,455015.7,443887.6,481989.8,386768.8,490476.2,214097.2,412586.4,209867.8
277,06114,51.5034,11.9622,Sachsen-Anhalt,ST,Kreisfreie Stadt Halle,15002.0,"(51.5034, 11.9622)",319712.1,376897.8,25354.6,379118.8,491463.0,162079.1,605001.8,357904.9,455978.9,444850.8,482953.0,390671.6,491439.4,215060.4,413549.6,210831.0
278,06116,51.4862,12.0283,Sachsen-Anhalt,ST,Kreisfreie Stadt Halle,15002.0,"(51.4862, 12.0283)",320951.8,378137.5,25373.0,380358.5,485733.7,162097.5,606241.5,352175.6,457218.6,446090.6,484192.7,384942.3,492679.1,216300.1,414789.3,212070.7
279,06118,51.5175,11.971,Sachsen-Anhalt,ST,Kreisfreie Stadt Halle,15002.0,"(51.5175, 11.971)",321517.2,378702.9,21127.2,380923.9,493079.0,163695.1,606806.9,359520.9,457784.0,446656.0,484758.1,392287.6,493244.5,216865.5,415354.7,212636.1
280,06120,51.5082,11.8838,Sachsen-Anhalt,ST,Kreisfreie Stadt Halle,15002.0,"(51.5082, 11.8838)",316035.6,373221.4,31726.9,375442.4,485194.8,168451.4,601325.3,351636.7,452302.5,441174.4,479276.5,384403.4,487763.0,211383.9,409873.1,207154.6
281,06122,51.4804,11.9215,Sachsen-Anhalt,ST,Kreisfreie Stadt Halle,15002.0,"(51.4804, 11.9215)",312822.1,370007.9,30649.5,372228.9,481981.3,167374.0,598111.8,348423.2,449089.0,437960.9,476063.0,381189.9,484549.5,208170.4,406659.6,203941.1
282,06124,51.4796,11.937,Sachsen-Anhalt,ST,Kreisfreie Stadt Halle,15002.0,"(51.4796, 11.937)",314698.3,371884.0,29833.4,374105.0,483857.4,166557.9,599987.9,350299.3,450965.1,439837.0,477939.2,383066.0,486425.6,210046.6,408535.8,205817.2
283,06126,51.5,12.0,Sachsen-Anhalt,ST,Kreisfreie Stadt Halle,15002.0,"(51.5, 12.0)",321130.9,378316.6,25611.4,380537.6,491719.8,162335.9,606420.6,358161.6,457397.7,446269.7,484371.8,390928.3,492858.2,216479.2,414968.4,212249.8
284,06128,51.4507,11.9493,Sachsen-Anhalt,ST,Kreisfreie Stadt Halle,15002.0,"(51.4507, 11.9493)",314523.0,371708.7,31446.6,373929.7,479467.1,168171.1,599812.6,345909.0,450789.8,439661.7,477763.9,378675.7,486250.3,209871.3,408360.5,205641.9
285,06130,51.441,11.9856,Sachsen-Anhalt,ST,Kreisfreie Stadt Halle,15002.0,"(51.441, 11.9856)",315457.4,372643.1,29704.9,374864.1,477332.8,166429.4,600747.1,343774.6,451724.2,440596.2,478698.3,376541.3,487184.7,210805.7,409294.9,206576.3
286,06132,51.4348,11.9815,Sachsen-Anhalt,ST,Kreisfreie Stadt Halle,15002.0,"(51.4348, 11.9815)",319315.9,376501.6,30310.5,378722.6,476816.2,167035.0,604605.5,343258.1,455582.7,444454.6,482556.8,376024.8,491043.2,214664.2,413153.4,210434.8
287,06179,51.45953076923077,11.835476923076923,Sachsen-Anhalt,ST,Saalekreis,15088.0,"(51.45953076923077, 11.835476923076923)",304772.3,361958.1,39557.5,364179.1,481282.5,176282.0,590062.0,347724.3,441039.1,429911.1,468013.2,380491.0,476499.6,200120.6,398609.8,195891.3
288,06184,51.41214545454545,12.085445454545454,Sachsen-Anhalt,ST,Saalekreis,15088.0,"(51.41214545454545, 12.085445454545454)",341003.8,386259.5,45372.3,389649.0,478445.8,172828.2,611058.5,344887.7,465340.5,454212.5,492314.6,377654.4,500801.1,224422.0,422911.2,220192.7
289,06188,51.527225,12.099866666666664,Sachsen-Anhalt,ST,Saalekreis,15088.0,"(51.527225, 12.099866666666664)",352374.6,386880.7,15471.2,401019.8,489816.6,152195.7,622429.3,356258.5,465961.8,454833.7,492935.9,389025.2,501422.3,225043.3,423532.5,220813.9
290,06193,51.59159285714286,11.953057142857144,Sachsen-Anhalt,ST,Saalekreis,15088.0,"(51.59159285714286, 11.953057142857144)",330854.4,388040.2,15803.0,390261.2,505482.3,155713.7,616144.1,371924.2,488869.7,455993.2,515843.7,404690.9,502581.8,226202.7,455923.8,221973.4
291,06198,51.56951,11.81511,Sachsen-Anhalt,ST,Saalekreis,15088.0,"(51.56951, 11.81511)",323985.7,381171.4,34505.9,383392.4,493144.9,179483.8,609275.4,359586.7,460252.5,449124.5,487226.6,392353.4,495713.0,219334.0,417823.2,215104.6
292,06217,51.33686666666667,11.961,Sachsen-Anhalt,ST,Saalekreis,15088.0,"(51.33686666666667, 11.961)",324209.1,374198.6,42701.2,372854.3,461651.1,185900.6,594263.8,328093.0,453279.7,442151.6,480253.8,360859.7,488740.2,212361.2,410850.4,208131.8
293,06231,51.300714285714285,12.100842857142856,Sachsen-Anhalt,ST,Saalekreis,15088.0,"(51.300714285714285, 12.100842857142856)",319439.9,395548.6,51427.3,368085.1,456881.9,178883.2,589494.6,323323.7,474629.7,463501.7,501603.8,356090.4,510090.2,233711.2,432200.4,229481.8
294,06237,51.30565,12.0194,Sachsen-Anhalt,ST,Saalekreis,15088.0,"(51.30565, 12.0194)",321511.3,379763.6,58168.9,370156.5,458953.3,185624.8,591566.0,325395.2,458844.7,447716.7,485818.8,358161.9,494305.2,217926.2,416415.4,213696.8
295,06242,51.283575,11.890425,Sachsen-Anhalt,ST,Saalekreis,15088.0,"(51.283575, 11.890425)",325636.7,376679.1,73817.4,378900.1,463078.6,201273.3,595691.3,329520.5,455760.2,444632.2,482734.3,362287.2,491220.7,214841.7,413330.9,210612.3
296,06246,51.38084,11.88816,Sachsen-Anhalt,ST,Saalekreis,15088.0,"(51.38084, 11.88816)",309602.9,366788.6,45266.8,369009.6,467624.5,205819.2,594892.6,334066.3,445869.7,434741.7,472843.8,366833.0,481330.2,204951.2,403440.4,200721.8
297,06249,51.3,11.8,Sachsen-Anhalt,ST,Saalekreis,15088.0,"(51.3, 11.8)",275582.1,368094.7,80998.5,334786.8,470259.7,208454.4,560669.7,336701.6,447175.8,436047.8,474149.9,369468.3,482636.3,206257.3,404746.5,202027.9
298,06255,51.36565,11.78485,Sachsen-Anhalt,ST,Saalekreis,15088.0,"(51.36565, 11.78485)",298636.0,355821.7,54319.0,358042.7,481630.5,191043.5,583925.7,348072.4,434902.8,423774.7,461876.9,380839.1,470363.3,193984.3,392473.5,189754.9
299,06258,51.4,11.998766666666668,Sachsen-Anhalt,ST,Saalekreis,15088.0,"(51.4, 11.998766666666668)",317822.8,375008.5,37501.5,377229.5,475323.1,174226.0,603112.5,341765.0,454089.6,442961.6,481063.7,374531.7,489550.1,213171.1,411660.3,208941.7
300,06259,51.3114,11.9293,Sachsen-Anhalt,ST,Saalekreis,15088.0,"(51.3114, 11.9293)",322157.6,373200.1,70338.4,375421.1,459599.6,197794.3,592212.3,326041.5,452281.2,441153.1,479255.3,358808.2,487741.7,211362.7,409851.9,207133.3
301,06268,51.33665714285714,11.620857142857144,Sachsen-Anhalt,ST,Saalekreis,15088.0,"(51.33665714285714, 11.620857142857144)",286565.4,357697.3,74021.1,345972.2,472437.4,210745.6,571855.1,338879.3,436778.3,425650.3,463752.4,371646.0,472238.9,195859.8,394349.0,191630.5
302,06279,51.435575,11.6347,Sachsen-Anhalt,ST,Saalekreis,15088.0,"(51.435575, 11.6347)",288872.4,346058.1,61725.0,348279.1,489036.5,198449.5,574162.1,355478.3,425139.2,414011.2,452113.3,388245.0,460599.7,184220.7,382709.9,179991.3
303,06295,51.51866875,11.5826125,Sachsen-Anhalt,ST,Mansfeld-Südharz,15087.0,"(51.51866875, 11.5826125)",288445.8,345631.6,58694.5,347852.6,483376.4,195419.0,573735.5,372496.8,424712.7,413584.6,451686.7,405263.5,460173.2,183794.1,382283.3,179564.8
304,06308,51.58125714285715,11.498657142857144,Sachsen-Anhalt,ST,Mansfeld-Südharz,15087.0,"(51.58125714285715, 11.498657142857144)",288114.8,339846.7,56424.4,347521.5,483045.4,213126.6,573404.5,383059.6,418927.8,407799.8,445901.9,415826.3,454388.3,178009.3,376498.5,173779.9
305,06311,51.55,11.5,Sachsen-Anhalt,ST,Mansfeld-Südharz,15087.0,"(51.55, 11.5)",296732.6,339553.5,67560.8,356139.4,491663.2,212196.9,582022.3,380783.6,418634.6,407506.5,445608.7,413550.3,454095.1,177716.1,376205.3,173486.7
306,06313,51.53313333333333,11.485633333333332,Sachsen-Anhalt,ST,Mansfeld-Südharz,15087.0,"(51.53313333333333, 11.485633333333332)",285544.1,337276.1,66570.5,344950.9,480474.7,203295.0,570833.8,375512.8,416357.2,405229.1,443331.2,408279.5,451817.7,175438.6,373927.8,171209.3
307,06317,51.474828571428574,11.677171428571429,Sachsen-Anhalt,ST,Mansfeld-Südharz,15087.0,"(51.474828571428574, 11.677171428571429)",292672.1,349857.8,51596.4,352078.9,492836.2,188320.9,577961.8,359278.0,428938.9,417810.9,455913.0,392044.7,464399.4,188020.4,386509.6,183791.0
308,06333,51.67091428571429,11.448635714285714,Sachsen-Anhalt,ST,Mansfeld-Südharz,15087.0,"(51.67091428571429, 11.448635714285714)",300668.6,352400.5,74405.0,360075.3,495599.1,202374.4,585958.2,393837.6,431481.6,420353.5,458455.7,426604.3,466942.1,190563.1,389052.3,186333.7
309,06343,51.58686666666667,11.399966666666666,Sachsen-Anhalt,ST,Mansfeld-Südharz,15087.0,"(51.58686666666667, 11.399966666666666)",287537.0,339269.0,66945.4,346943.7,482467.6,216678.5,572826.7,395702.1,418350.0,407222.0,445324.1,428468.8,453810.5,177431.5,375920.7,173202.2
310,06347,51.62237142857144,11.678242857142855,Sachsen-Anhalt,ST,Mansfeld-Südharz,15087.0,"(51.62237142857144, 11.678242857142855)",305025.0,362210.8,45975.9,364431.8,499955.6,204117.7,590314.7,373622.4,441291.9,430163.8,468265.9,406389.1,476752.4,200373.3,398862.5,196144.0
311,06366,51.7519,11.9709,Sachsen-Anhalt,ST,Anhalt-Bitterfeld,15082.0,"(51.7519, 11.9709)",381689.1,410297.9,23362.8,395820.3,519131.0,147832.8,651743.7,385572.9,473884.2,481154.4,500858.2,418339.6,527742.9,212280.7,440938.3,227532.5
312,06369,51.723764,11.988208,Sachsen-Anhalt,ST,Anhalt-Bitterfeld,15082.0,"(51.723764, 11.988208)",380132.6,411104.4,21806.4,428777.8,517574.6,151399.3,650187.3,384016.5,474690.6,481960.9,501664.7,416783.2,528549.4,213087.2,441744.8,228339.0
313,06385,51.8527,12.0446,Sachsen-Anhalt,ST,Anhalt-Bitterfeld,15082.0,"(51.8527, 12.0446)",393003.8,402190.7,34371.1,441649.0,530445.8,133462.1,663058.5,396887.7,465777.0,473047.2,492751.0,429654.4,519635.7,220204.1,432831.1,253587.0
314,06386,51.77092727272727,12.084318181818183,Sachsen-Anhalt,ST,Anhalt-Bitterfeld,15082.0,"(51.77092727272727, 12.084318181818183)",378764.9,418457.6,25316.8,427410.1,516206.9,140960.3,648819.6,382648.7,482043.8,489314.0,509017.9,415415.4,535902.6,220440.4,449097.9,259297.5
315,06388,51.68203333333333,11.9367,Sachsen-Anhalt,ST,Anhalt-Bitterfeld,15082.0,"(51.68203333333333, 11.9367)",340661.5,415095.2,22986.6,400068.3,515289.4,158305.2,625951.2,381731.3,478681.5,485951.7,505655.5,414498.0,532540.2,217078.0,445735.6,231780.5
316,06406,51.7946,11.7401,Sachsen-Anhalt,ST,Salzlandkreis,15089.0,"(51.7946, 11.7401)",328499.2,392417.6,39870.7,387905.9,538532.2,179786.0,613788.8,404974.1,456003.8,463274.0,482977.9,437740.8,509862.6,194400.4,423057.9,227783.3
317,06408,51.764718181818175,11.782054545454544,Sachsen-Anhalt,ST,Salzlandkreis,15089.0,"(51.764718181818175, 11.782054545454544)",328998.7,398341.9,40535.2,388405.5,526865.7,185710.3,614288.4,393307.6,461928.2,469198.4,488902.2,426074.3,515786.9,200324.7,428982.3,209186.5
318,06420,51.67253333333333,11.79521111111111,Sachsen-Anhalt,ST,Salzlandkreis,15089.0,"(51.67253333333333, 11.79521111111111)",321027.6,404673.0,43601.1,380434.4,517546.2,192041.3,606317.3,383988.1,468259.2,475529.4,495233.2,416754.8,522117.9,207115.4,435313.3,212146.6
319,06425,51.70425,11.665133333333332,Sachsen-Anhalt,ST,Salzlandkreis,15089.0,"(51.70425, 11.665133333333332)",315389.6,398286.1,55824.9,374796.4,529770.0,185654.5,600679.3,396211.9,461872.3,469142.5,488846.4,428978.6,515731.1,200728.5,428926.4,195577.4
320,06429,51.843,11.78142,Sachsen-Anhalt,ST,Salzlandkreis,15089.0,"(51.843, 11.78142)",338171.9,388108.1,45850.8,397578.7,541609.1,175476.5,623461.6,408051.0,451694.3,458964.5,478668.4,440817.7,505553.1,197477.3,418748.5,230860.2
321,06449,51.79023846153847,11.458223076923076,Sachsen-Anhalt,ST,Salzlandkreis,15089.0,"(51.79023846153847, 11.458223076923076)",315295.3,381525.5,62633.0,374702.0,510225.9,190602.3,600585.0,417422.7,445111.8,452382.0,472085.8,450189.4,498970.5,171861.4,412165.9,205244.3
322,06456,51.7057,11.5396,Sachsen-Anhalt,ST,Salzlandkreis,15089.0,"(51.7057, 11.5396)",311447.1,357701.7,67178.1,370853.9,506377.7,197007.7,596736.8,395498.1,436782.8,425654.7,463756.8,428264.8,472243.3,184164.3,394353.4,191634.9
323,06458,51.858025,11.2646,Sachsen-Anhalt,ST,Landkreis Harz,15085.0,"(51.858025, 11.2646)",339069.7,369278.9,88445.6,376959.5,534000.3,175014.1,602842.4,443235.3,432865.1,440135.3,459839.1,476002.0,486723.8,159614.7,399919.2,192997.6
324,06463,51.73495,11.322025,Sachsen-Anhalt,ST,Landkreis Harz,15085.0,"(51.73495, 11.322025)",314267.8,381948.3,75531.5,373674.6,509198.4,203500.8,599557.5,407436.9,445534.5,419402.1,472508.6,440203.6,465990.7,172284.1,412588.6,185382.3
325,06464,51.7958,11.3791,Sachsen-Anhalt,ST,Salzlandkreis,15089.0,"(51.7958, 11.3791)",320500.6,375481.1,71679.4,383161.7,515431.2,199648.7,609044.7,426469.0,439067.3,446337.5,466041.4,459235.7,492926.1,165816.9,406121.4,199199.8
326,06466,51.8221,11.2866,Sachsen-Anhalt,ST,Salzlandkreis,15089.0,"(51.8221, 11.2866)",327401.9,368770.3,76777.8,376450.9,522332.5,181294.1,602333.8,431567.5,432356.5,439626.7,459330.5,464334.2,486215.2,159106.1,399410.6,192489.0
327,06467,51.7829,11.3124,Sachsen-Anhalt,ST,Salzlandkreis,15089.0,"(51.7829, 11.3124)",323862.2,372400.0,73238.1,380080.7,518792.8,201207.4,605963.6,428027.8,435986.2,443256.5,462960.3,460794.5,489845.0,162735.9,403040.4,196118.7
