,zipcode,lat,long,state,state_code,community_name,community_code,coor,AKB Kitzingen,AKB Dortmund,AKB Zörbig,AKB Schöneck,AKB Buch,Mosolf Etzin,Mosolf Kippenheim,BLG Kelheim,BLG Duisburg,BLG Neuss,Carservice Erkens,ARS Altmann Wolnzach,CAT Zülpich,Autohaus Siebrecht,Neu: FleetParQ Essen ,Neu: FleetParQ Kassel
2050,29358,52.5504,10.1844,Niedersachsen,NI,Landkreis Celle,3351.0,"(52.5504, 10.1844)",398207.0,251016.4,201251.5,376090.6,593137.6,237783.0,601973.5,555613.0,314602.6,321872.9,341576.7,588379.7,368461.4,158745.8,281656.8,192128.7
2051,29359,52.7086,10.2274,Niedersachsen,NI,Landkreis Celle,3351.0,"(52.7086, 10.2274)",419948.2,268718.7,222878.2,397831.8,614878.8,259409.7,623714.8,577239.7,332304.9,339575.1,359279.0,610006.4,386163.7,180487.0,299359.0,213869.9
2052,29361,52.6833,10.25,Niedersachsen,NI,Landkreis Celle,3351.0,"(52.6833, 10.25)",416495.0,265265.5,219425.0,394378.6,611425.6,255956.5,620261.5,573786.5,328851.7,336121.9,355825.8,606553.2,382710.5,177033.8,295905.8,210416.7
2053,29362,52.5872,10.376,Niedersachsen,NI,Landkreis Celle,3351.0,"(52.5872, 10.376)",402193.9,267961.5,205238.4,380077.5,597124.5,241769.9,605960.4,559599.9,331547.7,338817.9,358521.8,592366.6,385406.5,162732.7,298601.8,196115.6
2054,29364,52.5559,10.2829,Niedersachsen,NI,Landkreis Celle,3351.0,"(52.5559, 10.2829)",399542.5,259124.7,202587.0,377426.1,594473.1,239118.5,603309.0,556948.5,322710.9,329981.1,349685.0,589715.2,376569.7,160081.3,289765.0,193464.2
2055,29365,52.7667,10.4918,Niedersachsen,NI,Landkreis Gifhorn,3151.0,"(52.7667, 10.4918)",416689.2,285588.3,216722.3,394572.8,611619.8,253253.8,620455.7,571083.8,349174.5,356444.7,376148.6,603850.5,403033.3,177228.0,316228.7,210610.9
2056,29367,52.6833,10.4,Niedersachsen,NI,Landkreis Gifhorn,3151.0,"(52.6833, 10.4)",410374.5,273803.3,210407.6,388258.1,605305.1,246939.1,614141.0,564769.1,337389.5,344659.7,364363.6,597535.8,391248.3,170913.3,304443.6,204296.2
2057,29369,52.5911,10.4319,Niedersachsen,NI,Landkreis Gifhorn,3151.0,"(52.5911, 10.4319)",400815.8,271894.4,200848.9,378699.4,595746.4,237380.4,604582.3,555210.4,335480.6,342750.8,362454.7,587977.1,389339.4,161354.6,302534.7,194737.5
2058,29378,52.7281,10.7391,Niedersachsen,NI,Landkreis Gifhorn,3151.0,"(52.7281, 10.7391)",425252.9,297293.1,202390.4,403136.5,620183.4,238921.9,629019.4,556751.9,360879.3,368149.5,387853.4,589518.6,414738.1,185791.6,327933.5,219174.5
2059,29379,52.7333,10.7167,Niedersachsen,NI,Landkreis Gifhorn,3151.0,"(52.7333, 10.7167)",428481.6,296289.1,205619.1,406365.2,623412.2,242150.6,632248.1,559980.7,359875.3,367145.5,386849.4,592747.4,413734.1,189020.4,326929.4,222403.3
2060,29386,52.73323333333334,10.5657,Niedersachsen,NI,Landkreis Gifhorn,3151.0,"(52.73323333333334, 10.5657)",415902.4,289542.8,208527.8,393786.0,610833.0,245059.3,619668.9,562889.3,353129.0,360399.2,380103.0,595656.0,406987.7,176441.2,320183.1,209824.1
2061,29389,52.8333,10.6833,Niedersachsen,NI,Uelzen,3360.0,"(52.8333, 10.6833)",438233.0,302485.6,215370.6,416116.6,633163.6,251902.1,641999.6,569732.1,366071.8,373342.0,393045.9,602498.8,419930.6,198771.8,333126.0,232154.7
2062,29392,52.6,10.5333,Niedersachsen,NI,Landkreis Gifhorn,3151.0,"(52.6, 10.5333)",397912.0,279320.2,197945.1,375795.6,592842.5,234476.6,601678.5,552306.6,342906.4,350176.6,369880.4,585073.3,396765.1,158450.7,309960.5,191833.6
2063,29393,52.6476,10.4637,Niedersachsen,NI,Landkreis Gifhorn,3151.0,"(52.6476, 10.4637)",403281.4,280067.6,203314.4,381165.0,598211.9,239846.0,607047.9,557676.0,343653.9,350924.1,370627.9,590442.7,397512.6,163820.1,310708.0,197203.0
2064,29394,52.8088,10.6661,Niedersachsen,NI,Uelzen,3360.0,"(52.8088, 10.6661)",426288.4,302843.0,214398.9,404172.0,621219.0,250930.4,630054.9,568760.4,366429.2,373699.4,393403.3,601527.1,420288.0,186827.2,333483.3,220210.1
2065,29396,52.6333,10.6333,Niedersachsen,NI,Landkreis Gifhorn,3151.0,"(52.6333, 10.6333)",405339.4,288572.1,195338.9,383223.0,600270.0,231870.4,609105.9,549700.5,352158.3,359428.5,379132.4,582467.2,406017.1,165878.2,319212.4,199261.1
2066,29399,52.6167,10.6,Niedersachsen,NI,Landkreis Gifhorn,3151.0,"(52.6167, 10.6)",402555.9,285788.6,198621.0,380439.5,597486.5,235152.5,606322.5,552982.5,349374.8,356645.0,376348.9,585749.2,403233.6,163094.7,316429.0,196477.6
2067,29410,52.8522,11.1929,Sachsen-Anhalt,ST,Altmarkkreis Salzwedel,15081.0,"(52.8522, 11.1929)",450990.9,357863.0,183818.7,428874.5,645921.5,160112.7,654757.5,538180.3,421449.2,428719.4,448423.3,570947.0,475308.0,211529.7,388503.4,244912.6
2068,29413,52.79892,10.943306666666668,Sachsen-Anhalt,ST,Altmarkkreis Salzwedel,15081.0,"(52.79892, 10.943306666666668)",438368.6,316434.9,192305.4,416252.2,633299.1,228264.9,642135.1,546667.0,380021.2,387291.4,406995.2,579433.7,433879.9,198907.3,347075.3,232290.2
2069,29416,52.7982,11.238252,Sachsen-Anhalt,ST,Altmarkkreis Salzwedel,15081.0,"(52.7982, 11.238252)",452952.6,359824.7,173499.6,430836.2,661419.3,209459.1,656719.1,527861.1,423410.9,430681.1,450385.0,560627.8,477269.7,213491.4,390465.0,246874.2
2070,29439,52.9681,11.154,Niedersachsen,NI,Lüchow-Dannenberg,3354.0,"(52.9681, 11.154)",463188.4,345350.6,196016.3,441072.0,658119.0,165686.2,666955.0,550377.8,408936.8,416207.0,435910.9,583144.5,462795.6,223727.2,375990.9,257110.1
2071,29451,53.091660000000005,11.10091,Niedersachsen,NI,Lüchow-Dannenberg,3354.0,"(53.091660000000005, 11.10091)",480710.9,344341.3,214264.9,458594.5,675641.5,219999.0,684477.4,568626.4,449082.0,415197.7,476056.1,601393.1,461786.3,241249.7,374981.6,274632.6
2072,29456,53.14983,11.00174,Niedersachsen,NI,Lüchow-Dannenberg,3354.0,"(53.14983, 11.00174)",480238.5,343868.9,223052.0,458122.1,675169.1,231152.3,684005.0,577413.5,442372.3,414725.3,469346.4,610180.2,461313.8,240777.3,421508.3,274160.1
2073,29459,52.95144074074074,10.941681481481483,Niedersachsen,NI,Lüchow-Dannenberg,3354.0,"(52.95144074074074, 10.941681481481483)",469285.2,333179.5,204801.8,447168.8,664215.7,181507.9,673051.7,559163.3,396765.7,404035.9,423739.8,591930.0,450624.5,229823.9,363819.8,263206.8
2074,29462,52.9237,11.1285,Niedersachsen,NI,Lüchow-Dannenberg,3354.0,"(52.9237, 11.1285)",459846.7,345227.2,192674.5,437730.3,654777.3,165627.9,663613.2,547036.0,408813.4,416083.6,435787.5,579802.7,462672.2,220385.5,375867.5,253768.4
2075,29465,52.88441785714286,10.871664285714289,Niedersachsen,NI,Lüchow-Dannenberg,3354.0,"(52.88441785714286, 10.871664285714289)",454731.6,318625.9,207035.6,432615.2,649662.2,242995.1,658498.1,561397.1,382212.1,389482.3,409186.2,594163.8,436070.9,215270.4,349266.3,248653.2
2076,29468,52.88975000000001,10.93965,Niedersachsen,NI,Lüchow-Dannenberg,3354.0,"(52.88975000000001, 10.93965)",451309.0,329379.8,198162.6,429192.6,646239.6,234122.1,655075.5,552524.1,392966.0,400236.2,419940.1,585290.8,446824.8,211847.8,360020.1,245230.7
2077,29471,53.018625,11.4452125,Niedersachsen,NI,Lüchow-Dannenberg,3354.0,"(53.018625, 11.4452125)",483561.9,367239.7,212974.4,461445.5,678492.5,150955.1,687328.4,567335.9,430825.9,438096.1,457800.0,600102.6,484684.7,244100.7,397880.1,277483.6
2078,29472,53.14126666666667,11.169199999999998,Niedersachsen,NI,Lüchow-Dannenberg,3354.0,"(53.14126666666667, 11.169199999999998)",489687.4,353317.8,218748.2,467571.0,684618.0,216040.0,693453.9,573109.7,458058.5,424174.2,485032.6,605876.4,470762.8,250226.2,383958.1,283609.1
2079,29473,53.12717647058824,10.930582352941176,Niedersachsen,NI,Lüchow-Dannenberg,3354.0,"(53.12717647058824, 10.930582352941176)",476896.5,340526.9,224042.8,454780.1,671827.1,232143.2,680663.0,578404.3,436239.8,460348.4,463213.9,611171.0,457971.9,237435.3,415375.7,270818.2
2080,29475,53.0479,11.366866666666668,Niedersachsen,NI,Lüchow-Dannenberg,3354.0,"(53.0479, 11.366866666666668)",482132.3,363887.7,214960.2,460015.9,677062.9,157402.8,685898.9,569321.7,427473.9,434744.2,454448.0,602088.4,481332.7,242671.1,394528.1,276054.0
2081,29476,53.074466666666666,11.201216666666667,Niedersachsen,NI,Lüchow-Dannenberg,3354.0,"(53.074466666666666, 11.201216666666667)",476061.4,352641.4,208889.2,453945.0,670992.0,217492.8,679827.9,563250.7,457382.1,423497.9,484356.2,596017.4,470086.4,236600.2,383281.8,269983.0
2082,29478,53.05875,11.435066666666666,Niedersachsen,NI,Lüchow-Dannenberg,3354.0,"(53.05875, 11.435066666666666)",489581.4,372243.7,225470.0,467465.0,713389.6,153224.8,693347.9,579831.5,435829.9,443100.1,462804.0,612598.2,489688.7,250120.1,402884.0,283503.0
2083,29479,53.04271538461538,11.050446153846154,Niedersachsen,NI,Lüchow-Dannenberg,3354.0,"(53.04271538461538, 11.050446153846154)",479217.8,342848.2,209386.7,457101.4,674148.4,228081.0,682984.3,563748.2,406434.4,413704.6,433408.5,596514.9,460293.2,239756.6,373488.5,273139.5
2084,29481,53.08428,10.99856,Niedersachsen,NI,Lüchow-Dannenberg,3354.0,"(53.08428, 10.99856)",473632.1,337262.5,217390.4,451515.7,668562.7,226709.5,677398.7,571751.9,400848.7,408119.0,427822.8,604518.6,454707.5,234170.9,367902.9,267553.8
2085,29482,53.01001111111111,11.035155555555557,Niedersachsen,NI,Lüchow-Dannenberg,3354.0,"(53.01001111111111, 11.035155555555557)",476340.8,339971.2,206852.2,454224.4,671271.4,176522.1,680107.3,561213.7,403557.4,410827.6,430531.5,593980.4,457416.2,236879.6,370611.5,270262.5
2086,29484,53.1009,11.2558,Niedersachsen,NI,Lüchow-Dannenberg,3354.0,"(53.1009, 11.2558)",482823.2,355688.8,215651.0,460706.8,677753.7,215122.4,686589.7,570012.5,460429.5,426545.2,487403.5,602779.2,473133.8,243361.9,386329.1,276744.8
2087,29485,52.9167,11.3333,Niedersachsen,NI,Lüchow-Dannenberg,3354.0,"(52.9167, 11.3333)",467964.4,374836.5,194638.2,445848.0,682557.9,151640.2,671730.9,548999.8,438422.7,445692.9,465396.8,581766.5,492281.5,228503.2,405476.8,261886.1
2088,29487,52.9275,11.0486,Niedersachsen,NI,Lüchow-Dannenberg,3354.0,"(52.9275, 11.0486)",460686.1,338240.3,202356.2,438569.7,655616.7,175309.5,664452.6,556717.7,401826.6,409096.8,428800.6,589484.4,455685.3,221224.9,368880.7,254607.7
2089,29488,52.9116,11.181,Niedersachsen,NI,Lüchow-Dannenberg,3354.0,"(52.9116, 11.181)",455974.0,362846.1,188801.8,433857.6,650904.6,161319.1,659740.5,543163.4,426432.3,433702.5,453406.4,575930.1,480291.1,216512.8,393486.5,249895.7
2090,29490,53.229,10.8853,Niedersachsen,NI,Lüchow-Dannenberg,3354.0,"(53.229, 10.8853)",484256.6,392106.3,236670.1,462140.2,679187.2,242951.5,688023.1,591031.6,432904.3,457012.9,459878.4,623798.3,509217.8,244795.4,412040.2,278178.2
2091,29491,52.9667,11.4,Niedersachsen,NI,Lüchow-Dannenberg,3354.0,"(52.9667, 11.4)",477321.3,365098.2,203560.0,455204.9,691479.7,156788.9,681087.8,557921.5,428684.4,435954.6,455658.5,590688.2,482543.2,237860.1,395738.5,271243.0
2092,29493,53.0373,11.5645,Niedersachsen,NI,Lüchow-Dannenberg,3354.0,"(53.0373, 11.5645)",493665.5,377343.3,217956.9,471549.1,705876.5,145711.7,697432.0,572318.4,440929.5,448199.7,467903.6,605085.1,494788.3,254204.3,407983.6,287587.2
2093,29494,53.0,11.3167,Niedersachsen,NI,Lüchow-Dannenberg,3354.0,"(53.0, 11.3167)",474874.0,358551.8,207701.9,452757.6,669804.6,160061.1,678640.6,562063.4,422138.1,429408.3,449112.1,594830.1,475996.8,235412.8,389192.2,268795.7
2094,29496,52.99705,10.965477272727272,Niedersachsen,NI,Lüchow-Dannenberg,3354.0,"(52.99705, 10.965477272727272)",467806.7,331437.1,211730.1,445690.3,662737.3,181400.0,671573.3,566091.6,395023.3,402293.5,421997.4,598858.3,448882.1,228345.5,362077.5,261728.4
2095,29497,52.95,11.2167,Niedersachsen,NI,Lüchow-Dannenberg,3354.0,"(52.95, 11.2167)",463561.0,351650.2,196388.8,441444.6,658491.5,160915.9,667327.5,550750.3,415236.4,422506.6,442210.5,583517.0,469095.2,224099.7,382290.5,257482.6
2096,29499,53.0685,10.8832,Niedersachsen,NI,Lüchow-Dannenberg,3354.0,"(53.0685, 10.8832)",466190.9,329821.3,222372.0,444074.5,661121.5,235242.9,669957.4,576733.5,393407.5,400677.7,420381.6,609500.2,447266.3,226729.7,360461.6,260112.6
2097,29525,52.9657,10.5611,Niedersachsen,NI,Uelzen,3360.0,"(52.9657, 10.5611)",443213.8,306844.2,243246.9,421097.4,638144.4,279778.4,646980.4,597608.4,370430.4,377700.6,397404.5,630375.1,424289.2,203752.6,337484.6,237135.5
2098,29549,53.0792,10.5813,Niedersachsen,NI,Uelzen,3360.0,"(53.0792, 10.5813)",455888.6,337630.2,255921.7,433772.2,650819.2,259370.7,659655.1,610283.2,426741.4,408486.6,453715.4,643049.9,455075.2,216427.4,368270.5,249810.3
2099,29553,53.1416,10.4868,Niedersachsen,NI,Uelzen,3360.0,"(53.1416, 10.4868)",463455.6,329317.1,263488.7,441339.2,658386.2,300020.2,667222.1,617850.2,415499.1,400173.5,442473.1,650616.9,446762.0,223994.4,394635.0,257377.3
2100,29556,52.8959,10.4514,Niedersachsen,NI,Uelzen,3360.0,"(52.8959, 10.4514)",434435.5,298065.9,234468.6,412319.1,629366.1,271000.1,638202.0,588830.1,361652.1,368922.3,388626.2,621596.8,415510.9,194974.3,328706.2,228357.1
2101,29559,52.9043,10.5749,Niedersachsen,NI,Uelzen,3360.0,"(52.9043, 10.5749)",434913.4,301370.3,234946.5,412797.0,629844.0,271478.0,638680.0,589308.0,364956.5,372226.7,391930.5,622074.7,418815.3,195452.2,332010.6,228835.1
2102,29562,52.9333,10.7667,Niedersachsen,NI,Uelzen,3360.0,"(52.9333, 10.7667)",452556.6,316450.9,229694.1,430440.2,647487.2,266225.6,656323.1,584055.6,380037.1,387307.4,407011.2,616822.3,433895.9,213095.4,347091.3,246478.3
2103,29565,53.0313,10.2985,Niedersachsen,NI,Uelzen,3360.0,"(53.0313, 10.2985)",458303.1,318789.5,258336.2,436186.7,653233.7,294867.8,662069.7,612697.8,382375.7,389645.9,409349.8,645464.5,436234.5,218841.9,349429.9,252224.8
2104,29571,52.9866,10.7518,Niedersachsen,NI,Uelzen,3360.0,"(52.9866, 10.7518)",453088.8,316719.2,236003.3,430972.4,648019.4,272534.8,656855.3,590364.8,380305.4,387575.6,407279.4,623131.5,434164.1,213627.6,347359.5,247010.4
2105,29574,53.0278,10.4184,Niedersachsen,NI,Uelzen,3360.0,"(53.0278, 10.4184)",451923.9,325891.4,251957.0,429807.5,646854.5,288488.5,655690.5,606318.5,389477.6,396747.8,416451.7,639085.2,443336.4,212462.7,356531.7,245845.6
2106,29575,53.1305,10.6016,Niedersachsen,NI,Uelzen,3360.0,"(53.1305, 10.6016)",462885.8,338023.3,262918.9,440769.4,657816.4,259998.0,666652.3,617280.4,421695.6,408879.8,448669.7,650047.1,455468.3,223424.6,400831.5,256807.5
2107,29576,53.05,10.5167,Niedersachsen,NI,Uelzen,3360.0,"(53.05, 10.5167)",453615.2,333692.8,253648.3,431498.8,648545.7,290179.8,657381.7,608009.8,397279.0,404549.3,424253.1,640776.5,451137.8,214153.9,364333.2,247536.8
2108,29578,52.966,10.3132,Niedersachsen,NI,Uelzen,3360.0,"(52.966, 10.3132)",449951.1,312992.7,249984.2,427834.7,644881.7,286515.7,653717.6,604345.7,376578.9,383849.1,403553.0,637112.4,430437.7,210489.9,343633.0,243872.8
2109,29579,53.0202,10.5646,Niedersachsen,NI,Uelzen,3360.0,"(53.0202, 10.5646)",449795.0,313425.4,249828.1,427678.6,644725.6,286359.6,653561.5,604189.6,377011.6,384281.8,403985.7,636956.3,430870.4,210333.8,344065.7,243716.7
2110,29581,52.9667,10.4167,Niedersachsen,NI,Uelzen,3360.0,"(52.9667, 10.4167)",444953.6,320388.5,244986.7,422837.2,639884.2,281518.2,648720.1,599348.2,383974.7,391244.9,410948.8,632114.9,437833.5,205492.4,351028.9,238875.3
2111,29582,53.05,10.3667,Niedersachsen,NI,Uelzen,3360.0,"(53.05, 10.3667)",458741.3,323661.9,258774.4,436624.9,653671.8,295305.9,662507.8,613135.9,387248.1,394518.3,414222.2,645902.6,441106.9,219280.0,354302.3,252662.9
2112,29584,53.0942,10.7291,Niedersachsen,NI,Uelzen,3360.0,"(53.0942, 10.7291)",460986.4,324616.8,251067.7,438870.0,655917.0,248393.4,664752.9,605429.3,428622.6,395473.2,455596.7,638196.0,442061.8,221525.2,355257.1,254908.0
2113,29585,53.1013,10.5224,Niedersachsen,NI,Uelzen,3360.0,"(53.1013, 10.5224)",458072.5,334108.6,258105.6,435956.1,653003.1,294637.1,661839.0,612467.1,420290.6,404965.0,447264.6,645233.8,451553.5,218611.3,399426.5,251994.1
2114,29587,53.0798,10.4703,Niedersachsen,NI,Uelzen,3360.0,"(53.0798, 10.4703)",459812.8,332251.0,259845.9,437696.4,654743.4,296377.4,663579.4,614207.4,395837.2,403107.4,422811.3,646974.1,449696.0,220351.6,362891.3,253734.5
2115,29588,53.0192,10.6757,Niedersachsen,NI,Uelzen,3360.0,"(53.0192, 10.6757)",450658.5,314288.9,250691.6,428542.1,645589.1,252412.3,654425.1,605053.1,377875.1,385145.3,404849.2,637819.8,431733.9,211197.3,344929.2,244580.2
2116,29590,52.9758,10.6754,Niedersachsen,NI,Uelzen,3360.0,"(52.9758, 10.6754)",447776.8,311407.2,234548.3,425660.4,642707.4,271079.8,651543.3,588909.8,374993.4,382263.6,401967.5,621676.5,428852.2,208315.6,342047.5,241698.5
2117,29591,53.1,10.65,Niedersachsen,NI,Uelzen,3360.0,"(53.1, 10.65)",459863.9,323494.3,259897.0,437747.5,654794.5,254274.4,663630.4,614258.5,425479.9,394350.7,452453.9,647025.2,440939.3,220402.7,404615.8,253785.6
2118,29593,53.0056,10.4454,Niedersachsen,NI,Uelzen,3360.0,"(53.0056, 10.4454)",448662.3,324846.1,248695.4,426545.9,643592.8,285226.9,652428.8,603056.9,388432.3,395702.5,415406.4,635823.6,442291.1,209201.0,355486.4,242583.9
2119,29594,52.8737,10.7616,Niedersachsen,NI,Uelzen,3360.0,"(52.8737, 10.7616)",445625.3,309519.7,222762.9,423508.9,640555.9,259294.4,649391.9,577124.4,373105.9,380376.1,400080.0,609891.1,426964.7,206164.1,340160.0,239547.0
2120,29597,53.0667,10.7833,Niedersachsen,NI,Uelzen,3360.0,"(53.0667, 10.7833)",460568.2,324198.6,246172.4,438451.8,655498.8,242332.0,664334.8,600533.9,387784.8,395055.1,414758.9,633300.6,441643.6,221107.0,354839.0,254489.9
2121,29599,53.0594,10.7028,Niedersachsen,NI,Uelzen,3360.0,"(53.0594, 10.7028)",455780.1,319410.4,255813.1,433663.7,650710.6,248262.5,659546.6,610174.7,382996.7,390266.9,409970.7,642941.4,436855.4,216318.8,350050.8,249701.7
2122,29614,52.9864,9.8434,Niedersachsen,NI,Landkreis Heidekreis,3358.0,"(52.9864, 9.8434)",445211.6,280103.7,285040.7,423095.2,640142.2,321572.2,648978.1,639402.2,343689.9,350960.1,370664.0,672168.9,397548.7,205750.4,310744.1,239133.3
2123,29633,52.9857,10.0876,Niedersachsen,NI,Landkreis Heidekreis,3358.0,"(52.9857, 10.0876)",458854.0,293746.1,257693.6,436737.6,653784.6,294225.2,662620.5,612055.2,357332.3,364602.5,384306.4,644821.9,411191.1,219392.8,324386.5,252775.7
2124,29640,53.1168,9.7952,Niedersachsen,NI,Landkreis Heidekreis,3358.0,"(53.1168, 9.7952)",470336.4,305228.5,310165.5,448220.0,665266.9,346697.0,674102.9,664527.0,343007.0,376084.9,369981.1,697293.7,422673.4,230875.1,322143.0,264258.0
2125,29643,53.0326,9.7064,Niedersachsen,NI,Landkreis Heidekreis,3358.0,"(53.0326, 9.7064)",449060.0,283952.1,288889.1,426943.6,643990.6,325420.7,652826.6,643250.7,336282.2,354808.6,363256.3,676017.4,401397.1,209598.8,314592.5,242981.7
2126,29646,53.0831,9.9977,Niedersachsen,NI,Landkreis Heidekreis,3358.0,"(53.0831, 9.9977)",458186.2,293078.3,298015.3,436069.8,653116.8,334546.8,661952.7,652376.8,356664.5,363934.7,383638.6,685143.5,410523.3,218725.0,323718.7,252107.9
2127,29649,52.9167,9.9833,Niedersachsen,NI,Landkreis Heidekreis,3358.0,"(52.9167, 9.9833)",449832.8,284724.9,289661.9,427716.4,644763.3,326193.4,653599.3,644023.4,348311.1,355581.3,375285.1,676790.1,402169.8,210371.5,315365.2,243754.4
2128,29664,52.8615,9.5926,Niedersachsen,NI,Landkreis Heidekreis,3358.0,"(52.8615, 9.5926)",426624.5,261516.6,266453.6,404508.1,621555.1,302985.1,630391.0,620815.1,325102.8,332373.0,352076.9,653581.8,378961.6,187163.3,292156.9,220546.2
2129,29683,52.8497,9.688,Niedersachsen,NI,Landkreis Heidekreis,3358.0,"(52.8497, 9.688)",424463.0,259355.1,264292.2,402346.6,619393.6,300823.7,628229.6,618653.7,322941.4,330211.6,349915.4,651420.4,376800.1,185001.8,289995.5,218384.7
2130,29690,52.68006666666667,9.628166666666669,Niedersachsen,NI,Landkreis Heidekreis,3358.0,"(52.68006666666667, 9.628166666666669)",408021.9,242914.0,247851.0,385905.5,602952.5,284382.6,611788.5,602212.6,306500.3,313770.5,333474.3,634979.3,360359.0,168560.7,273554.4,201943.6
2131,29693,52.7516,9.56998,Niedersachsen,NI,Landkreis Heidekreis,3358.0,"(52.7516, 9.56998)",424106.5,258998.6,263935.6,401990.1,619037.1,300467.1,627873.0,618297.1,322584.8,329855.0,349558.9,651063.8,376443.6,184645.3,289638.9,218028.1
