,zipcode,lat,long,state,state_code,community_name,community_code,coor,AKB Kitzingen,AKB Dortmund,AKB Zörbig,AKB Schöneck,AKB Buch,Mosolf Etzin,Mosolf Kippenheim,BLG Kelheim,BLG Duisburg,BLG Neuss,Carservice Erkens,ARS Altmann Wolnzach,CAT Zülpich,Autohaus Siebrecht,Neu: FleetParQ Essen ,Neu: FleetParQ Kassel
7121,91338,49.6232,11.2314,Bayern,BY,Landkreis Forchheim,9474.0,"(49.6232, 11.2314)",98594.6,450127.3,284390.1,230995.0,241126.9,411846.0,373739.6,131949.4,465649.8,446752.5,498790.4,140335.5,435434.8,348992.0,486779.1,295039.2
7122,91341,49.6643,10.9261,Bayern,BY,Landkreis Erlangen-Höchstadt,9572.0,"(49.6643, 10.9261)",79295.2,443667.0,306754.7,211695.6,220193.9,434210.6,367534.5,145789.4,446350.4,427453.0,479490.9,153482.3,416135.4,342531.6,452879.7,288578.9
7123,91344,49.8465,11.3481,Bayern,BY,Landkreis Bayreuth,9472.0,"(49.8465, 11.3481)",147830.0,448057.0,250754.1,273023.2,280623.8,378210.0,413236.5,171446.3,527138.1,496301.6,554112.1,179832.4,484983.9,346921.6,484708.7,292968.9
7124,91346,49.8,11.2667,Bayern,BY,Landkreis Forchheim,9474.0,"(49.8, 11.2667)",108054.7,443366.7,259756.2,240455.1,265974.6,387212.1,398587.3,156797.1,475109.9,456212.6,508250.5,165183.2,444894.9,342231.3,480018.5,288278.6
7125,91347,49.8837,11.2269,Bayern,BY,Landkreis Bayreuth,9472.0,"(49.8837, 11.2269)",136112.5,436339.5,252857.2,261305.7,288985.8,380313.1,424665.6,180501.6,515420.6,484584.1,542394.7,188194.4,473266.4,335204.1,472991.3,281251.4
7126,91349,49.7018,11.2575,Bayern,BY,Landkreis Forchheim,9474.0,"(49.7018, 11.2575)",97858.9,447078.6,271586.0,230259.4,254062.0,399041.9,386674.7,144884.5,464914.2,446016.8,498054.7,153270.6,434699.1,345943.2,483730.4,291990.5
7127,91350,49.6951,10.8322,Bayern,BY,Landkreis Erlangen-Höchstadt,9572.0,"(49.6951, 10.8322)",65393.9,426445.6,298620.0,197794.3,214032.2,426076.0,353633.2,150835.5,432449.1,413551.8,465589.6,158528.4,402234.1,325310.2,438978.4,271357.5
7128,91352,49.7591,10.9795,Bayern,BY,Landkreis Forchheim,9474.0,"(49.7591, 10.9795)",78999.9,428840.2,291927.9,211400.3,229047.6,419383.9,367239.3,159194.3,446055.2,427157.8,479195.7,166887.2,415840.1,327704.8,465492.0,273752.1
7129,91353,49.6895,11.0322,Bayern,BY,Landkreis Forchheim,9474.0,"(49.6895, 11.0322)",78340.4,435489.7,298577.5,210740.8,254586.7,426033.4,366579.7,146102.4,445395.6,426498.3,478536.1,153795.2,415180.6,334354.3,472141.5,280401.6
7130,91355,49.6607,11.3227,Bayern,BY,Landkreis Forchheim,9474.0,"(49.6607, 11.3227)",132753.6,456849.2,266048.1,265154.0,241061.5,393504.0,373674.2,131884.0,499808.8,480911.5,532949.4,140270.1,469593.8,355713.8,493501.0,301761.1
7131,91356,49.7333,11.15,Bayern,BY,Landkreis Forchheim,9474.0,"(49.7333, 11.15)",88503.0,435366.1,277675.9,220903.4,262469.3,405131.8,376742.4,153985.0,455558.2,436660.9,488698.8,161677.9,425343.2,334230.7,472017.9,280278.0
7132,91358,49.6824,11.1433,Bayern,BY,Landkreis Forchheim,9474.0,"(49.6824, 11.1433)",87477.0,439009.7,302097.4,219877.4,251934.6,429553.4,375716.3,142757.1,454532.2,435634.8,487672.7,151143.2,424317.2,337874.3,475661.5,283921.6
7133,91359,49.7095,11.1722,Bayern,BY,Landkreis Forchheim,9474.0,"(49.7095, 11.1722)",90385.9,441918.7,278765.9,222786.3,257451.6,406221.8,378625.3,148274.1,457441.1,438543.8,490581.7,156660.2,427226.1,340783.3,478570.4,286830.6
7134,91361,49.6897,11.1021,Bayern,BY,Landkreis Forchheim,9474.0,"(49.6897, 11.1021)",84312.6,435845.3,298933.0,216713.0,258278.9,426389.0,372551.9,149794.6,451367.8,432470.4,484508.3,157487.5,421152.8,334709.9,472497.1,280757.2
7135,91362,49.7545,11.1743,Bayern,BY,Landkreis Forchheim,9474.0,"(49.7545, 11.1743)",92786.3,438089.7,274641.3,225186.7,266767.3,402097.2,381025.6,158283.0,459841.5,440944.1,492982.0,165975.8,429626.5,336954.3,474741.5,283001.6
7136,91364,49.823,11.1891,Bayern,BY,Landkreis Forchheim,9474.0,"(49.823, 11.1891)",103529.6,438841.6,265178.0,235930.0,273452.5,392634.0,391768.9,164968.2,470584.8,451687.5,503725.3,172661.1,440369.8,337706.2,475493.3,283753.5
7137,91365,49.75,11.1167,Bayern,BY,Landkreis Forchheim,9474.0,"(49.75, 11.1167)",89524.6,431955.8,295043.5,221925.0,265553.7,422499.4,377763.9,157069.4,456579.8,437682.5,489720.3,164762.3,426364.8,330820.4,468607.6,276867.7
7138,91367,49.6309,11.2537,Bayern,BY,Landkreis Forchheim,9474.0,"(49.6309, 11.2537)",100980.1,452512.9,273325.8,233380.5,242548.9,400781.7,375161.6,133371.3,468035.3,449138.0,501175.9,141757.4,437820.3,351377.5,489164.6,297424.8
7139,91369,49.7133,11.1356,Bayern,BY,Landkreis Forchheim,9474.0,"(49.7133, 11.1356)",86368.0,437900.7,300988.4,218768.4,260334.3,428444.4,374607.3,151850.0,453423.2,434525.9,486563.7,159542.9,423208.2,336765.3,474552.5,282812.6
7140,91413,49.5795,10.6113,Bayern,BY,Landkreis Neustadt an der Aisch-Bad Windsheim,9575.0,"(49.5795, 10.6113)",44812.2,413951.6,318432.2,190535.8,190099.2,445888.2,323066.9,159429.5,425190.6,406293.3,458331.2,157831.9,394975.6,312816.2,431720.0,258863.5
7141,91438,49.5027,10.4154,Bayern,BY,Landkreis Neustadt an der Aisch-Bad Windsheim,9575.0,"(49.5027, 10.4154)",51153.4,416289.8,337333.3,187378.2,172399.7,464789.2,305367.4,172597.5,422033.0,403135.7,455173.6,168769.3,391818.0,315154.4,428562.3,261201.6
7142,91443,49.6693,10.4655,Bayern,BY,Landkreis Neustadt an der Aisch-Bad Windsheim,9575.0,"(49.6693, 10.4655)",31669.9,400809.3,327227.4,177393.5,198980.7,454683.3,333232.5,176183.6,412048.3,393151.0,445188.9,174586.0,381833.3,299673.9,418577.6,245721.2
7143,91448,49.5528,10.7128,Bayern,BY,Landkreis Neustadt an der Aisch-Bad Windsheim,9575.0,"(49.5528, 10.7128)",53401.1,422540.5,330831.7,199124.7,200112.9,458287.6,333080.6,151146.4,433779.5,414882.2,466920.1,148938.5,403564.5,321405.1,440308.9,267452.4
7144,91452,49.4831,10.7156,Bayern,BY,Landkreis Fürth,9573.0,"(49.4831, 10.7156)",75589.7,440726.1,335528.6,211814.5,195975.9,462984.6,319082.9,148055.8,446469.3,427572.0,479609.9,144227.6,416254.3,339590.7,452998.7,285638.0
7145,91456,49.6,10.6333,Bayern,BY,Landkreis Neustadt an der Aisch-Bad Windsheim,9575.0,"(49.6, 10.6333)",47581.7,416721.1,316060.0,193305.3,193381.2,443515.9,326349.0,160785.4,427960.1,409062.8,461100.6,159187.8,397745.1,315585.7,434489.4,261633.0
7146,91459,49.4937,10.6527,Bayern,BY,Landkreis Neustadt an der Aisch-Bad Windsheim,9575.0,"(49.4937, 10.6527)",69611.3,434747.7,341079.2,205836.1,189997.5,468535.2,322965.3,153606.4,440490.9,421593.6,473631.5,149778.2,410275.9,333612.3,447020.3,279659.6
7147,91460,49.6251,10.536,Bayern,BY,Landkreis Neustadt an der Aisch-Bad Windsheim,9575.0,"(49.6251, 10.536)",37846.3,406985.7,326760.6,183569.9,198006.0,454216.5,330973.7,170883.7,418224.7,399327.3,451365.2,169286.2,388009.6,305850.3,424754.0,251897.6
7148,91462,49.6405,10.7065,Bayern,BY,Landkreis Neustadt an der Aisch-Bad Windsheim,9575.0,"(49.6405, 10.7065)",62221.0,423272.7,307850.3,194621.4,200691.9,435306.3,333659.6,157214.9,429276.2,410378.8,462416.7,164907.8,399061.2,322137.3,435805.5,268184.6
7149,91463,49.5563,10.5407,Bayern,BY,Landkreis Neustadt an der Aisch-Bad Windsheim,9575.0,"(49.5563, 10.5407)",45794.1,428633.6,324535.8,199722.1,183883.5,451991.7,316851.2,166374.8,434376.9,415479.5,467517.4,164777.2,404161.9,327498.2,440906.2,273545.5
7150,91465,49.5167,10.3333,Bayern,BY,Landkreis Neustadt an der Aisch-Bad Windsheim,9575.0,"(49.5167, 10.3333)",45048.9,410185.3,344525.7,181273.7,177901.7,471981.6,310869.4,179789.9,415928.5,397031.2,449069.1,175961.7,385713.5,309049.9,422457.9,255097.2
7151,91466,49.6312,10.6913,Bayern,BY,Landkreis Neustadt an der Aisch-Bad Windsheim,9575.0,"(49.6312, 10.6913)",53461.4,424773.5,309351.1,196122.2,199260.9,436807.1,332228.7,157497.9,430777.0,411879.6,463917.5,165190.7,400562.0,323638.1,437306.3,269685.4
7152,91468,49.6167,10.6333,Bayern,BY,Landkreis Neustadt an der Aisch-Bad Windsheim,9575.0,"(49.6167, 10.6333)",49294.4,418433.9,315230.7,195018.0,195094.0,442686.6,328061.7,162498.2,429672.9,410775.5,462813.4,160900.6,399457.8,317298.5,436202.2,263345.8
7153,91469,49.5333,10.7667,Bayern,BY,Landkreis Neustadt an der Aisch-Bad Windsheim,9575.0,"(49.5333, 10.7667)",60650.6,429790.0,329460.6,206374.2,200762.6,456916.5,333730.4,149233.1,441029.0,422131.7,474169.6,145404.9,410814.0,328654.7,447558.4,274701.9
7154,91471,49.4802,10.3817,Bayern,BY,Landkreis Neustadt an der Aisch-Bad Windsheim,9575.0,"(49.4802, 10.3817)",53108.7,418245.1,339968.5,189333.5,169162.2,467424.4,302129.9,175232.8,423988.3,405091.0,457128.9,171404.6,393773.3,317109.7,430517.6,263157.0
7155,91472,49.5275,10.4818,Bayern,BY,Landkreis Neustadt an der Aisch-Bad Windsheim,9575.0,"(49.5275, 10.4818)",57803.5,422939.8,329962.4,194028.3,178189.7,457418.3,311157.4,169593.9,428683.1,409785.7,461823.6,165765.7,398468.1,321804.4,435212.4,267851.7
7156,91474,49.6167,10.5167,Bayern,BY,Landkreis Neustadt an der Aisch-Bad Windsheim,9575.0,"(49.6167, 10.5167)",35935.2,405074.7,329133.8,181658.8,196405.3,456589.8,329373.0,168271.8,416313.6,397416.3,449454.2,166674.2,386098.6,303939.3,422843.0,249986.5
7157,91475,49.6988,10.7671,Bayern,BY,Landkreis Erlangen-Höchstadt,9572.0,"(49.6988, 10.7671)",58489.1,419540.9,299604.3,190889.5,209244.6,427060.2,346728.5,155791.8,425544.4,406647.0,458684.9,163484.7,395329.3,318405.5,432073.7,264452.8
7158,91477,49.6479,10.4249,Bayern,BY,Landkreis Neustadt an der Aisch-Bad Windsheim,9575.0,"(49.6479, 10.4249)",27369.1,396508.6,331505.3,173092.7,195524.8,458961.2,328931.7,176246.0,407747.6,388850.2,440888.1,174648.4,377532.5,295373.2,414276.9,241420.5
7159,91478,49.5909,10.3556,Bayern,BY,Landkreis Neustadt an der Aisch-Bad Windsheim,9575.0,"(49.5909, 10.3556)",42732.4,407868.8,343247.5,178957.2,183458.3,470703.5,316426.1,183396.8,413612.1,394714.7,446752.6,181799.2,383397.0,306733.4,420141.4,252780.7
7160,91480,49.7011,10.5556,Bayern,BY,Landkreis Neustadt an der Aisch-Bad Windsheim,9575.0,"(49.7011, 10.5556)",46789.1,407840.8,318217.6,179189.5,210361.0,445673.5,335028.5,178020.2,413844.3,394947.0,446984.9,174861.7,383629.3,306705.4,420373.6,252752.7
7161,91481,49.6394,10.595,Bayern,BY,Landkreis Neustadt an der Aisch-Bad Windsheim,9575.0,"(49.6394, 10.595)",45643.8,422923.5,324451.3,194272.1,198770.6,451907.2,331738.4,166174.8,428926.9,410029.6,462067.5,164577.3,398711.9,321788.1,435456.3,267835.4
7162,91483,49.7083,10.4342,Bayern,BY,Landkreis Neustadt an der Aisch-Bad Windsheim,9575.0,"(49.7083, 10.4342)",34580.0,391415.5,319019.0,166980.4,204799.0,446475.0,322819.3,188974.7,401635.2,382737.8,434775.7,180404.3,371420.2,290280.1,408164.5,236327.4
7163,91484,49.6028,10.4356,Bayern,BY,Landkreis Neustadt an der Aisch-Bad Windsheim,9575.0,"(49.6028, 10.4356)",34084.1,414052.3,335802.3,185140.8,189641.9,463258.3,322609.6,175951.6,419795.6,400898.2,452936.1,174354.0,389580.5,312916.9,426324.9,258964.2
7164,91486,49.6708,10.7202,Bayern,BY,Landkreis Neustadt an der Aisch-Bad Windsheim,9575.0,"(49.6708, 10.7202)",58340.9,419392.6,304425.8,190741.3,204799.6,431881.7,346580.2,160613.4,425396.1,406498.8,458536.6,168306.2,395181.1,318257.2,431925.4,264304.5
7165,91487,49.6876,10.6516,Bayern,BY,Landkreis Erlangen-Höchstadt,9572.0,"(49.6876, 10.6516)",53519.1,414570.8,309843.6,185919.5,210217.4,437299.6,341758.4,166031.2,420574.3,401676.9,453714.8,173724.1,390359.2,313435.4,427103.6,259482.7
7166,91489,49.5642,10.7372,Bayern,BY,Landkreis Neustadt an der Aisch-Bad Windsheim,9575.0,"(49.5642, 10.7372)",56462.6,425602.0,329069.2,202186.2,202727.6,456525.1,335695.3,149384.0,436841.0,417943.6,469981.5,150136.3,406625.9,324466.6,443370.3,270513.9
7167,91522,49.3048,10.5931,Bayern,BY,Ansbach,9561.0,"(49.3048, 10.5931)",77935.8,443072.1,345760.8,214160.6,158939.4,473216.8,291552.1,158288.0,448815.4,429918.1,481955.9,148927.0,418600.4,341936.7,455344.7,287984.0
7168,91541,49.3789,10.1871,Bayern,BY,Landkreis Ansbach,9571.0,"(49.3789, 10.1871)",53188.1,418324.5,390511.6,189412.9,151394.7,517967.6,284362.5,203038.8,424067.7,405170.4,457208.3,193677.9,393852.7,317189.1,430597.1,263236.4
7169,91550,49.0694,10.3199,Bayern,BY,Landkreis Ansbach,9571.0,"(49.0694, 10.3199)",97176.1,462312.5,388847.5,233400.9,123267.4,516303.4,285130.4,201374.6,468055.7,449158.4,501196.3,140433.2,437840.7,361177.1,474585.0,307224.4
7170,91555,49.1629,10.3385,Bayern,BY,Landkreis Ansbach,9571.0,"(49.1629, 10.3385)",83752.8,448889.2,372122.4,219977.6,132418.0,499578.4,271707.1,184649.6,454632.4,435735.1,487773.0,175288.6,424417.4,347753.8,461161.8,293801.1
7171,91560,49.3357,10.7874,Bayern,BY,Landkreis Ansbach,9571.0,"(49.3357, 10.7874)",116395.6,481532.0,332250.6,252620.4,177085.9,459706.6,309698.6,144777.8,487275.2,468377.9,520415.8,135416.9,457060.2,380396.6,493804.6,326443.9
7172,91564,49.2833,10.7833,Bayern,BY,Landkreis Ansbach,9571.0,"(49.2833, 10.7833)",111171.2,476307.6,330942.9,247396.0,171861.6,458398.9,304474.3,143470.1,482050.9,463153.5,515191.4,134109.1,451835.8,375172.2,488580.2,321219.5
7173,91567,49.2378,10.5035,Bayern,BY,Landkreis Ansbach,9571.0,"(49.2378, 10.5035)",92345.8,457482.2,355121.3,228570.6,153036.1,482577.2,285648.8,167648.5,463225.4,444328.1,496366.0,158287.5,433010.4,356346.8,469754.8,302394.1
7174,91572,49.1631,10.5557,Bayern,BY,Landkreis Ansbach,9571.0,"(49.1631, 10.5557)",100921.8,466058.2,357685.9,237146.7,144647.3,485141.8,288876.2,170213.0,471801.5,452904.1,504942.0,160852.1,441586.5,364922.8,478330.8,310970.1
7175,91575,49.2479,10.8265,Bayern,BY,Landkreis Ansbach,9571.0,"(49.2479, 10.8265)",114575.4,479711.8,329556.0,250800.2,175265.7,457011.9,307878.4,142083.1,485455.0,466557.7,518595.5,121380.5,455240.0,378576.4,491984.3,324623.6
7176,91578,49.2987,10.4119,Bayern,BY,Landkreis Ansbach,9571.0,"(49.2987, 10.4119)",73346.7,438483.0,364195.1,209571.5,152211.1,491651.0,284823.8,176722.3,444226.3,425328.9,477366.8,167361.3,414011.3,337347.6,450755.6,283394.9
7177,91580,49.3,10.75,Bayern,BY,Landkreis Ansbach,9571.0,"(49.3, 10.75)",115464.7,480601.1,330896.3,251689.5,176155.0,458352.2,308767.7,143423.4,486344.3,467447.0,519484.9,134062.5,456129.3,379465.7,492873.7,325513.0
7178,91583,49.29845,10.22735,Bayern,BY,Landkreis Ansbach,9571.0,"(49.29845, 10.22735)",62902.0,428038.4,380343.9,199126.8,142865.9,507799.9,275833.7,192871.1,433781.6,414884.3,466922.2,183510.2,403566.6,326903.0,440311.0,272950.3
7179,91586,49.2775,10.6867,Bayern,BY,Landkreis Ansbach,9571.0,"(49.2775, 10.6867)",85746.9,450883.3,337330.0,221971.8,169730.3,464785.9,302343.0,149857.1,456626.6,437729.2,489767.1,140496.2,426411.5,349747.9,463155.9,295795.2
7180,91587,49.4333,10.1667,Bayern,BY,Landkreis Ansbach,9571.0,"(49.4333, 10.1667)",45614.9,410751.2,404943.3,181839.7,165008.9,532399.2,297976.7,216653.0,416494.5,397597.1,449635.0,207292.1,386279.5,309615.8,423023.8,255663.1
7181,91589,49.25,10.4167,Bayern,BY,Landkreis Ansbach,9571.0,"(49.25, 10.4167)",85984.0,451120.4,359008.2,222208.9,146674.4,486464.2,279287.1,171535.4,456863.7,437966.3,490004.2,162174.5,426648.7,349985.0,463393.0,296032.3
7182,91590,49.3599,10.6992,Bayern,BY,Landkreis Ansbach,9571.0,"(49.3599, 10.6992)",88207.4,453343.8,343981.2,224432.2,169211.0,471437.2,301823.7,156508.4,459087.0,440189.7,492227.6,147147.5,428872.0,352208.4,465616.4,298255.7
7183,91592,49.3302,10.3348,Bayern,BY,Landkreis Ansbach,9571.0,"(49.3302, 10.3348)",67139.6,432275.9,371472.2,203364.4,151194.7,498928.1,284162.4,183999.3,438019.2,419121.9,471159.7,174638.4,407804.2,331140.6,444548.5,277187.8
7184,91593,49.451,10.3239,Bayern,BY,Landkreis Neustadt an der Aisch-Bad Windsheim,9575.0,"(49.451, 10.3239)",47836.8,412973.2,345892.4,184061.6,163890.3,473348.3,296858.0,185120.7,418716.4,399819.1,451857.0,175759.7,388501.4,311837.8,425245.7,257885.1
7185,91595,49.2333,10.5833,Bayern,BY,Landkreis Ansbach,9571.0,"(49.2333, 10.5833)",98259.8,463396.2,348815.1,234484.6,158950.1,476271.0,291562.8,161342.3,469139.4,450242.1,502280.0,151981.3,438924.4,362260.8,475668.7,308308.1
7186,91596,49.1332,10.4789,Bayern,BY,Landkreis Ansbach,9571.0,"(49.1332, 10.4789)",98105.3,463241.6,367502.0,234330.1,137444.1,494957.9,286059.6,180029.1,468984.9,450087.5,502125.4,170668.2,438769.9,362106.2,475514.2,308153.5
7187,91598,49.3548,10.4116,Bayern,BY,Landkreis Ansbach,9571.0,"(49.3548, 10.4116)",66417.8,431554.2,361459.6,202642.7,157406.2,488915.5,291768.6,173986.7,437297.5,418400.1,470438.0,164625.8,407082.5,330418.8,443826.8,276466.1
7188,91599,49.1477,10.4231,Bayern,BY,Landkreis Ansbach,9571.0,"(49.1477, 10.4231)",91207.7,456344.1,373298.9,227432.6,136141.7,500754.9,279162.1,185826.1,462087.4,443190.0,495227.9,176465.1,431872.4,355208.7,468616.7,301256.0
7189,91601,49.2535,10.2854,Bayern,BY,Landkreis Ansbach,9571.0,"(49.2535, 10.2854)",70672.3,435808.6,372525.0,206897.1,136308.0,499980.9,268920.7,185052.2,441551.9,422654.6,474692.4,175691.2,411336.9,334673.3,448081.2,280720.5
7190,91602,49.1078,10.385,Bayern,BY,Landkreis Ansbach,9571.0,"(49.1078, 10.385)",91674.0,456810.4,379524.4,227898.8,130900.0,506980.4,279628.3,192051.6,462553.6,443656.3,495694.2,144367.4,432338.6,355675.0,469082.9,301722.3
7191,91604,49.4407,10.5224,Bayern,BY,Landkreis Ansbach,9571.0,"(49.4407, 10.5224)",65937.7,431074.1,352569.3,202162.6,174589.0,480025.2,308951.4,165096.4,436817.4,417920.0,469957.9,161268.2,406602.4,329938.7,443346.7,275986.0
7192,91605,49.45,10.2667,Bayern,BY,Landkreis Neustadt an der Aisch-Bad Windsheim,9575.0,"(49.45, 10.2667)",43184.2,408320.6,402512.6,179409.0,159237.7,529968.6,292205.4,210881.7,414063.8,395166.5,447204.4,201520.8,383848.8,307185.2,420593.1,253232.5
7193,91607,49.35,10.2,Bayern,BY,Landkreis Ansbach,9571.0,"(49.35, 10.2)",54825.9,419962.3,391709.0,191050.7,152592.0,519164.9,285559.8,204236.1,425705.5,406808.2,458846.1,194875.2,395490.5,318826.9,432234.9,264874.2
7194,91608,49.3664,10.3153,Bayern,BY,Landkreis Ansbach,9571.0,"(49.3664, 10.3153)",59106.9,424243.2,368962.8,195331.7,156873.0,496418.7,289840.8,181490.0,429986.5,411089.2,463127.0,172129.0,399771.5,323107.8,436515.8,269155.1
7195,91610,49.3,10.1667,Bayern,BY,Landkreis Ansbach,9571.0,"(49.3, 10.1667)",61850.0,426986.4,381574.9,198074.8,142824.4,509030.8,275792.2,194102.0,432729.6,413832.3,465870.1,184741.1,402514.6,325851.0,439258.9,271898.2
7196,91611,49.3457,10.511,Bayern,BY,Landkreis Ansbach,9571.0,"(49.3457, 10.511)",69900.7,435037.1,353163.8,206125.5,163210.1,480619.7,296993.3,165690.9,440780.3,421883.0,473920.9,156330.0,410565.3,333901.7,447309.7,279949.0
7197,91613,49.4416,10.3636,Bayern,BY,Landkreis Neustadt an der Aisch-Bad Windsheim,9575.0,"(49.4416, 10.3636)",53189.4,418325.8,369081.3,189414.3,169242.9,496537.2,302210.7,181608.4,424069.1,405171.7,457209.6,172247.5,393854.0,317190.4,430598.4,263237.7
7198,91614,49.0185,10.3586,Bayern,BY,Landkreis Ansbach,9571.0,"(49.0185, 10.3586)",103796.7,468933.1,395865.8,240021.5,116276.6,523321.8,291751.1,156907.2,474676.4,455779.0,507816.9,135671.7,444461.3,367797.7,481205.7,313845.0
7199,91616,49.3719,10.2256,Bayern,BY,Landkreis Ansbach,9571.0,"(49.3719, 10.2256)",52249.6,417386.0,389132.7,188474.4,150015.8,516588.6,282983.5,201659.8,423129.3,404231.9,456269.8,192298.9,392914.2,316250.6,429658.6,262297.9
7200,91617,49.4167,10.4333,Bayern,BY,Landkreis Ansbach,9571.0,"(49.4167, 10.4333)",60863.0,425999.4,364992.0,197087.9,171713.2,492447.9,304680.9,177519.1,431742.7,412845.3,464883.2,168158.2,401527.6,324864.0,438272.0,270911.3
7201,91619,49.4519,10.4667,Bayern,BY,Landkreis Neustadt an der Aisch-Bad Windsheim,9575.0,"(49.4519, 10.4667)",59848.4,424984.7,355600.1,196073.2,180234.6,483056.1,313202.3,168127.3,430728.0,411830.6,463868.5,164299.1,400513.0,323849.3,437257.3,269896.6
