,zipcode,lat,long,state,state_code,community_name,community_code,coor,AKB Kitzingen,AKB Dortmund,AKB Zörbig,AKB Schöneck,AKB Buch,Mosolf Etzin,Mosolf Kippenheim,BLG Kelheim,BLG Duisburg,BLG Neuss,Carservice Erkens,ARS Altmann Wolnzach,CAT Zülpich,Autohaus Siebrecht,Neu: FleetParQ Essen ,Neu: FleetParQ Kassel
2460,34626,50.8691,9.3465,Hessen,HE,Schwalm-Eder-Kreis,6634.0,"(50.8691, 9.3465)",168092.2,219223.0,304869.9,123581.4,363022.8,409721.5,349464.4,373852.2,298304.1,270022.1,325278.1,381545.1,279943.7,118087.6,255874.7,64134.9
2461,34628,50.85,9.2,Hessen,HE,Schwalm-Eder-Kreis,6634.0,"(50.85, 9.2)",180494.2,219651.6,322921.8,116885.6,375424.8,419779.4,342768.5,386254.2,298732.6,263326.2,325706.7,393947.1,273247.8,128145.5,256303.3,68586.5
2462,34630,50.95,9.0667,Hessen,HE,Schwalm-Eder-Kreis,6634.0,"(50.95, 9.0667)",198306.5,215265.8,297236.0,124037.3,393237.1,415393.6,349626.9,404066.5,294346.9,255229.0,321320.9,411759.3,265150.6,123759.7,251917.5,64200.7
2463,34632,51.0,9.15,Hessen,HE,Schwalm-Eder-Kreis,6634.0,"(51.0, 9.15)",205502.6,200410.1,282380.3,133211.3,400433.2,400538.0,358800.9,411262.6,279491.2,268363.1,306465.3,418955.4,274324.6,108904.0,237061.9,49345.1
2464,34633,50.806,9.3857,Hessen,HE,Schwalm-Eder-Kreis,6634.0,"(50.806, 9.3857)",158991.8,225817.3,301965.7,117434.4,353922.4,429421.6,343317.3,364751.8,285587.9,263875.0,318728.5,372444.6,273796.6,124681.9,262469.0,70729.2
2465,34637,50.8333,9.2833,Hessen,HE,Schwalm-Eder-Kreis,6634.0,"(50.8333, 9.2833)",175655.1,221685.1,318082.8,115940.1,370585.7,445538.7,341823.1,381415.1,284093.7,262380.8,317234.2,389108.0,272302.3,125103.2,258336.8,70620.0
2466,34639,50.9098,9.4466,Hessen,HE,Schwalm-Eder-Kreis,6634.0,"(50.9098, 9.4466)",173290.8,210090.4,304794.6,132900.5,368221.4,400588.9,358783.5,379050.8,289171.5,278043.4,316145.5,386743.6,289262.7,108955.0,246742.1,55002.3
2467,35037,50.803,8.7625,Hessen,HE,Marburg-Biedenkopf,6534.0,"(50.803, 8.7625)",217064.9,168203.0,381507.9,92739.1,411995.4,447667.0,318328.7,419902.1,245643.7,223930.8,278784.2,427595.0,233852.4,156033.0,223117.7,96474.1
2468,35039,50.8098,8.7773,Hessen,HE,Marburg-Biedenkopf,6534.0,"(50.8098, 8.7773)",218306.0,167579.6,328886.0,93980.3,413236.6,447043.6,319569.9,421143.3,246884.9,225172.0,280025.4,428836.1,235093.6,155409.7,224358.9,95850.7
2469,35041,50.8165,8.7513,Hessen,HE,Marburg-Biedenkopf,6534.0,"(50.8165, 8.7513)",221313.0,167506.2,328812.6,96987.2,416243.5,446970.2,322576.8,424150.2,219261.2,197548.3,252401.8,431843.1,207469.9,155336.3,196735.2,95777.3
2470,35043,50.7765,8.7645,Hessen,HE,Marburg-Biedenkopf,6534.0,"(50.7765, 8.7645)",216399.8,171688.3,380842.9,92074.1,411330.4,451152.3,317663.7,419237.1,244978.7,223265.8,278119.2,426929.9,233187.4,159518.4,222452.7,99959.4
2471,35066,51.0585,8.7833,Hessen,HE,Landkreis Waldeck-Frankenberg,6635.0,"(51.0585, 8.7833)",253658.3,138883.6,306521.7,129332.6,448588.9,424679.3,354922.2,433129.5,217964.7,206836.7,244938.8,440822.4,220636.5,116286.3,175535.4,73486.4
2472,35075,50.7685,8.5808,Hessen,HE,Marburg-Biedenkopf,6534.0,"(50.7685, 8.5808)",223245.8,161716.4,387688.8,98920.0,418176.3,466305.4,324509.6,426083.0,206199.8,184486.9,239340.4,433775.9,194408.5,174671.4,183673.9,115112.5
2473,35080,50.75,8.5,Hessen,HE,Marburg-Biedenkopf,6534.0,"(50.75, 8.5)",222603.6,154828.1,392002.9,98277.9,417534.2,474845.0,323867.5,425440.9,199311.6,177598.7,232452.1,433133.7,187520.3,183211.0,176785.6,123652.1
2474,35083,50.9025,8.7237,Hessen,HE,Marburg-Biedenkopf,6534.0,"(50.9025, 8.7237)",231940.6,152699.1,329731.3,107614.9,426871.2,447889.0,333204.5,434777.9,218084.5,196371.6,251225.1,442470.7,206293.2,156255.0,189350.9,96696.1
2475,35085,50.726,8.857,Hessen,HE,Marburg-Biedenkopf,6534.0,"(50.726, 8.857)",215451.1,199546.5,350519.0,91125.3,410381.7,477974.9,316714.9,413851.4,244029.9,222317.0,277170.5,421544.2,232238.6,157313.7,221504.0,97754.8
2476,35088,51.0136,8.6473,Hessen,HE,Landkreis Waldeck-Frankenberg,6635.0,"(51.0136, 8.6473)",247556.5,136748.9,319018.7,123230.8,442487.1,437176.4,348820.3,450393.7,215830.0,199626.4,242804.1,458086.6,209548.0,130309.9,173400.7,85983.4
2477,35091,50.851,8.7809,Hessen,HE,Marburg-Biedenkopf,6534.0,"(50.851, 8.7809)",223370.3,161400.0,322945.2,99044.6,418300.9,441102.8,324634.2,426207.6,251949.2,230236.2,285089.7,433900.4,240157.8,149468.9,198051.8,89909.9
2478,35094,50.8619,8.6976,Hessen,HE,Marburg-Biedenkopf,6534.0,"(50.8619, 8.6976)",232574.2,159635.6,330364.9,108248.5,427504.8,448522.6,333838.1,435411.5,213871.3,192158.4,247011.9,443104.3,202080.0,156888.6,191345.4,97329.7
2479,35096,50.7542,8.6958,Hessen,HE,Marburg-Biedenkopf,6534.0,"(50.7542, 8.6958)",213558.0,170713.1,378001.0,89232.3,408488.6,456617.6,314821.8,416395.2,215196.6,193483.6,248337.1,424088.1,203405.2,164983.6,192670.6,105424.7
2480,35099,51.0,8.75,Hessen,HE,Landkreis Waldeck-Frankenberg,6635.0,"(51.0, 8.75)",243745.0,144600.1,313052.6,119419.2,438675.6,431210.3,345008.8,446582.2,223681.2,209767.9,250655.3,454275.1,219689.5,124343.8,181251.9,80017.4
2481,35102,50.7333,8.6333,Hessen,HE,Marburg-Biedenkopf,6534.0,"(50.7333, 8.6333)",213878.6,163035.3,378321.6,89552.8,408809.1,505777.5,315142.4,416715.8,207518.8,185805.9,240659.3,424408.7,195727.5,170824.8,184992.8,111265.8
2482,35104,51.1583,8.7958,Hessen,HE,Landkreis Waldeck-Frankenberg,6635.0,"(51.1583, 8.7958)",266583.6,129874.8,307448.4,142257.8,461514.2,425606.0,367847.4,446054.8,208955.9,197827.8,235930.0,453747.6,211054.7,97577.5,166526.6,74728.5
2483,35108,51.03332,8.679179999999999,Hessen,HE,Landkreis Waldeck-Frankenberg,6635.0,"(51.03332, 8.679179999999999)",250813.4,135277.9,316200.1,126487.7,445744.0,434357.8,352077.2,453650.6,214358.9,202462.4,241333.0,461343.5,212384.0,127491.3,171929.6,83164.9
2484,35110,51.0927,8.9345,Hessen,HE,Landkreis Waldeck-Frankenberg,6635.0,"(51.0927, 8.9345)",228124.8,153045.0,294513.3,140421.1,423055.3,412671.0,366010.7,433884.7,232126.1,225883.3,259100.2,441577.6,235804.9,121037.0,189696.8,61478.1
2485,35112,50.7,8.7,Hessen,HE,Marburg-Biedenkopf,6534.0,"(50.7, 8.7)",204853.6,169681.6,369296.6,80527.8,399784.1,496752.5,306117.4,407690.8,214165.0,192452.1,247305.6,415383.7,202373.7,171420.2,191639.1,111861.2
2486,35114,51.0278,8.9667,Hessen,HE,Landkreis Waldeck-Frankenberg,6635.0,"(51.0278, 8.9667)",212547.1,156864.7,297533.2,129043.3,407477.7,415690.8,354632.9,418307.1,235945.8,225979.7,262919.9,426000.0,235901.3,124056.8,193516.5,64497.9
2487,35116,51.0109,8.5866,Hessen,HE,Landkreis Waldeck-Frankenberg,6635.0,"(51.0109, 8.5866)",251628.5,143421.0,325617.1,127302.8,446559.1,443774.8,352892.4,454465.8,221368.2,199655.3,254508.8,462158.6,209576.9,136908.3,180072.8,92581.9
2488,35117,50.9608,8.7184,Hessen,HE,Marburg-Biedenkopf,6534.0,"(50.9608, 8.7184)",238817.9,145543.5,318628.6,114492.1,433748.5,436786.3,340081.7,441655.1,224624.6,202498.3,251598.7,449348.0,212419.9,129919.8,182195.3,85593.4
2489,35119,50.9744,8.8674,Hessen,HE,Landkreis Waldeck-Frankenberg,6635.0,"(50.9744, 8.8674)",240272.7,153972.3,306198.1,115947.0,435203.3,424355.7,341536.6,443110.0,233053.4,223087.2,260027.4,450802.9,233008.8,132721.8,190624.0,73162.8
2490,35216,50.9112,8.5302,Hessen,HE,Marburg-Biedenkopf,6534.0,"(50.9112, 8.5302)",241720.7,155930.2,337197.1,117395.0,436651.3,455354.8,342984.6,444558.0,206953.5,185240.6,240094.1,452250.8,195162.2,148488.3,184427.6,104161.9
2491,35232,50.8417,8.5542,Hessen,HE,Marburg-Biedenkopf,6534.0,"(50.8417, 8.5542)",230403.6,159104.1,343838.1,106077.8,425334.1,461995.8,331667.4,433240.8,203587.6,181874.6,236728.1,440933.7,191796.2,170361.8,181061.6,110802.8
2492,35236,50.8873,8.4575,Hessen,HE,Marburg-Biedenkopf,6534.0,"(50.8873, 8.4575)",247354.8,152161.2,342295.9,123029.1,442285.4,460453.6,348618.6,450192.0,196644.6,174931.7,229785.2,457884.9,184853.3,153587.1,174118.7,109260.7
2493,35239,50.85,8.4833,Hessen,HE,Marburg-Biedenkopf,6534.0,"(50.85, 8.4833)",238903.3,151730.9,403346.3,114577.6,433833.9,467872.3,340167.2,441740.6,196214.4,174501.5,229354.9,449433.4,184423.1,159611.6,173688.4,116679.4
2494,35260,50.8226,9.0129,Hessen,HE,Marburg-Biedenkopf,6534.0,"(50.8226, 9.0129)",192302.9,227791.3,309761.5,100757.6,387233.5,427919.1,326640.5,398062.9,262356.6,240643.7,295497.1,405755.8,250565.3,136285.2,264443.0,76726.2
2495,35274,50.8272,8.9281,Hessen,HE,Marburg-Biedenkopf,6534.0,"(50.8272, 8.9281)",196241.0,171765.3,338668.6,103283.7,391171.6,433884.6,328873.2,402001.0,256188.2,234475.3,289328.8,409693.9,244396.9,142250.6,208417.1,82691.7
2496,35279,50.85,9.1167,Hessen,HE,Marburg-Biedenkopf,6534.0,"(50.85, 9.1167)",184884.9,218285.2,300255.4,109953.9,379815.5,418413.1,335836.9,390644.9,297366.3,248453.1,324340.4,398337.8,258374.7,126779.1,254937.0,67220.2
2497,35282,50.8833,8.9186,Hessen,HE,Marburg-Biedenkopf,6534.0,"(50.8833, 8.9186)",234893.5,168025.3,313368.4,110567.8,429824.1,431526.1,336157.4,410201.7,263472.4,241759.5,296612.9,417894.6,251681.1,139892.1,204677.0,80333.2
2498,35285,50.9667,8.9667,Hessen,HE,Landkreis Waldeck-Frankenberg,6635.0,"(50.9667, 8.9667)",209230.3,161307.4,297358.6,120151.6,404160.9,415516.2,345741.2,414990.3,240388.5,251343.2,267362.5,422683.2,261264.8,123882.2,197959.1,64323.3
2499,35287,50.796,8.9233,Hessen,HE,Marburg-Biedenkopf,6534.0,"(50.796, 8.9233)",196723.9,174229.1,339151.5,99575.8,391654.4,437625.1,325165.4,402483.8,252480.4,230767.4,285620.9,410176.7,240689.0,145991.1,229954.4,86432.2
2500,35288,50.9375,8.9333,Hessen,HE,Marburg-Biedenkopf,6534.0,"(50.9375, 8.9333)",243130.8,160741.6,302798.8,118805.1,438061.4,420956.5,344394.7,418642.8,239822.7,249996.8,266796.8,426335.6,259918.4,129322.5,197393.4,69763.6
2501,35305,50.594,8.9587,Hessen,HE,Gießen,6531.0,"(50.594, 8.9587)",183927.0,201082.6,344739.3,59601.2,378857.5,472195.2,303295.4,408071.7,245566.0,223853.1,278706.6,415764.5,233774.7,179798.4,223040.1,125845.7
2502,35315,50.7333,9.0,Hessen,HE,Vogelsbergkreis,6535.0,"(50.7333, 9.0)",190293.0,212058.9,332720.6,88388.8,385223.6,460176.6,314271.8,396053.0,256542.4,234829.5,289682.9,403745.9,244751.1,149527.6,234016.4,89968.6
2503,35321,50.542,8.9903,Hessen,HE,Gießen,6531.0,"(50.542, 8.9903)",179624.3,203574.5,352418.9,55298.5,374554.9,479874.8,300201.8,382461.5,248057.9,226345.0,281198.4,390154.4,236266.6,187478.0,225531.9,133525.3
2504,35325,50.6284,9.0547,Hessen,HE,Vogelsbergkreis,6535.0,"(50.6284, 9.0547)",199108.5,207336.5,341536.1,83666.4,394039.1,468992.0,309549.4,404868.5,251820.0,230107.1,284960.5,412561.3,240028.6,176595.3,229294.0,122642.5
2505,35327,50.5755,9.1927,Hessen,HE,Vogelsbergkreis,6535.0,"(50.5755, 9.1927)",152770.2,224095.3,333021.1,61518.6,347700.8,460477.0,326308.1,358530.2,268578.7,246865.8,301719.2,366223.1,256787.4,168080.2,246052.7,114127.5
2506,35329,50.7,9.05,Hessen,HE,Vogelsbergkreis,6535.0,"(50.7, 9.05)",191060.7,211160.6,333488.4,87490.5,385991.3,460944.3,313373.5,396820.7,255644.1,233931.2,288784.6,404513.6,243852.7,151485.7,233118.1,91926.8
2507,35390,50.5849,8.6742,Hessen,HE,Gießen,6531.0,"(50.5849, 8.6742)",190647.6,173306.6,359386.9,66321.9,385578.2,486842.8,291911.4,393484.8,217790.1,196077.1,250930.6,401177.7,205998.7,194446.0,195264.1,140493.3
2508,35392,50.5669,8.6538,Hessen,HE,Gießen,6531.0,"(50.5669, 8.6538)",189505.5,172422.8,367624.5,65179.7,384436.0,495080.5,290769.3,392342.7,216906.3,195193.4,250046.8,400035.6,205115.0,202683.7,194380.3,148731.0
2509,35394,50.5746,8.7135,Hessen,HE,Gießen,6531.0,"(50.5746, 8.7135)",190118.3,180211.8,361218.6,65792.6,385048.9,488674.5,291382.2,392955.6,224695.2,202982.3,257835.7,400648.4,212903.9,196277.8,202169.2,142325.1
2510,35396,50.6165,8.7044,Hessen,HE,Gießen,6531.0,"(50.6165, 8.7044)",194473.6,179383.3,359730.9,70147.9,389404.2,487186.9,295737.4,397310.8,223866.8,202153.8,257007.3,405003.7,212075.4,194790.1,201340.8,140837.4
2511,35398,50.5833,8.65,Hessen,HE,Gießen,6531.0,"(50.5833, 8.65)",191094.3,172093.1,364467.2,66768.6,386024.9,491923.1,292358.2,393931.6,216576.6,194863.7,249717.1,401624.5,204785.2,199526.3,194050.6,145573.6
2512,35410,50.4737,8.8933,Hessen,HE,Gießen,6531.0,"(50.4737, 8.8933)",168324.6,195625.0,367864.2,43998.9,363255.2,495320.1,289670.9,371161.8,240108.5,218395.6,273249.0,378854.7,228317.2,202923.3,217582.5,148970.6
2513,35415,50.5167,8.7,Hessen,HE,Gießen,6531.0,"(50.5167, 8.7)",180553.6,178457.7,366113.9,56227.9,375484.2,493569.8,289628.1,383390.8,222941.2,201228.2,256081.7,391083.7,211149.8,201173.0,200415.2,147220.3
2514,35418,50.6148,8.783,Hessen,HE,Gießen,6531.0,"(50.6148, 8.783)",192293.2,188561.2,353320.0,67967.5,387223.8,480775.9,293850.4,395130.5,233044.6,211331.7,266185.2,402823.3,221253.3,188379.1,210518.6,134426.4
2515,35423,50.5208,8.8157,Hessen,HE,Gießen,6531.0,"(50.5208, 8.8157)",177220.2,189613.1,359878.7,52894.5,372150.8,487334.6,283659.0,380057.5,234096.6,212383.7,267237.1,387750.3,222305.2,194937.8,211570.6,140985.1
2516,35428,50.5,8.6667,Hessen,HE,Gießen,6531.0,"(50.5, 8.6667)",187228.8,176039.5,378365.0,62903.1,382159.4,505821.0,280159.5,390066.0,220522.9,198810.0,253663.5,397758.9,208731.6,213424.2,197996.9,136398.2
2517,35435,50.6167,8.65,Hessen,HE,Gießen,6531.0,"(50.6167, 8.65)",194477.1,175475.9,362985.6,70151.4,389407.7,490441.5,295741.0,397314.4,219959.4,198246.4,253099.9,405007.2,208168.0,198044.7,197433.4,144092.0
2518,35440,50.5374,8.6497,Hessen,HE,Gießen,6531.0,"(50.5374, 8.6497)",183579.2,173672.7,371203.5,59253.5,378509.8,498659.4,284843.1,386416.5,218156.1,196443.2,251296.6,394109.3,206364.8,206262.7,195630.1,129236.7
2519,35444,50.6182,8.6017,Hessen,HE,Gießen,6531.0,"(50.6182, 8.6017)",197707.3,171437.9,365813.9,73381.6,392637.9,493269.8,298971.1,400544.5,215921.4,194208.5,249061.9,408237.4,204130.1,200873.0,193395.4,146920.3
2520,35447,50.6,8.8333,Hessen,HE,Gießen,6531.0,"(50.6, 8.8333)",188856.2,189723.2,350742.0,64530.5,383786.8,478197.9,290413.4,391693.4,234206.7,212493.8,267347.2,399386.3,222415.4,185801.1,211680.7,131848.4
2521,35452,50.5833,8.6333,Hessen,HE,Gießen,6531.0,"(50.5833, 8.6333)",191980.7,171163.4,365353.5,67655.0,386911.3,492809.5,293244.6,394818.0,215646.9,193934.0,248787.4,402510.8,203855.6,200412.7,193120.9,146460.0
2522,35457,50.6465,8.7049,Hessen,HE,Gießen,6531.0,"(50.6465, 8.7049)",198040.1,181573.9,361921.5,73714.4,392970.7,489377.5,299304.0,400877.4,226057.4,204344.4,259197.9,408570.2,214266.0,196980.7,203531.4,115153.3
2523,35460,50.662,8.7316,Hessen,HE,Gießen,6531.0,"(50.662, 8.7316)",200547.1,184642.5,364990.2,76221.4,395477.7,492446.1,301811.0,403384.4,229126.0,207413.1,262266.5,411077.3,217334.7,172775.4,206600.0,113216.4
2524,35463,50.55,8.7833,Hessen,HE,Gießen,6531.0,"(50.55, 8.7833)",183937.3,186208.2,358141.8,59611.6,378867.9,485597.8,285494.5,386774.6,230691.7,208978.7,263832.2,394467.4,218900.3,193201.0,208165.7,139248.3
2525,35466,50.6775,8.8643,Hessen,HE,Gießen,6531.0,"(50.6775, 8.8643)",203863.1,194176.4,346395.7,79537.3,398793.6,473851.7,305420.3,409728.1,238659.8,216946.9,271800.4,417421.0,226868.5,181454.9,216133.9,127502.2
2526,35469,50.6833,8.8333,Hessen,HE,Gießen,6531.0,"(50.6833, 8.8333)",201485.4,191955.1,349525.8,77159.6,396416.0,476981.7,303042.6,412858.2,236438.6,214725.6,269579.1,420551.0,224647.2,184584.9,213912.6,130632.2
2527,35510,50.4339,8.6712,Hessen,HE,Wetteraukreis,6440.0,"(50.4339, 8.6712)",173784.0,182475.6,371256.1,35681.9,368714.6,498712.0,269794.1,376621.2,226959.0,205246.1,260099.6,384314.1,215167.7,206315.2,204433.0,152362.5
2528,35516,50.4563,8.7293,Hessen,HE,Wetteraukreis,6440.0,"(50.4563, 8.7293)",173120.3,184989.9,372528.4,48794.6,368050.9,499984.3,272674.7,375957.5,229473.3,207760.4,262613.9,383650.4,217682.0,207587.5,206947.3,153634.8
2529,35519,50.4305,8.7369,Hessen,HE,Wetteraukreis,6440.0,"(50.4305, 8.7369)",172580.0,188033.8,372597.8,34335.1,367510.5,500053.7,272017.5,375417.2,232517.3,210804.3,265657.8,383110.1,220725.9,207656.9,209991.3,153704.2
2530,35576,50.5665,8.5247,Hessen,HE,Lahn-Dill-Kreis,6532.0,"(50.5665, 8.5247)",193690.1,163719.6,375061.5,69364.4,388620.7,502517.5,294954.0,396527.4,208203.1,186490.2,241343.6,404220.2,196411.8,210120.7,185677.1,156168.0
2531,35578,50.5455,8.505,Hessen,HE,Lahn-Dill-Kreis,6532.0,"(50.5455, 8.505)",194447.7,162908.8,378984.4,70122.0,389378.3,506440.3,295711.6,397285.0,207392.2,185679.3,240532.7,404977.8,195600.9,214043.5,184866.2,160090.8
2532,35579,50.55,8.5,Hessen,HE,Lahn-Dill-Kreis,6532.0,"(50.55, 8.5)",193768.5,162229.6,378305.2,69442.8,388699.1,505761.1,295032.4,396605.8,206713.0,185000.1,239853.6,404298.7,194921.7,213364.3,184187.0,159411.6
2533,35580,50.55,8.5,Hessen,HE,Lahn-Dill-Kreis,6532.0,"(50.55, 8.5)",193768.5,162229.6,378305.2,69442.8,388699.1,505761.1,295032.4,396605.8,206713.0,185000.1,239853.6,404298.7,194921.7,213364.3,184187.0,159411.6
2534,35581,50.55,8.5,Hessen,HE,Lahn-Dill-Kreis,6532.0,"(50.55, 8.5)",193768.5,162229.6,378305.2,69442.8,388699.1,505761.1,295032.4,396605.8,206713.0,185000.1,239853.6,404298.7,194921.7,213364.3,184187.0,159411.6
2535,35582,50.55,8.5,Hessen,HE,Lahn-Dill-Kreis,6532.0,"(50.55, 8.5)",193768.5,162229.6,378305.2,69442.8,388699.1,505761.1,295032.4,396605.8,206713.0,185000.1,239853.6,404298.7,194921.7,213364.3,184187.0,159411.6
2536,35583,50.55,8.5,Hessen,HE,Lahn-Dill-Kreis,6532.0,"(50.55, 8.5)",193768.5,162229.6,378305.2,69442.8,388699.1,505761.1,295032.4,396605.8,206713.0,185000.1,239853.6,404298.7,194921.7,213364.3,184187.0,159411.6
2537,35584,50.55,8.5,Hessen,HE,Lahn-Dill-Kreis,6532.0,"(50.55, 8.5)",193768.5,162229.6,378305.2,69442.8,388699.1,505761.1,295032.4,396605.8,206713.0,185000.1,239853.6,404298.7,194921.7,213364.3,184187.0,159411.6
2538,35585,50.55,8.5,Hessen,HE,Lahn-Dill-Kreis,6532.0,"(50.55, 8.5)",193768.5,162229.6,378305.2,69442.8,388699.1,505761.1,295032.4,396605.8,206713.0,185000.1,239853.6,404298.7,194921.7,213364.3,184187.0,159411.6
2539,35586,50.55,8.5,Hessen,HE,Lahn-Dill-Kreis,6532.0,"(50.55, 8.5)",193768.5,162229.6,378305.2,69442.8,388699.1,505761.1,295032.4,396605.8,206713.0,185000.1,239853.6,404298.7,194921.7,213364.3,184187.0,159411.6
2540,35606,50.5362,8.407,Hessen,HE,Lahn-Dill-Kreis,6532.0,"(50.5362, 8.407)",204072.0,162727.3,386134.4,79746.3,399002.6,513590.3,305335.9,406909.3,207210.8,185497.9,240351.3,414602.1,181335.3,221193.5,184684.8,167240.8
2541,35614,50.5916,8.4627,Hessen,HE,Lahn-Dill-Kreis,6532.0,"(50.5916, 8.4627)",201246.5,160765.6,383599.6,76920.8,396177.1,511055.6,302510.4,404083.8,205249.1,183536.2,238389.6,411776.6,193457.8,218658.8,182723.1,164706.1
