,zipcode,lat,long,state,state_code,community_name,community_code,coor,AKB Kitzingen,AKB Dortmund,AKB Zörbig,AKB Schöneck,AKB Buch,Mosolf Etzin,Mosolf Kippenheim,BLG Kelheim,BLG Duisburg,BLG Neuss,Carservice Erkens,ARS Altmann Wolnzach,CAT Zülpich,Autohaus Siebrecht,Neu: FleetParQ Essen ,Neu: FleetParQ Kassel
7202,91620,49.4706,10.2101,Bayern,BY,Landkreis Ansbach,9571.0,"(49.4706, 10.2101)",40188.1,405324.5,399516.6,176413.0,165310.4,526972.5,298278.2,216954.5,411067.8,392170.4,444208.3,207593.6,380852.8,304189.1,417597.1,250236.4
7203,91622,49.4,10.5833,Bayern,BY,Landkreis Ansbach,9571.0,"(49.4, 10.5833)",74814.1,439950.5,358588.6,211038.9,170424.7,486044.5,303037.4,171115.8,445693.8,426796.4,478834.3,161754.8,415478.7,338815.1,452223.1,284862.4
7204,91623,49.29,10.6597,Bayern,BY,Landkreis Ansbach,9571.0,"(49.29, 10.6597)",84069.8,449206.2,339073.8,220294.7,171474.2,466529.8,304086.9,151601.0,454949.5,436052.1,488090.0,142240.0,424734.4,348070.8,461478.8,294118.1
7205,91625,49.1705,10.2321,Bayern,BY,Landkreis Ansbach,9571.0,"(49.1705, 10.2321)",76780.0,441916.4,378257.5,213004.8,125755.4,505713.4,264734.3,190784.7,447659.6,428762.3,480800.2,181423.7,417444.6,340781.0,454189.0,286828.3
7206,91626,49.1192,10.3077,Bayern,BY,Landkreis Ansbach,9571.0,"(49.1192, 10.3077)",89333.6,454470.0,383899.4,225558.5,127638.3,511355.3,277288.0,196426.5,460213.3,441315.9,493353.8,187065.6,429998.3,353334.6,466742.6,299381.9
7207,91628,49.4167,10.2167,Bayern,BY,Landkreis Ansbach,9571.0,"(49.4167, 10.2167)",44936.5,410072.9,404264.9,181161.3,157298.1,531720.9,290265.9,208942.2,415816.1,396918.8,448956.7,199581.3,385601.1,308937.5,422345.4,254984.8
7208,91629,49.35,10.6167,Bayern,BY,Landkreis Ansbach,9571.0,"(49.35, 10.6167)",80157.9,445294.3,347900.4,216382.7,167595.8,475356.3,300208.5,160427.6,451037.5,432140.2,484178.1,151066.6,420822.5,344158.9,457566.9,290206.2
7209,91631,49.2579,10.1569,Bayern,BY,Landkreis Ansbach,9571.0,"(49.2579, 10.1569)",71991.6,437128.0,381144.1,208216.5,142393.7,508600.0,260770.8,193671.3,442871.3,423973.9,476011.8,184310.3,412656.3,335992.6,449400.6,282039.9
7210,91632,49.1667,10.4833,Bayern,BY,Landkreis Ansbach,9571.0,"(49.1667, 10.4833)",95421.8,460558.2,364012.1,231646.6,144087.0,491468.0,283376.1,176539.3,466301.4,447404.1,499442.0,167178.3,436086.4,359422.8,472830.8,305470.1
7211,91634,49.0243,10.395,Bayern,BY,Landkreis Ansbach,9571.0,"(49.0243, 10.395)",105126.3,470262.7,396304.5,241351.1,119504.8,523760.4,293080.6,154015.9,476005.9,457108.6,509146.4,132780.4,445790.9,369127.3,482535.2,315174.5
7212,91635,49.4,10.3,Bayern,BY,Landkreis Ansbach,9571.0,"(49.4, 10.3)",52244.7,417381.1,372890.7,188469.5,159731.9,500346.6,292699.6,185417.8,423124.3,404227.0,456264.9,176056.9,392909.3,316245.7,429653.6,262293.0
7213,91637,49.2581,10.2418,Bayern,BY,Landkreis Ansbach,9571.0,"(49.2581, 10.2418)",65982.8,431119.2,373497.8,202207.6,135917.1,500953.7,268884.9,186025.0,436862.4,417965.1,470003.0,176664.0,406647.4,329983.8,443391.8,276031.1
7214,91639,49.2267,10.7277,Bayern,BY,Landkreis Ansbach,9571.0,"(49.2267, 10.7277)",107620.2,472756.6,342375.7,243845.0,168310.6,469831.7,300923.3,154902.9,478499.9,459602.5,511640.4,145542.0,448284.8,371621.2,485029.2,317668.5
7215,91710,49.1166,10.7597,Bayern,BY,Landkreis Weißenburg-Gunzenhausen,9577.0,"(49.1166, 10.7597)",116965.5,482101.9,342644.2,253190.4,137617.2,470100.1,310268.6,111254.6,487845.2,468947.8,520985.7,108349.2,457630.1,380966.5,494374.5,327013.8
7216,91717,49.0433,10.5991,Bayern,BY,Landkreis Ansbach,9571.0,"(49.0433, 10.5991)",119495.2,484631.6,359244.0,255720.0,123616.2,486699.9,307449.6,129254.8,490374.9,471477.5,523515.4,125341.5,460159.8,383496.2,496904.2,329543.5
7217,91719,49.0172,10.7435,Bayern,BY,Landkreis Weißenburg-Gunzenhausen,9577.0,"(49.0172, 10.7435)",130672.2,495808.5,357272.6,266897.0,128550.0,484728.5,323975.2,109361.5,501551.8,482654.4,534692.3,105995.3,471336.8,394673.1,508081.1,340720.4
7218,91720,49.1444,10.881,Bayern,BY,Landkreis Weißenburg-Gunzenhausen,9577.0,"(49.1444, 10.881)",129393.9,494530.2,344843.5,265618.7,150023.5,472299.5,322696.9,118814.2,500273.5,481376.2,533414.0,125647.1,470058.5,393394.8,506802.8,339442.1
7219,91722,49.1443,10.6172,Bayern,BY,Landkreis Ansbach,9571.0,"(49.1443, 10.6172)",110970.6,476106.9,355656.4,247195.4,148761.8,483112.4,304273.6,168183.6,481850.2,462952.8,514990.7,120989.3,451635.2,374971.5,488379.5,321018.8
7220,91723,49.0554,10.792,Bayern,BY,Landkreis Weißenburg-Gunzenhausen,9577.0,"(49.0554, 10.792)",127261.2,492397.6,359415.0,263486.0,133876.2,486871.0,320564.2,110554.6,498140.8,479243.5,531281.4,107188.5,467925.8,391262.2,504670.1,337309.5
7221,91725,49.0868,10.5407,Bayern,BY,Landkreis Ansbach,9571.0,"(49.0868, 10.5407)",105705.6,470841.9,366995.6,241930.4,142128.1,494451.5,293659.9,130671.7,476585.2,457687.8,509725.7,125610.7,446370.2,369706.5,483114.5,315753.8
7222,91726,49.0534,10.5115,Bayern,BY,Landkreis Ansbach,9571.0,"(49.0534, 10.5115)",112448.4,477584.8,366127.3,248673.3,138539.7,493583.2,300402.8,136138.1,483328.1,464430.7,516468.6,131962.4,453113.1,376449.4,489857.4,322496.7
7223,91728,49.0598,10.7127,Bayern,BY,Landkreis Weißenburg-Gunzenhausen,9577.0,"(49.0598, 10.7127)",124406.8,489543.2,351007.2,260631.6,127754.6,478463.2,317709.8,121018.0,495286.4,476389.1,528427.0,117912.1,465071.4,388407.8,501815.7,334455.1
7224,91729,49.176,10.7712,Bayern,BY,Landkreis Weißenburg-Gunzenhausen,9577.0,"(49.176, 10.7712)",113642.5,478778.9,337637.2,249867.3,174332.9,465093.1,306945.6,150164.3,484522.2,465624.8,517662.7,129461.7,454307.1,377643.5,491051.5,323690.8
7225,91731,49.1011,10.4536,Bayern,BY,Landkreis Ansbach,9571.0,"(49.1011, 10.4536)",96499.7,461636.1,372042.5,232724.5,134690.1,499498.4,284454.0,184569.7,467379.3,448482.0,500519.9,134813.1,437164.3,360500.7,473908.6,306548.0
7226,91732,49.2036,10.7042,Bayern,BY,Landkreis Ansbach,9571.0,"(49.2036, 10.7042)",106304.3,471440.7,345352.7,242529.1,166994.7,472808.6,299607.3,157879.8,477183.9,458286.6,510324.5,148518.9,446968.9,370305.3,483713.3,316352.6
7227,91734,49.2119,10.7978,Bayern,BY,Landkreis Ansbach,9571.0,"(49.2119, 10.7978)",114901.1,480037.4,333950.9,251125.9,175591.4,461406.8,308204.1,146478.1,485780.7,466883.4,518921.2,125775.5,455565.7,378902.0,492310.0,324949.3
7228,91735,49.1545,10.7184,Bayern,BY,Landkreis Weißenburg-Gunzenhausen,9577.0,"(49.1545, 10.7184)",111479.8,476616.1,351461.3,247704.6,172170.1,478917.2,304782.8,163988.4,482359.4,463462.0,515499.9,116581.3,452144.4,375480.7,488888.7,321528.0
7229,91737,49.1762,10.658,Bayern,BY,Landkreis Ansbach,9571.0,"(49.1762, 10.658)",106106.3,471242.7,350792.2,242331.1,166796.6,478248.1,299409.3,163319.3,476985.9,458088.6,510126.5,153958.4,446770.9,370107.3,483515.2,316154.5
7230,91738,49.1059,10.8366,Bayern,BY,Landkreis Weißenburg-Gunzenhausen,9577.0,"(49.1059, 10.8366)",126444.0,491580.4,351848.2,262668.8,147073.6,479304.2,319747.0,105899.5,497323.6,478426.3,530464.2,102051.8,467108.6,390445.0,503852.9,336492.2
7231,91740,49.0554,10.5595,Bayern,BY,Landkreis Ansbach,9571.0,"(49.0554, 10.5595)",117634.8,482771.2,362973.9,253859.6,143726.1,490429.9,305589.2,132984.8,488514.5,469617.1,521655.0,130656.3,458299.4,381635.8,495043.8,327683.1
7232,91741,49.0822,10.8528,Bayern,BY,Landkreis Weißenburg-Gunzenhausen,9577.0,"(49.0822, 10.8528)",127796.1,492932.5,351373.9,264020.9,146549.2,478829.9,321099.2,102513.5,498675.7,479778.4,531816.3,99147.4,468460.7,391797.1,505205.1,337844.4
7233,91743,49.0798,10.6218,Bayern,BY,Landkreis Ansbach,9571.0,"(49.0798, 10.6218)",116709.1,481845.4,354901.7,252933.9,150198.2,482357.6,310012.1,124912.5,487588.7,468691.4,520729.2,119851.4,457373.7,380710.1,494118.0,326757.3
7234,91744,49.0388,10.4505,Bayern,BY,Landkreis Ansbach,9571.0,"(49.0388, 10.4505)",109309.8,474446.2,372537.3,245534.6,123688.3,499993.2,297264.1,142548.1,480189.4,461292.1,513330.0,137907.3,449974.4,373310.8,486718.7,319358.1
7235,91746,49.1982,10.6449,Bayern,BY,Landkreis Ansbach,9571.0,"(49.1982, 10.6449)",103438.5,468574.9,353993.9,239663.4,164128.9,481449.8,296741.6,166521.0,474318.2,455420.8,507458.7,157160.1,444103.2,367439.5,480847.5,313486.8
7236,91747,49.0,10.6667,Bayern,BY,Landkreis Weißenburg-Gunzenhausen,9577.0,"(49.0, 10.6667)",132785.7,497922.1,359386.2,269010.5,120327.6,486842.1,326088.8,115851.9,503665.4,484768.0,536805.9,112485.7,473450.3,396786.7,510194.7,342834.0
7237,91749,49.0612,10.4812,Bayern,BY,Landkreis Ansbach,9571.0,"(49.0612, 10.4812)",110017.2,475153.6,368581.8,246242.0,136108.5,496037.7,297971.6,138592.6,480896.9,461999.5,514037.4,134416.9,450681.8,374018.2,487426.2,320065.5
7238,91757,48.9547,10.9083,Bayern,BY,Landkreis Weißenburg-Gunzenhausen,9577.0,"(48.9547, 10.9083)",142211.0,507347.4,359119.0,278435.8,162415.7,486575.0,335514.1,92144.0,513090.7,494193.3,546231.2,88777.8,482875.6,406212.0,519620.0,352259.3
7239,91781,49.0309,10.9722,Bayern,BY,Landkreis Weißenburg-Gunzenhausen,9577.0,"(49.0309, 10.9722)",140487.4,505623.7,347259.4,276712.2,172806.5,474715.3,333790.4,89984.8,511367.0,492469.7,544507.5,86618.6,481152.0,404488.3,517896.3,350535.6
7240,91785,49.1047,10.9819,Bayern,BY,Landkreis Weißenburg-Gunzenhausen,9577.0,"(49.1047, 10.9819)",134900.0,500036.4,338385.7,271124.9,182916.0,465841.6,328203.1,112356.3,505779.7,486882.3,538920.2,96705.8,475564.6,398901.0,512309.0,344948.3
7241,91788,48.9338,10.9743,Bayern,BY,Landkreis Weißenburg-Gunzenhausen,9577.0,"(48.9338, 10.9743)",155323.2,520459.5,362095.2,291548.0,165111.9,489551.1,348626.2,87526.6,526202.8,507305.5,559343.3,84160.4,495987.8,419324.1,532732.1,365371.4
7242,91790,49.042125,11.116775,Bayern,BY,Landkreis Weißenburg-Gunzenhausen,9577.0,"(49.042125, 11.116775)",152491.7,517628.1,345225.0,288716.5,182757.2,472681.0,345794.7,79950.5,523371.3,504474.0,556511.8,86783.4,493156.3,416492.7,529900.6,362539.9
7243,91792,49.0608,10.9678,Bayern,BY,Landkreis Weißenburg-Gunzenhausen,9577.0,"(49.0608, 10.9678)",136805.0,501941.4,342764.0,273029.8,176222.1,470219.9,330108.1,93378.0,507684.6,488787.3,540825.2,90011.9,477469.6,400806.0,514214.0,346853.3
7244,91793,49.0465,10.865,Bayern,BY,Landkreis Weißenburg-Gunzenhausen,9577.0,"(49.0465, 10.865)",131672.3,496808.7,351656.7,267897.1,140991.8,479112.6,324975.3,102796.3,502551.9,483654.6,535692.5,99430.1,472336.9,395673.3,509081.2,341720.6
7245,91795,48.8683,11.0734,Bayern,BY,Eichstätt,9176.0,"(48.8683, 11.0734)",169624.5,534760.8,374953.7,305849.3,167057.9,502409.7,362927.5,79579.4,540504.1,521606.8,573644.6,76213.2,510289.1,433625.5,547033.4,379672.7
7246,91796,49.0775,11.0554,Bayern,BY,Landkreis Weißenburg-Gunzenhausen,9577.0,"(49.0775, 11.0554)",141895.5,507031.9,345639.3,278120.3,182068.3,473095.2,335198.5,86215.0,512775.1,493877.8,545915.7,93048.0,482560.1,405896.5,519304.5,351943.8
7247,91798,49.0626,11.0053,Bayern,BY,Landkreis Weißenburg-Gunzenhausen,9577.0,"(49.0626, 11.0053)",140796.0,505932.4,344539.8,277020.8,177065.1,471995.7,334099.0,91112.1,511675.6,492778.3,544816.2,97945.1,481460.6,404797.0,518205.0,350844.3
7248,91799,48.8932,10.9311,Bayern,BY,Landkreis Weißenburg-Gunzenhausen,9577.0,"(48.8932, 10.9311)",150834.6,515971.0,365550.1,287059.4,157648.2,493006.0,344137.7,88987.7,521714.3,502816.9,554854.8,85621.5,491499.2,414835.6,528243.6,360882.9
7249,91801,49.0096,10.8447,Bayern,BY,Landkreis Weißenburg-Gunzenhausen,9577.0,"(49.0096, 10.8447)",134232.7,499369.1,356903.3,270457.6,139261.2,484359.2,327535.8,101068.3,505112.4,486215.0,538252.9,97702.1,474897.4,398233.7,511641.7,344281.0
7250,91802,49.0333,10.8167,Bayern,BY,Landkreis Weißenburg-Gunzenhausen,9577.0,"(49.0333, 10.8167)",130952.3,496088.7,356956.1,267177.1,135980.8,484412.0,324255.3,104058.5,501831.9,482934.6,534972.5,100692.3,471616.9,394953.3,508361.3,341000.6
7251,91804,48.8701,11.0076,Bayern,BY,Eichstätt,9176.0,"(48.8701, 11.0076)",160840.8,525977.2,375531.0,297065.6,162206.8,502986.9,354143.8,83505.2,531720.4,512823.1,564861.0,80139.1,501505.4,424841.8,538249.8,370889.1
7252,91805,48.9207,10.7115,Bayern,BY,Landkreis Weißenburg-Gunzenhausen,9577.0,"(48.9207, 10.7115)",135119.7,500256.1,370347.0,271344.5,120573.9,497802.9,323074.1,117970.3,505999.3,487102.0,539139.9,96734.7,475784.3,399120.7,512528.7,345168.0
7253,91807,48.8958,10.9956,Bayern,BY,Landkreis Weißenburg-Gunzenhausen,9577.0,"(48.8958, 10.9956)",154199.7,519336.1,368889.9,290424.5,165607.0,496345.8,347502.7,82830.0,525079.3,506182.0,558219.9,79463.8,494864.3,418200.7,531608.7,364248.0
7254,91809,48.8197,11.0888,Bayern,BY,Eichstätt,9176.0,"(48.8197, 11.0888)",178771.5,562337.4,379608.7,314996.3,159337.4,507064.7,377293.5,89278.2,549651.1,530753.8,582791.7,67709.6,519436.1,461202.0,556180.5,407249.3
7255,92224,49.4429,11.8627,Bayern,BY,Amberg,9361.0,"(49.4429, 11.8627)",160404.1,523490.8,297338.2,292804.5,259997.5,424794.1,392610.2,84520.7,527459.4,508562.0,560599.9,130518.8,497244.3,422355.4,533988.7,368402.7
7256,92237,49.5013,11.746,Bayern,BY,Amberg-Sulzbach,9371.0,"(49.5013, 11.746)",154310.4,517397.1,286539.3,286710.8,253903.8,413995.2,386516.5,98109.1,521365.7,502468.3,554506.2,153386.2,491150.6,416261.7,527895.0,362309.0
7257,92242,49.544,11.9462,Bayern,BY,Amberg-Sulzbach,9371.0,"(49.544, 11.9462)",172916.4,536003.0,302350.0,305316.8,272509.7,429805.9,405122.4,97507.9,539971.6,521074.2,573112.1,143505.9,509756.5,434867.6,546500.9,380914.9
7258,92245,49.4192,11.8883,Bayern,BY,Amberg-Sulzbach,9371.0,"(49.4192, 11.8883)",165829.6,528916.3,327116.7,298230.0,265423.0,454572.6,398035.7,83019.6,532884.9,513987.5,566025.4,129017.6,502669.8,427780.9,539414.2,373828.2
7259,92249,49.6148,11.8026,Bayern,BY,Amberg-Sulzbach,9371.0,"(49.6148, 11.8026)",175062.9,526881.8,281316.0,307463.3,274656.3,408771.9,407269.0,112212.9,542118.1,523220.8,575258.7,158210.9,511903.1,425746.4,563533.5,371793.7
7260,92253,49.5469,12.0018,Bayern,BY,Amberg-Sulzbach,9371.0,"(49.5469, 12.0018)",176958.5,540045.2,305909.4,309358.9,276551.9,433365.3,409164.6,93314.1,544013.7,525116.4,577154.3,139312.2,513798.7,438909.8,550543.1,384957.1
7261,92256,49.5339,11.803,Bayern,BY,Amberg-Sulzbach,9371.0,"(49.5339, 11.803)",161290.6,524377.2,287321.3,293691.0,260883.9,414777.2,393496.6,96392.1,528345.8,509448.4,561486.3,142390.2,498130.7,423241.8,534875.1,369289.1
7262,92259,49.5297,11.6259,Bayern,BY,Amberg-Sulzbach,9371.0,"(49.5297, 11.6259)",143769.4,506856.0,280409.8,276169.8,258282.5,407865.7,390895.2,115978.6,510824.6,491927.2,543965.1,157765.0,480609.6,405720.6,517353.9,351767.9
7263,92260,49.4412,11.7618,Bayern,BY,Amberg-Sulzbach,9371.0,"(49.4412, 11.7618)",152635.8,515722.5,292629.8,285036.2,252229.2,420085.8,384841.9,97762.8,519691.0,500793.7,552831.6,143760.9,489476.0,414587.1,526220.4,360634.4
7264,92262,49.4167,11.6333,Bayern,BY,Amberg-Sulzbach,9371.0,"(49.4167, 11.6333)",144780.6,507867.2,298036.8,277181.0,244373.9,425492.7,376986.6,92132.8,511835.8,492938.4,544976.3,143856.4,481620.8,406731.8,518365.1,352779.1
7265,92263,49.3938,11.9358,Bayern,BY,Amberg-Sulzbach,9371.0,"(49.3938, 11.9358)",165007.6,528094.2,323717.4,297408.0,264600.9,451173.3,397213.6,77643.0,532062.8,513165.5,565203.3,123641.1,501847.8,426958.8,538592.1,373006.1
7266,92265,49.5764,11.6959,Bayern,BY,Amberg-Sulzbach,9371.0,"(49.5764, 11.6959)",163535.9,520546.9,274981.1,295936.3,263129.3,402437.0,395741.9,107061.6,530591.1,511693.8,563731.7,162611.7,500376.1,419411.5,537120.4,365458.8
7267,92266,49.3406,11.9359,Bayern,BY,Amberg-Sulzbach,9371.0,"(49.3406, 11.9359)",168933.6,532020.3,327580.7,301334.0,268527.0,455036.6,401139.7,77037.7,535988.8,517091.5,569129.4,123035.8,505773.8,430884.9,542518.2,376932.2
7268,92268,49.5276,11.586,Bayern,BY,Amberg-Sulzbach,9371.0,"(49.5276, 11.586)",140250.9,503337.5,281746.1,272651.3,261124.7,409202.0,393737.4,118820.7,507306.1,488408.7,540446.6,147767.3,477091.1,402202.1,513835.4,348249.4
7269,92269,49.4,12.05,Bayern,BY,Landkreis Schwandorf,9376.0,"(49.4, 12.05)",174188.1,537274.7,325653.7,306588.5,273781.4,453109.7,406394.1,72225.2,541243.3,522345.9,574383.8,118223.3,511028.3,436139.3,547772.6,382186.6
7270,92271,49.6213,11.9082,Bayern,BY,Amberg-Sulzbach,9371.0,"(49.6213, 11.9082)",179877.0,523317.2,277751.4,312277.4,279470.4,405207.4,412083.1,106831.1,546932.3,528034.9,580072.8,152829.1,516717.2,422181.9,553461.6,368229.1
7271,92272,49.4833,11.9833,Bayern,BY,Amberg-Sulzbach,9371.0,"(49.4833, 11.9833)",174401.6,537488.3,310752.6,306802.0,273994.9,438208.6,406607.6,85894.5,541456.8,522559.5,574597.3,131892.5,511241.8,436352.9,547986.1,382400.1
7272,92274,49.5376,11.872,Bayern,BY,Amberg-Sulzbach,9371.0,"(49.5376, 11.872)",170097.3,533183.9,291736.1,302497.7,269690.6,419192.0,402303.3,103050.6,537152.5,518255.1,570293.0,149048.7,506937.5,432048.5,543681.8,378095.8
7273,92275,49.55,11.5333,Bayern,BY,Amberg-Sulzbach,9371.0,"(49.55, 11.5333)",136947.1,500033.8,281008.8,269347.5,244799.8,408464.7,377412.5,118821.9,504002.3,485105.0,537142.9,144463.6,473787.3,398898.4,510531.7,344945.7
7274,92277,49.2951,11.7991,Bayern,BY,Amberg-Sulzbach,9371.0,"(49.2951, 11.7991)",160441.0,523527.7,316399.1,292841.4,260034.3,443855.0,392647.0,69030.9,527496.2,508598.9,560636.7,115028.9,497281.2,422392.3,534025.5,368439.5
7275,92278,49.45,11.6833,Bayern,BY,Amberg-Sulzbach,9371.0,"(49.45, 11.6833)",147063.7,510150.4,292758.3,279464.1,246657.1,420214.3,379269.8,104353.1,514118.9,495221.6,547259.5,146139.5,483903.9,409015.0,520648.3,355062.3
7276,92280,49.3696,11.6826,Bayern,BY,Amberg-Sulzbach,9371.0,"(49.3696, 11.6826)",148015.9,511102.5,305121.2,280416.3,247609.2,432577.1,380221.9,90901.8,515071.1,496173.7,548211.6,136899.9,484856.0,409967.1,521600.4,356014.4
7277,92281,49.6085,11.6314,Bayern,BY,Amberg-Sulzbach,9371.0,"(49.6085, 11.6314)",152274.0,515328.1,269762.3,284674.4,269616.9,397218.2,402229.6,113549.2,519329.2,500431.9,552469.8,159790.5,489114.2,414192.7,525858.6,360240.0
7278,92283,49.3684,11.6029,Bayern,BY,Landkreis Neumarkt in der Oberpfalz,9373.0,"(49.3684, 11.6029)",139882.0,502968.6,320277.7,272282.4,239475.3,447733.6,372088.0,85452.8,506937.2,488039.8,540077.7,138957.8,476722.2,401833.2,513466.5,347880.5
7279,92284,49.4756,11.7978,Bayern,BY,Amberg-Sulzbach,9371.0,"(49.4756, 11.7978)",160529.8,523616.5,292358.2,292930.2,260123.2,419814.1,392735.9,91072.7,527585.0,508687.7,560725.6,137070.8,497370.0,422481.1,534114.4,368528.4
7280,92286,49.3236,11.9421,Bayern,BY,Amberg-Sulzbach,9371.0,"(49.3236, 11.9421)",171292.8,534379.5,330676.5,303693.2,270886.1,458132.4,403498.8,66480.3,538348.0,519450.7,571488.5,112478.3,508133.0,433244.1,544877.3,379291.3
7281,92287,49.269,11.9243,Bayern,BY,Amberg-Sulzbach,9371.0,"(49.269, 11.9243)",178798.8,541885.4,338182.4,311199.2,278392.1,465638.4,411004.8,59080.8,545854.0,526956.6,578994.5,105078.9,515638.9,440750.0,552383.3,386797.3
7282,92289,49.402,11.755,Bayern,BY,Amberg-Sulzbach,9371.0,"(49.402, 11.755)",152226.3,515313.0,302459.3,284626.7,251819.7,429915.3,384432.4,92708.9,519281.5,500384.2,552422.1,138707.0,489066.5,414177.6,525810.9,360224.9
