,zipcode,lat,long,state,state_code,community_name,community_code,coor,AKB Kitzingen,AKB Dortmund,AKB Zörbig,AKB Schöneck,AKB Buch,Mosolf Etzin,Mosolf Kippenheim,BLG Kelheim,BLG Duisburg,BLG Neuss,Carservice Erkens,ARS Altmann Wolnzach,CAT Zülpich,Autohaus Siebrecht,Neu: FleetParQ Essen ,Neu: FleetParQ Kassel
1394,22962,53.6333,10.3,Schleswig-Holstein,SH,Kreis Stormarn,1062.0,"(53.6333, 10.3)",535009.8,363301.0,385913.5,512893.4,729940.4,263812.0,738776.4,729200.4,404099.1,428207.7,431073.1,761967.1,480412.5,295548.6,383235.0,328931.5
1395,22964,53.7167,10.4,Schleswig-Holstein,SH,Kreis Stormarn,1062.0,"(53.7167, 10.4)",549794.8,378085.9,394330.2,527678.4,744725.3,272228.7,753561.3,746244.5,418884.0,442992.6,445858.1,779011.2,495197.4,310333.5,398019.9,343716.4
1396,22965,53.6946,10.3478,Schleswig-Holstein,SH,Kreis Stormarn,1062.0,"(53.6946, 10.3478)",544527.4,372818.6,391497.7,522411.0,739458.0,269396.2,748294.0,738718.1,413616.7,437725.3,440590.7,771484.8,489930.1,305066.2,392752.6,338449.1
1397,22967,53.7438,10.3102,Schleswig-Holstein,SH,Kreis Stormarn,1062.0,"(53.7438, 10.3102)",547151.6,375442.8,402426.0,525035.2,742082.2,280324.4,750918.2,741342.2,416240.8,440349.5,443214.9,774108.9,492554.3,307690.4,395376.8,341073.3
1398,22969,53.5667,10.3333,Schleswig-Holstein,SH,Kreis Stormarn,1062.0,"(53.5667, 10.3333)",531920.7,360211.9,378380.7,509804.3,726851.3,256279.2,735687.2,730295.0,401009.9,425118.6,427984.0,763061.7,477323.4,292459.5,380145.9,325842.4
1399,23552,53.8685,10.6854,Schleswig-Holstein,SH,"Lübeck, Hansestadt",1003.0,"(53.8685, 10.6854)",573748.2,402039.4,395623.6,551631.8,768678.8,273522.0,777514.8,747537.8,442837.5,466946.1,469811.5,780304.5,519150.9,334287.0,421973.4,367669.9
1400,23554,53.876,10.6748,Schleswig-Holstein,SH,"Lübeck, Hansestadt",1003.0,"(53.876, 10.6748)",571922.0,400213.2,403201.4,549805.6,766852.6,281099.9,775688.5,766112.6,441011.2,465119.9,467985.3,798879.3,517324.7,332460.8,420147.1,365843.7
1401,23556,53.8672,10.6478,Schleswig-Holstein,SH,"Lübeck, Hansestadt",1003.0,"(53.8672, 10.6478)",573273.0,401564.1,398716.5,551156.6,768203.5,276614.9,777039.5,767463.6,442362.2,466470.8,469336.3,800230.3,518675.6,333811.7,421498.1,367194.6
1402,23558,53.8606,10.6611,Schleswig-Holstein,SH,"Lübeck, Hansestadt",1003.0,"(53.8606, 10.6611)",573838.8,402129.9,398183.7,551722.4,768769.3,276082.1,777605.3,750097.9,442928.0,467036.6,469902.1,782864.6,519241.4,334377.5,422063.9,367760.4
1403,23560,53.8471,10.6845,Schleswig-Holstein,SH,"Lübeck, Hansestadt",1003.0,"(53.8471, 10.6845)",573882.9,402174.1,392244.1,551766.5,768813.5,270142.6,777649.4,744158.3,442972.1,467080.7,469946.2,776925.0,519285.6,334421.7,422108.0,367804.5
1404,23562,53.8511,10.7028,Schleswig-Holstein,SH,"Lübeck, Hansestadt",1003.0,"(53.8511, 10.7028)",574740.7,403031.9,393839.3,552624.3,769671.2,271737.7,778507.2,745753.5,443829.9,467938.5,470804.0,778520.2,520143.3,335279.4,422965.8,368662.3
1405,23564,53.8705,10.6986,Schleswig-Holstein,SH,"Lübeck, Hansestadt",1003.0,"(53.8705, 10.6986)",574365.9,402657.1,395107.0,552249.5,769296.5,273005.5,778132.5,747021.3,443455.2,467563.8,470429.2,779788.0,519768.6,334904.7,422591.1,368287.6
1406,23566,53.8658,10.7316,Schleswig-Holstein,SH,"Lübeck, Hansestadt",1003.0,"(53.8658, 10.7316)",577108.8,405400.0,414748.9,554992.4,772039.4,292647.4,780875.4,766663.2,446198.1,470306.7,473172.2,799429.9,522511.5,337647.6,425334.0,371030.5
1407,23568,53.8922,10.7583,Schleswig-Holstein,SH,"Lübeck, Hansestadt",1003.0,"(53.8922, 10.7583)",578568.8,406860.0,413951.4,556452.4,773499.3,291849.9,782335.3,765865.6,447658.0,471766.6,474632.1,798632.3,523971.5,339107.6,426793.9,372490.4
1408,23569,53.9167,10.8073,Schleswig-Holstein,SH,"Lübeck, Hansestadt",1003.0,"(53.9167, 10.8073)",582862.5,411153.7,419413.2,560746.1,777793.1,297311.7,786629.1,777053.2,451951.8,476060.4,478925.8,809819.9,528265.2,343401.3,431087.7,376784.2
1409,23570,53.8667,10.7,Schleswig-Holstein,SH,"Lübeck, Hansestadt",1003.0,"(53.8667, 10.7)",575022.6,403313.8,394918.6,552906.2,769953.2,272817.0,778789.1,746832.8,444111.8,468220.4,471085.9,779599.5,520425.3,335561.4,423247.7,368944.2
1410,23611,53.9189,10.6969,Schleswig-Holstein,SH,Kreis Ostholstein,1055.0,"(53.9189, 10.6969)",575995.3,404286.5,407274.7,553878.9,770925.9,285173.1,779761.8,770185.9,445084.5,469193.1,472058.6,802952.6,521398.0,336534.1,424220.4,369916.9
1411,23617,53.8922,10.6471,Schleswig-Holstein,SH,Kreis Ostholstein,1055.0,"(53.8922, 10.6471)",573238.8,401529.9,404518.2,551122.4,768169.3,282416.6,777005.3,767429.4,442328.0,466436.6,469302.1,800196.1,518641.4,333777.5,421463.9,367160.4
1412,23619,53.87221666666667,10.536116666666668,Schleswig-Holstein,SH,Kreis Stormarn,1062.0,"(53.87221666666667, 10.536116666666668)",569490.1,397781.3,408687.2,547373.7,764420.7,286585.7,773256.7,763680.8,438579.4,462688.0,465553.4,796447.5,514892.8,330028.9,417715.3,363411.8
1413,23623,54.0086,10.5743,Schleswig-Holstein,SH,Kreis Ostholstein,1055.0,"(54.0086, 10.5743)",587361.4,415652.6,418640.8,565245.0,782292.0,296539.2,791127.9,781552.0,456450.6,480559.2,483424.7,814318.7,532764.1,347900.2,435586.5,381283.0
1414,23626,53.95,10.7333,Schleswig-Holstein,SH,Kreis Ostholstein,1055.0,"(53.95, 10.7333)",582500.1,410791.3,413779.5,560383.7,777430.7,291677.9,786266.6,776690.7,451589.3,475697.9,478563.4,809457.4,527902.8,343038.9,430725.2,376421.7
1415,23627,53.78335,10.74165,Schleswig-Holstein,SH,Kreis Herzogtum Lauenburg,1053.0,"(53.78335, 10.74165)",581570.2,409861.4,387375.6,559453.8,776500.8,265274.1,785336.8,739289.8,450659.5,474768.1,477633.5,772056.5,526972.9,342109.0,429795.4,375491.9
1416,23628,53.775,10.65835,Schleswig-Holstein,SH,Kreis Herzogtum Lauenburg,1053.0,"(53.775, 10.65835)",583518.5,411809.7,387745.2,561402.1,778449.1,265643.6,787285.1,739659.4,452607.8,476716.4,479581.8,772426.1,528921.2,344057.3,431743.7,377440.2
1417,23629,54.0028,10.7101,Schleswig-Holstein,SH,Kreis Ostholstein,1055.0,"(54.0028, 10.7101)",589403.7,417694.9,420683.1,567287.3,784334.3,298581.6,793170.2,783594.3,458492.9,482601.6,485467.0,816361.0,534806.4,349942.5,437628.9,383325.4
1418,23669,53.9953,10.7768,Schleswig-Holstein,SH,Kreis Ostholstein,1055.0,"(53.9953, 10.7768)",587242.1,415533.3,418521.5,565125.7,782172.7,296420.0,791008.7,781432.7,456331.4,480440.0,483305.4,814199.4,532644.8,347780.9,435467.3,381163.8
1419,23683,54.0345,10.7322,Schleswig-Holstein,SH,Kreis Ostholstein,1055.0,"(54.0345, 10.7322)",590572.3,418863.5,421851.7,568455.9,785502.9,299750.2,794338.9,784763.0,459661.6,483770.2,486635.6,817529.7,535975.0,351111.1,438797.5,384494.0
1420,23684,54.0333,10.75,Schleswig-Holstein,SH,Kreis Ostholstein,1055.0,"(54.0333, 10.75)",592168.5,420459.7,423447.9,570052.1,787099.1,301346.4,795935.0,786359.1,461257.7,485366.3,488231.8,819125.8,537571.2,352707.3,440393.6,386090.2
1421,23689,53.9861,10.708,Schleswig-Holstein,SH,Kreis Ostholstein,1055.0,"(53.9861, 10.708)",585278.0,413569.2,416557.4,563161.6,780208.6,294455.8,789044.5,779468.6,454367.2,478475.8,481341.3,812235.3,530680.7,345816.8,433503.1,379199.6
1422,23701,54.10145,10.67425,Schleswig-Holstein,SH,Kreis Ostholstein,1055.0,"(54.10145, 10.67425)",600252.1,428543.3,431531.5,578135.7,795182.7,309429.9,804018.6,794442.7,469341.3,493449.9,496315.4,827209.4,545654.8,360790.9,448477.2,394173.8
1423,23714,54.18615,10.6215,Schleswig-Holstein,SH,Kreis Plön,1057.0,"(54.18615, 10.6215)",616702.2,444993.4,447981.6,594585.8,811632.8,325880.1,820468.8,810892.8,485791.5,509900.1,512765.5,843659.5,562104.9,377241.0,464927.4,410623.9
1424,23715,54.0979,10.4357,Schleswig-Holstein,SH,Kreis Ostholstein,1055.0,"(54.0979, 10.4357)",600538.8,428830.0,455813.2,578422.4,795469.4,333711.6,804305.3,794729.4,469628.0,493736.7,496602.1,827496.1,545941.5,361077.6,448764.0,394460.5
1425,23717,54.1667,10.7167,Schleswig-Holstein,SH,Kreis Ostholstein,1055.0,"(54.1667, 10.7167)",616409.6,444700.8,447689.0,594293.2,811340.2,325587.5,820176.2,810600.2,485498.9,509607.5,512472.9,843366.9,561812.3,376948.4,464634.8,410331.3
1426,23719,54.05,10.5167,Schleswig-Holstein,SH,Kreis Segeberg,1060.0,"(54.05, 10.5167)",595950.4,424241.6,427229.9,573834.0,790881.0,305128.3,799717.0,790141.1,465039.7,489148.3,492013.7,822907.8,541353.1,356489.2,444175.6,389872.1
1427,23730,54.1101,10.82445,Schleswig-Holstein,SH,Kreis Ostholstein,1055.0,"(54.1101, 10.82445)",602559.9,430851.1,433839.3,580443.5,797490.5,311737.8,806326.4,796750.5,471649.1,495757.7,498623.2,829517.2,547962.6,363098.7,450785.0,396481.6
1428,23738,54.21892857142858,10.8984,Schleswig-Holstein,SH,Kreis Ostholstein,1055.0,"(54.21892857142858, 10.8984)",615985.7,444276.9,447265.2,593869.3,810916.3,325163.6,819752.3,810176.4,485075.0,509183.6,512049.1,842943.1,561388.4,376524.5,464210.9,409907.4
1429,23743,54.15,10.9667,Schleswig-Holstein,SH,Kreis Ostholstein,1055.0,"(54.15, 10.9667)",614665.4,442956.6,445944.8,592549.0,809596.0,323843.3,818432.0,808856.1,483754.7,507863.3,510728.7,841622.8,560068.1,375204.2,462890.6,408587.1
1430,23744,54.1833,10.75,Schleswig-Holstein,SH,Kreis Ostholstein,1055.0,"(54.1833, 10.75)",613220.4,441511.6,444499.8,591104.0,808151.0,322398.3,816986.9,807411.0,482309.6,506418.3,509283.7,840177.7,558623.1,373759.2,461445.6,407142.1
1431,23746,54.1934,11.0616,Schleswig-Holstein,SH,Kreis Ostholstein,1055.0,"(54.1934, 11.0616)",627153.3,455444.5,458432.7,605036.9,822083.9,336331.1,830919.8,821343.9,496242.5,520351.1,523216.6,854110.6,572556.0,387692.1,475378.4,421074.9
1432,23747,54.2167,11.0833,Schleswig-Holstein,SH,Kreis Ostholstein,1055.0,"(54.2167, 11.0833)",629024.0,457315.1,460303.4,606907.6,823954.5,338201.8,832790.5,823214.6,498113.2,522221.8,525087.3,855981.3,574426.6,389562.7,477249.1,422945.6
1433,23749,54.2333,11.0333,Schleswig-Holstein,SH,Kreis Ostholstein,1055.0,"(54.2333, 11.0333)",625469.0,453760.2,456748.4,603352.6,820399.6,334646.9,829235.5,819659.6,494558.2,518666.9,521532.3,852426.3,570871.7,386007.8,473694.2,419390.7
1434,23758,54.294775,10.8879,Schleswig-Holstein,SH,Kreis Ostholstein,1055.0,"(54.294775, 10.8879)",625112.4,453403.6,456391.8,602996.0,820042.9,334290.2,828878.9,819303.0,494201.6,518310.2,521175.7,852069.7,570515.0,385651.1,473337.5,419034.0
1435,23769,54.4378,11.1935,Schleswig-Holstein,SH,Kreis Ostholstein,1055.0,"(54.4378, 11.1935)",653861.2,482152.4,485140.6,631744.8,848791.8,363039.1,857627.8,848051.8,522950.5,547059.1,549924.5,880818.5,599263.9,414400.0,502086.4,447782.9
1436,23774,54.3696,10.9802,Schleswig-Holstein,SH,Kreis Ostholstein,1055.0,"(54.3696, 10.9802)",636051.4,464342.6,467330.8,613935.0,830982.0,345229.3,839818.0,830242.1,505140.7,529249.3,532114.7,863008.8,581454.1,396590.2,484276.6,429973.1
1437,23775,54.3833,11.0833,Schleswig-Holstein,SH,Kreis Ostholstein,1055.0,"(54.3833, 11.0833)",643410.4,471701.6,474689.8,621294.0,838341.0,352588.3,847177.0,837601.0,512499.7,536608.3,539473.7,870367.7,588813.1,403949.2,491635.6,437332.1
1438,23777,54.301,11.0066,Schleswig-Holstein,SH,Kreis Ostholstein,1055.0,"(54.301, 11.0066)",637753.7,466044.9,469033.1,615637.3,832684.3,346931.6,841520.2,831944.3,506842.9,530951.6,533817.0,864711.0,583156.4,398292.5,485978.8,431675.4
1439,23779,54.3238,11.0144,Schleswig-Holstein,SH,Kreis Ostholstein,1055.0,"(54.3238, 11.0144)",634577.1,462868.3,465856.5,612460.7,829507.7,343754.9,838343.6,828767.7,503666.3,527774.9,530640.4,861534.4,579979.8,395115.9,482802.2,428498.7
1440,23795,53.93720714285714,10.307742857142856,Schleswig-Holstein,SH,Kreis Segeberg,1060.0,"(53.93720714285714, 10.307742857142856)",570678.4,398969.5,425952.7,548562.0,765608.9,303851.2,774444.9,764869.0,439767.6,463876.2,466741.7,797635.7,516081.0,331217.1,418903.5,364600.0
1441,23812,53.9516,10.2063,Schleswig-Holstein,SH,Kreis Segeberg,1060.0,"(53.9516, 10.2063)",575017.6,403308.8,430292.0,552901.2,769948.2,308190.5,778784.2,769208.3,444106.9,468215.5,471080.9,801975.0,520420.3,335556.4,423242.8,368939.3
1442,23813,54.01305,10.34025,Schleswig-Holstein,SH,Kreis Segeberg,1060.0,"(54.01305, 10.34025)",580295.6,408586.8,435569.9,558179.2,775226.2,313468.4,784062.1,774486.2,449384.8,473493.4,476358.9,807252.9,525698.3,340834.4,428520.7,374217.2
1443,23815,53.923766666666666,10.458433333333334,Schleswig-Holstein,SH,Kreis Segeberg,1060.0,"(53.923766666666666, 10.458433333333334)",581177.9,409469.0,412220.0,559061.5,776108.4,290118.5,784944.4,775368.5,450267.1,474375.7,477241.2,808135.2,526580.5,341716.6,429403.0,375099.5
1444,23816,53.86575,10.2691,Schleswig-Holstein,SH,Kreis Segeberg,1060.0,"(53.86575, 10.2691)",561841.0,390132.2,417115.4,539724.6,756771.6,295013.9,765607.6,756031.7,430930.3,455038.9,457904.3,788798.4,507243.7,322379.8,410066.2,355762.7
1445,23818,53.9,10.3833,Schleswig-Holstein,SH,Kreis Segeberg,1060.0,"(53.9, 10.3833)",573834.5,402125.7,429108.9,551718.1,768765.1,307007.3,777601.0,768025.1,442923.7,467032.4,469897.8,800791.8,519237.2,334373.3,422059.7,367756.2
1446,23820,53.95,10.4667,Schleswig-Holstein,SH,Kreis Segeberg,1060.0,"(53.95, 10.4667)",584750.8,413042.0,415793.0,562634.5,779681.4,293691.5,788517.4,778941.5,453840.1,477948.7,480814.2,811708.2,530153.5,345289.6,432976.0,378672.5
1447,23821,53.9667,10.3889,Schleswig-Holstein,SH,Kreis Segeberg,1060.0,"(53.9667, 10.3889)",578083.0,406374.2,421443.0,555966.6,773013.6,299341.5,781849.6,772273.7,447172.3,471280.9,474146.3,805040.4,523485.7,338621.8,426308.2,372004.7
1448,23823,54.05,10.4167,Schleswig-Holstein,SH,Kreis Segeberg,1060.0,"(54.05, 10.4167)",596968.0,425259.2,432532.6,574851.6,791898.5,310431.1,800734.5,791158.6,466057.2,490165.8,493031.3,823925.3,542370.6,357506.7,445193.1,390889.6
1449,23824,54.0545,10.31765,Schleswig-Holstein,SH,Kreis Segeberg,1060.0,"(54.0545, 10.31765)",588739.7,417030.9,444014.1,566623.3,783670.3,321912.5,792506.3,782930.3,457828.9,481937.6,484803.0,815697.0,534142.4,349278.5,436964.9,382661.4
1450,23826,53.89576666666667,10.186566666666666,Schleswig-Holstein,SH,Kreis Segeberg,1060.0,"(53.89576666666667, 10.186566666666666)",570547.2,398838.4,425821.6,548430.8,765477.8,303720.1,774313.8,764737.9,439636.5,463745.1,466610.5,797504.6,515949.9,331086.0,418772.4,364468.9
1451,23827,53.994433333333326,10.405566666666669,Schleswig-Holstein,SH,Kreis Segeberg,1060.0,"(53.994433333333326, 10.405566666666669)",581632.0,409923.2,436906.3,559515.6,776562.5,314804.8,785398.5,775822.6,450721.2,474829.8,477695.3,808589.3,527034.7,342170.7,429857.1,375553.6
1452,23829,53.911,10.227,Schleswig-Holstein,SH,Kreis Segeberg,1060.0,"(53.911, 10.227)",569950.8,398242.0,425225.2,547834.4,764881.4,303123.7,773717.4,764141.5,439040.1,463148.7,466014.2,796908.2,515353.5,330489.6,418176.0,363872.5
1453,23843,53.807075,10.3352,Schleswig-Holstein,SH,Kreis Stormarn,1062.0,"(53.807075, 10.3352)",554972.1,383263.3,410246.5,532855.7,749902.7,288144.9,758738.6,749162.7,424061.3,448170.0,451035.4,781929.4,500374.8,315510.9,403197.3,348893.8
1454,23845,53.8506375,10.2811,Schleswig-Holstein,SH,Kreis Segeberg,1060.0,"(53.8506375, 10.2811)",561782.2,390073.3,417056.5,539665.8,756712.7,294955.0,765548.7,755972.8,430871.4,454980.0,457845.5,788739.5,507184.8,322320.9,410007.3,355703.8
1455,23847,53.7539875,10.49100625,Schleswig-Holstein,SH,Kreis Herzogtum Lauenburg,1053.0,"(53.7539875, 10.49100625)",558444.9,386736.1,387132.4,536328.5,753375.5,265030.8,762211.4,752635.5,427534.1,451642.7,454508.2,785402.2,503847.6,318983.7,406670.0,352366.5
1456,23858,53.83146000000001,10.49582,Schleswig-Holstein,SH,Kreis Stormarn,1062.0,"(53.83146000000001, 10.49582)",560925.0,389216.2,416199.4,538808.6,755855.6,294097.8,764691.5,755115.6,430014.2,454122.8,456988.3,787882.3,506327.7,321463.8,409150.1,354846.6
1457,23860,53.80835,10.55835,Schleswig-Holstein,SH,Kreis Herzogtum Lauenburg,1053.0,"(53.80835, 10.55835)",566000.9,394292.1,421275.3,543884.5,760931.5,299173.7,769767.4,760191.5,435090.1,459198.8,462064.2,792958.2,511403.6,326539.7,414226.1,359922.6
1458,23863,53.77033333333333,10.1714,Schleswig-Holstein,SH,Kreis Stormarn,1062.0,"(53.77033333333333, 10.1714)",563637.7,391928.8,418912.0,541521.3,758568.2,296810.5,767404.2,757828.3,432726.9,456835.5,459701.0,790595.0,509040.3,324176.4,411862.8,357559.3
1459,23866,53.8,10.1333,Schleswig-Holstein,SH,Kreis Segeberg,1060.0,"(53.8, 10.1333)",570511.1,377342.4,425785.5,548394.7,765441.7,303683.9,774277.6,764701.7,418140.4,442249.1,445114.5,797468.4,494453.9,331049.9,397276.4,364432.8
1460,23867,53.8,10.2333,Schleswig-Holstein,SH,Kreis Segeberg,1060.0,"(53.8, 10.2333)",561225.4,389516.6,416499.8,539109.0,756156.0,294398.3,764992.0,755416.1,430314.7,454423.3,457288.8,788182.8,506628.1,321764.2,409450.6,355147.1
1461,23869,53.7667,10.2667,Schleswig-Holstein,SH,Kreis Stormarn,1062.0,"(53.7667, 10.2667)",557515.2,385806.4,412789.6,535398.8,752445.8,290688.0,761281.7,751705.8,426604.4,450713.0,453578.5,784472.5,502917.9,318054.0,405740.3,351436.9
1462,23879,53.617,10.6874,Schleswig-Holstein,SH,Kreis Herzogtum Lauenburg,1053.0,"(53.617, 10.6874)",559458.9,387750.1,364113.7,537342.5,754389.5,242012.2,763225.5,716028.0,428548.2,452656.8,455522.2,748794.7,504861.6,319997.7,407684.1,353380.6
1463,23881,53.62121428571429,10.611114285714285,Schleswig-Holstein,SH,Kreis Herzogtum Lauenburg,1053.0,"(53.62121428571429, 10.611114285714285)",557605.1,385896.3,365818.6,535488.7,752535.7,243717.0,761371.6,717732.8,426694.3,450802.9,453668.4,750499.5,503007.8,318143.9,405830.2,351526.7
1464,23883,53.6035875,10.787525,Schleswig-Holstein,SH,Kreis Herzogtum Lauenburg,1053.0,"(53.6035875, 10.787525)",570080.3,398371.5,361442.0,547963.9,765010.8,239340.5,773846.8,713356.3,439169.5,463278.1,466143.6,746123.0,515483.0,330619.0,418305.4,364001.9
1465,23896,53.65463999999999,10.58678,Schleswig-Holstein,SH,Kreis Herzogtum Lauenburg,1053.0,"(53.65463999999999, 10.58678)",554334.5,382625.7,372005.8,532218.1,749265.1,249904.3,758101.0,723920.1,423423.7,447532.3,450397.8,756686.8,499737.2,314873.3,402559.6,348256.2
1466,23898,53.6897875,10.5327375,Schleswig-Holstein,SH,Kreis Herzogtum Lauenburg,1053.0,"(53.6897875, 10.5327375)",561210.8,389501.9,378679.4,539094.4,756141.3,256577.9,764977.3,730593.7,430300.0,454408.6,457274.1,763360.4,506613.4,321749.5,409435.9,355132.4
1467,23899,53.54445,10.75175,Schleswig-Holstein,SH,Kreis Herzogtum Lauenburg,1053.0,"(53.54445, 10.75175)",561022.8,389314.0,352384.5,538906.4,755953.3,230283.0,764789.3,704298.8,430112.0,454220.6,457086.1,737065.5,506425.4,321561.5,409247.9,354944.4
1468,23909,53.69757142857144,10.74847142857143,Schleswig-Holstein,SH,Kreis Herzogtum Lauenburg,1053.0,"(53.69757142857144, 10.74847142857143)",568217.2,396508.4,375678.2,546100.8,763147.8,253576.6,771983.8,727592.4,437306.5,461415.1,464280.5,760359.1,513619.9,328756.0,416442.4,362138.9
1469,23911,53.70194545454546,10.77270909090909,Schleswig-Holstein,SH,Kreis Herzogtum Lauenburg,1053.0,"(53.70194545454546, 10.77270909090909)",569306.3,397597.5,376767.2,547189.9,764236.9,254665.7,773072.8,728681.5,438395.5,462504.1,465369.6,761448.2,514709.0,329845.1,417531.4,363228.0
1470,23919,53.72052,10.64178,Schleswig-Holstein,SH,Kreis Herzogtum Lauenburg,1053.0,"(53.72052, 10.64178)",569798.6,398089.8,380899.8,547682.2,764729.2,258798.2,773565.1,732814.0,438887.8,462996.5,465861.9,765580.7,515201.3,330337.4,418023.8,363720.3
1471,23923,53.830425,10.9159875,Mecklenburg-Vorpommern,MV,Nordwestmecklenburg,13074.0,"(53.830425, 10.9159875)",596251.0,424542.2,399628.3,574134.6,791181.6,277526.8,800017.6,751542.6,465340.3,489448.9,492314.3,784309.3,541653.7,356789.8,444476.2,390172.7
1472,23936,53.84384615384616,11.15436923076923,Mecklenburg-Vorpommern,MV,Nordwestmecklenburg,13074.0,"(53.84384615384616, 11.15436923076923)",619298.9,447590.1,384984.9,597182.5,814229.5,262883.4,823065.4,736899.2,488388.1,512496.7,515362.2,769665.9,564701.6,379837.7,467524.0,413220.5
1473,23942,53.946875000000006,10.979925,Mecklenburg-Vorpommern,MV,Nordwestmecklenburg,13074.0,"(53.946875000000006, 10.979925)",613957.3,442248.5,403489.3,591840.9,808887.9,281387.7,817723.9,755403.5,483046.5,507155.2,510020.6,788170.2,559360.0,374496.1,462182.5,407879.0
1474,23946,53.9833,11.2167,Mecklenburg-Vorpommern,MV,Nordwestmecklenburg,13074.0,"(53.9833, 11.2167)",634088.4,462379.6,385304.5,611972.0,829019.0,263203.0,837855.0,737218.7,503177.7,527286.3,530151.7,769985.4,579491.1,394627.2,482313.6,428010.1
1475,23948,53.939620000000005,11.16834,Mecklenburg-Vorpommern,MV,Nordwestmecklenburg,13074.0,"(53.939620000000005, 11.16834)",627655.4,455946.5,386765.3,605539.0,822585.9,264663.8,831421.9,738679.5,496744.6,520853.2,523718.7,771446.3,573058.0,388194.1,475880.5,421577.0
