,zipcode,lat,long,state,state_code,community_name,community_code,coor,AKB Kitzingen,AKB Dortmund,AKB Zörbig,AKB Schöneck,AKB Buch,Mosolf Etzin,Mosolf Kippenheim,BLG Kelheim,BLG Duisburg,BLG Neuss,Carservice Erkens,ARS Altmann Wolnzach,CAT Zülpich,Autohaus Siebrecht,Neu: FleetParQ Essen ,Neu: FleetParQ Kassel
6635,86944,47.9833,10.8333,Bayern,BY,Landkreis Landsberg am Lech,9181.0,"(47.9833, 10.8333)",285448.5,650584.9,513392.4,421673.3,96484.8,640848.3,370225.4,169466.3,656328.2,637430.8,689468.7,123381.6,577727.7,549449.5,662857.5,495496.8
6636,86946,47.95,10.9167,Bayern,BY,Landkreis Landsberg am Lech,9181.0,"(47.95, 10.9167)",293172.9,658309.2,512110.8,429397.7,104209.1,639566.7,377949.8,168184.7,664052.5,645155.2,697193.0,122100.1,585452.0,557173.8,670581.8,503221.1
6637,86947,48.1172,10.9216,Bayern,BY,Landkreis Landsberg am Lech,9181.0,"(48.1172, 10.9216)",266875.5,632011.9,493553.1,403100.4,98602.1,621009.1,351412.3,149627.0,637755.2,618857.8,670895.7,103542.4,558914.6,530876.5,644284.5,476923.8
6638,86949,48.0667,11.0333,Bayern,BY,Landkreis Landsberg am Lech,9181.0,"(48.0667, 11.0333)",291493.5,656629.9,487510.5,427718.4,102529.8,614966.4,376270.4,143584.4,662373.2,643475.8,695513.7,97499.8,583772.7,555494.5,668902.5,501541.8
6639,86956,47.8124,10.8966,Bayern,BY,Landkreis Weilheim-Schongau,9190.0,"(47.8124, 10.8966)",303299.1,668435.5,531243.0,439523.9,114335.4,658698.9,388076.0,187316.9,674178.8,655281.4,707319.3,141232.2,595578.3,567300.1,680708.1,513347.4
6640,86971,47.7955,10.9295,Bayern,BY,Landkreis Weilheim-Schongau,9190.0,"(47.7955, 10.9295)",307264.5,672400.9,535208.4,443489.4,118300.8,662664.3,392041.4,191282.3,678144.2,659246.8,711284.7,145197.7,599543.7,571265.5,684673.5,517312.8
6641,86972,47.8236,10.8747,Bayern,BY,Landkreis Weilheim-Schongau,9190.0,"(47.8236, 10.8747)",302802.2,667938.5,530746.0,439027.0,113838.4,658201.9,387579.1,186819.9,673681.8,654784.5,706822.3,140735.3,595081.3,566803.2,680211.1,512850.4
6642,86974,47.9,10.9333,Bayern,BY,Landkreis Landsberg am Lech,9181.0,"(47.9, 10.9333)",301210.7,666347.0,522232.4,437435.5,112246.9,649688.3,385987.6,178306.2,672090.3,653192.9,705230.8,132221.6,593489.8,565211.6,678619.6,511258.9
6643,86975,47.737,10.7771,Bayern,BY,Landkreis Weilheim-Schongau,9190.0,"(47.737, 10.7771)",299217.6,664354.0,545003.1,435442.4,110253.8,672459.0,383994.5,201077.0,670097.2,651199.9,703237.8,154992.3,591496.8,563218.6,676626.6,509265.9
6644,86977,47.7769,10.8172,Bayern,BY,Landkreis Weilheim-Schongau,9190.0,"(47.7769, 10.8172)",300993.8,666130.1,539291.0,437218.6,112030.0,666746.9,385770.7,195364.9,671873.4,652976.0,705013.9,149280.3,593272.9,564994.7,678402.7,511042.0
6645,86978,47.85,10.9,Bayern,BY,Landkreis Weilheim-Schongau,9190.0,"(47.85, 10.9)",298827.6,663964.0,526771.5,435052.4,109863.9,654227.4,383604.5,182845.4,669707.3,650809.9,702847.8,136760.7,591106.8,562828.6,676236.6,508875.9
6646,86980,47.8167,10.7833,Bayern,BY,Landkreis Weilheim-Schongau,9190.0,"(47.8167, 10.7833)",297337.9,662474.3,540257.2,433562.7,108374.1,667713.2,382114.8,196331.1,668217.5,649320.2,701358.1,150246.5,589617.1,561338.9,674746.9,507386.2
6647,86981,47.8833,10.9167,Bayern,BY,Landkreis Landsberg am Lech,9181.0,"(47.8833, 10.9167)",298053.2,663189.6,525997.0,434278.0,109089.4,653453.0,382830.1,182070.9,668932.8,650035.5,702073.4,135986.3,590332.3,562054.2,675462.1,508101.5
6648,86983,47.7016,10.7949,Bayern,BY,Landkreis Ostallgäu,9777.0,"(47.7016, 10.7949)",301476.2,666612.5,549334.2,437701.0,112512.4,676790.1,386253.1,205408.0,672355.8,653458.5,705496.3,159323.4,593755.3,565477.1,678885.1,511524.4
6649,86984,47.6833,10.8,Bayern,BY,Landkreis Weilheim-Schongau,9190.0,"(47.6833, 10.8)",303007.7,668144.1,554560.7,439232.6,114044.0,682016.6,387784.7,210634.6,673887.4,654990.0,707027.9,164549.9,595286.9,567008.7,680416.7,513056.0
6650,86986,47.825,10.8362,Bayern,BY,Landkreis Weilheim-Schongau,9190.0,"(47.825, 10.8362)",301233.7,666370.1,534160.4,437458.5,112270.0,661616.4,386010.6,190234.3,672113.4,653216.0,705253.9,144149.7,593512.9,565234.7,678642.7,511282.0
6651,86987,47.8333,10.8333,Bayern,BY,Landkreis Weilheim-Schongau,9190.0,"(47.8333, 10.8333)",296242.2,661378.6,534429.3,432467.0,107278.4,661885.2,381019.1,190503.2,667121.8,648224.5,700262.4,144418.6,588521.4,560243.2,673651.2,506290.5
6652,86989,47.7,10.8667,Bayern,BY,Landkreis Weilheim-Schongau,9190.0,"(47.7, 10.8667)",306847.5,671983.8,548746.6,443072.3,117883.7,676202.5,391624.4,204820.4,677727.1,658829.8,710867.6,158735.8,599126.6,570848.4,684256.4,516895.7
6653,87435,47.7184,10.3132,Bayern,BY,Kempten (Allgäu),9763.0,"(47.7184, 10.3132)",258066.8,623203.1,559544.3,394291.6,69103.0,687000.2,342843.7,224576.5,628946.4,610049.1,662086.9,178491.9,550345.9,522067.8,635475.7,468115.0
6654,87437,47.7229,10.3288,Bayern,BY,Kempten (Allgäu),9763.0,"(47.7229, 10.3288)",257133.8,622270.1,558611.3,393358.6,68170.0,686067.2,341910.7,223643.5,628013.4,609116.0,661153.9,177558.9,549412.9,521134.7,634542.7,467182.0
6655,87439,47.7177,10.2989,Bayern,BY,Kempten (Allgäu),9763.0,"(47.7177, 10.2989)",259295.6,624432.0,560773.1,395520.4,70331.8,688229.0,344072.5,225805.3,630175.2,611277.9,663315.8,179720.7,551574.7,523296.6,636704.5,469343.8
6656,87448,47.6732,10.307,Bayern,BY,Landkreis Oberallgäu,9780.0,"(47.6732, 10.307)",267146.0,632282.3,568623.5,403370.8,78182.2,696079.4,351922.9,233891.6,638025.6,619128.2,671166.1,187807.0,559425.1,531146.9,644554.9,477194.2
6657,87452,47.8041,10.2143,Bayern,BY,Landkreis Oberallgäu,9780.0,"(47.8041, 10.2143)",254517.8,619654.2,555995.3,390742.6,65554.0,683451.2,339294.7,246833.7,625397.4,606500.1,658537.9,200749.1,546796.9,518518.8,631926.7,464566.0
6658,87459,47.5822,10.5496,Bayern,BY,Landkreis Ostallgäu,9777.0,"(47.5822, 10.5496)",283229.7,648366.1,584707.2,419454.5,94265.9,712163.2,368006.6,229702.6,654109.3,635212.0,687249.9,183618.0,575508.9,547230.7,660638.7,493278.0
6659,87463,47.8079,10.2895,Bayern,BY,Landkreis Oberallgäu,9780.0,"(47.8079, 10.2895)",246710.1,611846.5,548187.7,382935.0,57746.4,675643.6,331487.0,239026.1,617589.8,598692.4,650730.3,192941.5,538989.3,510711.1,624119.1,456758.4
6660,87466,47.6333,10.4333,Bayern,BY,Landkreis Oberallgäu,9780.0,"(47.6333, 10.4333)",274992.4,640128.8,576469.9,411217.2,86028.6,703925.8,359769.3,241738.0,645872.0,626974.7,679012.6,195653.4,567271.5,538993.4,652401.4,485040.7
6661,87471,47.6944,10.3445,Bayern,BY,Landkreis Oberallgäu,9780.0,"(47.6944, 10.3445)",265663.3,630799.7,567140.8,401888.1,76699.5,694596.7,350440.2,232408.9,636542.9,617645.6,669683.5,186324.3,557942.4,529664.3,643072.2,475711.6
6662,87474,47.6959,10.2393,Bayern,BY,Landkreis Oberallgäu,9780.0,"(47.6959, 10.2393)",271965.9,637102.3,573443.5,408190.8,83002.2,700899.4,264386.0,238711.6,642845.6,623948.2,675986.1,192626.9,564245.1,535966.9,649374.9,482014.2
6663,87477,47.6603,10.3499,Bayern,BY,Landkreis Oberallgäu,9780.0,"(47.6603, 10.3499)",266694.4,631830.8,568171.9,402919.2,77730.6,695627.8,351471.3,233440.0,637574.0,618676.7,670714.6,187355.4,558973.5,530695.4,644103.3,476742.7
6664,87480,47.6417,10.1273,Bayern,BY,Landkreis Oberallgäu,9780.0,"(47.6417, 10.1273)",282561.5,647697.9,584039.0,418786.3,93597.7,711495.0,258704.1,249307.1,653441.1,634543.8,686581.7,203222.5,574840.7,546562.5,659970.5,492609.8
6665,87484,47.6234,10.5024,Bayern,BY,Landkreis Ostallgäu,9777.0,"(47.6234, 10.5024)",275680.4,640816.8,577158.0,411905.2,86716.7,704613.9,360457.3,226678.7,646560.1,627662.7,679700.6,180594.1,567959.6,539681.4,653089.4,485728.7
6666,87487,47.7478,10.2299,Bayern,BY,Landkreis Oberallgäu,9780.0,"(47.7478, 10.2299)",256966.4,622102.8,558443.9,393191.2,68002.6,685899.9,341743.3,231275.5,627846.0,608948.7,660986.6,185190.9,549245.6,520967.4,634375.4,467014.7
6667,87488,47.7333,10.3833,Bayern,BY,Landkreis Oberallgäu,9780.0,"(47.7333, 10.3833)",260607.7,625744.1,562085.3,396832.6,71644.0,689541.2,345384.6,220924.7,631487.4,612590.0,664627.9,174840.1,552886.9,524608.7,638016.7,470656.0
6668,87490,47.8,10.35,Bayern,BY,Landkreis Oberallgäu,9780.0,"(47.8, 10.35)",250371.1,615507.5,551848.7,386596.0,61407.4,679304.6,335148.0,223761.1,621250.8,602353.4,654391.3,177676.5,542650.3,514372.1,627780.1,460419.4
6669,87491,47.5741,10.4472,,,,,"(47.5741, 10.4472)",282841.6,647978.0,584319.2,419066.5,93877.9,711775.1,367618.6,249587.3,653721.3,634823.9,686861.8,203502.6,575120.8,546842.6,660250.6,492889.9
6670,87493,47.7833,10.3,Bayern,BY,Landkreis Oberallgäu,9780.0,"(47.7833, 10.3)",249882.0,615018.4,551359.5,386106.8,60918.2,678815.4,334658.9,242198.0,620761.6,601864.3,653902.2,196113.3,542161.1,513883.0,627291.0,459930.3
6671,87494,47.6667,10.55,Bayern,BY,Landkreis Ostallgäu,9777.0,"(47.6667, 10.55)",278675.0,643811.4,580152.5,414899.8,89711.2,707608.4,363451.9,217126.6,649554.6,630657.3,682695.1,171042.0,570954.1,542676.0,656083.9,488723.2
6672,87496,47.8333,10.3833,Bayern,BY,Landkreis Ostallgäu,9777.0,"(47.8333, 10.3833)",253703.2,618839.6,555180.7,389928.0,64739.4,682636.7,338480.1,218601.2,624582.8,605685.5,657723.4,172516.6,545982.4,517704.2,631112.2,463751.5
6673,87497,47.603,10.4097,Bayern,BY,Landkreis Oberallgäu,9780.0,"(47.603, 10.4097)",278014.1,643150.5,579491.6,414238.9,89050.3,706947.5,362791.0,244759.7,648893.7,629996.4,682034.2,198675.1,570293.2,542015.1,655423.0,488062.3
6674,87499,47.7667,10.4,Bayern,BY,Landkreis Oberallgäu,9780.0,"(47.7667, 10.4)",260656.0,625792.3,562133.5,396880.8,71692.2,689589.4,345432.9,216683.9,631535.6,612638.2,664676.1,170599.2,552935.1,524656.9,638064.9,470704.2
6675,87509,47.56,10.2139,Bayern,BY,Landkreis Oberallgäu,9780.0,"(47.56, 10.2139)",282443.2,647579.5,583920.7,418668.0,93479.4,711376.6,266826.2,249188.8,653322.8,634425.4,686463.3,203104.1,574722.3,546444.1,659852.1,492491.4
6676,87527,47.5091,10.25795,Bayern,BY,Landkreis Oberallgäu,9780.0,"(47.5091, 10.25795)",289129.6,654265.9,590607.1,425354.4,100165.8,718063.0,277987.9,255875.2,660009.2,641111.8,693149.7,209790.6,581408.7,553130.5,666538.5,499177.8
6677,87534,47.5557,10.0224,Bayern,BY,Landkreis Oberallgäu,9780.0,"(47.5557, 10.0224)",283746.7,648883.1,585224.3,419971.5,94783.0,712680.2,251866.9,265102.4,654626.3,635729.0,687766.9,219017.8,576025.9,547747.7,661155.7,493795.0
6678,87538,47.461075,10.20955,Bayern,BY,Landkreis Oberallgäu,9780.0,"(47.461075, 10.20955)",299183.0,664319.4,600660.6,435407.8,110219.3,728116.5,288041.4,265928.6,670062.7,651165.3,703203.2,219844.0,591462.2,563184.0,676592.0,509231.3
6679,87541,47.5062,10.3723,Bayern,BY,Landkreis Oberallgäu,9780.0,"(47.5062, 10.3723)",294597.1,659733.5,596074.7,430821.9,105633.4,723530.6,283455.5,261342.7,665476.8,646579.4,698617.3,215258.1,586876.3,558598.1,672006.1,504645.4
6680,87544,47.5421,10.2585,Bayern,BY,Landkreis Oberallgäu,9780.0,"(47.5421, 10.2585)",285536.5,650672.9,587014.0,421761.3,96572.7,714469.9,271244.9,252282.1,656416.1,637518.8,689556.7,206197.5,577815.6,549537.5,662945.4,495584.8
6681,87545,47.5355,10.2849,Bayern,BY,Landkreis Oberallgäu,9780.0,"(47.5355, 10.2849)",286284.8,651421.2,587762.4,422509.6,97321.1,715218.3,274951.4,253030.4,657164.5,638267.1,690305.0,206945.8,578564.0,550285.8,663693.8,496333.1
6682,87547,47.6,10.1167,Bayern,BY,Landkreis Oberallgäu,9780.0,"(47.6, 10.1167)",288819.8,653956.2,590297.3,425044.6,99856.0,717753.2,257536.4,255565.4,659699.4,640802.1,692839.9,209480.8,581098.9,552820.8,666228.7,498868.0
6683,87549,47.5743,10.2917,Bayern,BY,Landkreis Oberallgäu,9780.0,"(47.5743, 10.2917)",285399.1,650535.5,586876.6,421623.9,96435.3,714332.5,274065.7,252144.7,656278.7,637381.4,689419.3,206060.1,577678.2,549400.1,662808.0,495447.4
6684,87561,47.4072,10.2794,Bayern,BY,Landkreis Oberallgäu,9780.0,"(47.4072, 10.2794)",300412.6,665548.9,601890.1,436637.4,111448.8,729346.0,289270.9,267158.2,671292.2,652394.9,704432.7,221073.6,592691.7,564413.5,677821.5,510460.8
6685,87567,,,,,,,"(nan, nan)",0.0,0.0,0.0,0.0,0.0,0.0,0.0,0.0,0.0,0.0,0.0,0.0,0.0,0.0,0.0,0.0
6686,87568,,,,,,,"(nan, nan)",0.0,0.0,0.0,0.0,0.0,0.0,0.0,0.0,0.0,0.0,0.0,0.0,0.0,0.0,0.0,0.0
6687,87569,,,,,,,"(nan, nan)",0.0,0.0,0.0,0.0,0.0,0.0,0.0,0.0,0.0,0.0,0.0,0.0,0.0,0.0,0.0,0.0
6688,87600,47.8824,10.6219,Bayern,BY,Kaufbeuren,9762.0,"(47.8824, 10.6219)",271826.4,636962.7,530765.9,408051.2,82862.6,658221.8,356603.3,186839.8,642706.0,623808.7,675846.5,140755.2,564105.5,535827.3,649235.3,481874.6
6689,87616,47.7512,10.58765,Bayern,BY,Landkreis Ostallgäu,9777.0,"(47.7512, 10.58765)",278957.8,644094.2,548503.2,415182.6,89994.0,675959.1,363734.7,204577.1,649837.4,630940.1,682978.0,158492.4,571237.0,542958.8,656366.8,489006.1
6690,87629,47.5714,10.7017,Bayern,BY,Landkreis Ostallgäu,9777.0,"(47.5714, 10.7017)",296487.7,661624.1,597965.2,432712.5,107524.0,725421.2,381264.6,230226.4,667367.3,648470.0,700507.9,184141.8,588766.9,560488.7,673896.7,506536.0
6691,87634,47.8352,10.42685,Bayern,BY,Landkreis Ostallgäu,9777.0,"(47.8352, 10.42685)",258886.6,624023.0,560364.1,395111.4,69922.8,687820.0,343663.5,215020.1,629766.2,610868.9,662906.8,168935.5,551165.7,522887.6,636295.5,468934.9
6692,87637,47.63185,10.6036,Bayern,BY,Landkreis Ostallgäu,9777.0,"(47.63185, 10.6036)",284284.8,649421.1,585762.3,420509.6,95321.0,713218.2,369061.7,220421.0,655164.4,636267.0,688304.9,174336.3,576563.9,548285.7,661693.7,494333.0
6693,87640,47.8306,10.6402,Bayern,BY,Landkreis Ostallgäu,9777.0,"(47.8306, 10.6402)",283279.6,648416.0,536624.9,419504.4,94315.8,664080.9,368056.5,192698.8,654159.2,635261.9,687299.8,146614.2,575558.8,547280.6,660688.6,493327.9
6694,87642,47.6316,10.8202,Bayern,BY,Landkreis Ostallgäu,9777.0,"(47.6316, 10.8202)",307317.4,672453.8,556764.7,443542.2,118353.6,684220.6,392094.3,212838.6,678197.0,659299.7,711337.6,166754.0,599596.6,571318.4,684726.4,517365.7
6695,87645,47.5604,10.7721,Bayern,BY,Landkreis Ostallgäu,9777.0,"(47.5604, 10.7721)",301078.3,666214.7,567708.9,437303.1,112114.5,695164.8,385855.2,223782.8,671957.9,653060.6,705098.5,177698.1,593357.4,565079.3,678487.3,511126.6
6696,87647,47.775400000000005,10.4877,Bayern,BY,Landkreis Ostallgäu,9777.0,"(47.775400000000005, 10.4877)",266844.5,631980.9,568322.1,403069.3,77880.8,695778.0,351621.4,210246.9,637724.1,618826.8,670864.7,164162.3,559123.7,530845.5,644253.5,476892.8
6697,87648,47.8167,10.5333,Bayern,BY,Landkreis Ostallgäu,9777.0,"(47.8167, 10.5333)",274316.6,639453.0,543861.3,410541.4,85352.9,671317.3,359093.5,199935.2,645196.2,626298.9,678336.8,153850.6,566595.8,538317.6,651725.6,484364.9
6698,87650,47.9444,10.5401,Bayern,BY,Landkreis Ostallgäu,9777.0,"(47.9444, 10.5401)",259952.7,625089.1,538875.1,396177.6,70989.0,666331.0,344729.7,194948.9,630832.4,611935.0,663972.9,148864.3,552231.9,523953.7,637361.7,470001.0
6699,87651,47.8297,10.7262,Bayern,BY,Landkreis Ostallgäu,9777.0,"(47.8297, 10.7262)",289163.4,654299.8,539611.4,425388.2,100199.7,667067.3,373940.3,195685.3,660043.0,641145.7,693183.6,149600.7,581442.6,553164.4,666572.4,499211.7
6700,87653,47.9167,10.5167,Bayern,BY,Landkreis Ostallgäu,9777.0,"(47.9167, 10.5167)",264123.3,629259.7,543045.6,400348.1,75159.6,670501.6,348900.2,199119.5,635003.0,616105.6,668143.5,153034.9,556402.5,528124.3,641532.3,474171.6
6701,87654,47.8748,10.5346,Bayern,BY,Landkreis Ostallgäu,9777.0,"(47.8748, 10.5346)",267796.7,632933.0,538612.8,404021.5,78832.9,666068.8,352573.6,194686.7,638676.3,619779.0,671816.8,148602.1,560075.8,531797.6,645205.6,477844.9
6702,87656,47.9232,10.6721,Bayern,BY,Landkreis Ostallgäu,9777.0,"(47.9232, 10.6721)",280711.3,645847.6,526089.2,416936.1,91747.5,653545.1,365488.2,182163.1,651590.9,632693.5,684731.4,136078.4,572990.4,544712.2,658120.2,490759.5
6703,87657,47.7067,10.5101,Bayern,BY,Landkreis Ostallgäu,9777.0,"(47.7067, 10.5101)",278567.7,643704.0,580045.2,414792.5,89603.9,707501.1,363344.6,215823.1,649447.3,630550.0,682587.8,169738.5,570846.8,542568.6,655976.6,488615.9
6704,87659,47.6167,10.6333,Bayern,BY,Landkreis Ostallgäu,9777.0,"(47.6167, 10.6333)",287815.6,652952.0,589293.1,424040.4,98851.8,716749.0,372592.5,223951.8,658695.2,639797.9,691835.8,177867.2,580094.7,551816.6,665224.5,497863.9
6705,87660,47.9082,10.5718,Bayern,BY,Landkreis Ostallgäu,9777.0,"(47.9082, 10.5718)",265221.6,630358.0,532781.7,401446.4,76257.9,660237.6,349998.5,188855.6,636101.2,617203.9,669241.8,142771.0,557500.8,529222.6,642630.6,475269.9
6706,87662,47.89165,10.75,Bayern,BY,Landkreis Ostallgäu,9777.0,"(47.89165, 10.75)",283488.3,648624.7,528866.2,419713.1,94524.5,656322.1,368265.2,184940.1,654367.9,635470.6,687508.5,138855.5,575767.4,547489.3,660897.2,493536.6
6707,87663,47.7,10.6,Bayern,BY,Landkreis Ostallgäu,9777.0,"(47.7, 10.6)",288126.9,653263.2,556119.5,424351.7,99163.1,683575.5,372903.8,212193.4,659006.5,640109.2,692147.0,166108.8,580406.0,552127.9,665535.8,498175.1
6708,87665,47.8936,10.6713,Bayern,BY,Landkreis Ostallgäu,9777.0,"(47.8936, 10.6713)",283660.5,648796.9,529038.4,419885.3,94696.7,656494.4,368437.4,185112.3,654540.1,635642.8,687680.7,139027.7,575939.7,547661.5,661069.5,493708.8
6709,87666,47.93,10.6136,Bayern,BY,Landkreis Ostallgäu,9777.0,"(47.93, 10.6136)",265702.8,630839.2,528447.4,401927.6,76739.0,655903.3,350479.7,184521.2,636582.4,617685.1,669723.0,138436.6,557981.9,529703.8,643111.7,475751.1
6710,87668,47.95,10.65,Bayern,BY,Landkreis Ostallgäu,9777.0,"(47.95, 10.65)",270781.9,635918.2,528006.0,407006.7,81818.1,655462.0,355558.8,184079.9,641661.5,622764.2,674802.0,137995.3,563061.0,534782.8,648190.8,480830.1
6711,87669,47.6167,10.7167,Bayern,BY,Landkreis Ostallgäu,9777.0,"(47.6167, 10.7167)",299003.2,664139.6,569516.2,435228.1,110039.5,696972.2,383780.1,225590.1,669882.9,650985.5,703023.4,179505.5,591282.4,563004.2,676412.2,509051.5
6712,87671,47.8958,10.4157,Bayern,BY,Landkreis Ostallgäu,9777.0,"(47.8958, 10.4157)",253643.2,618779.5,551490.2,389868.0,64679.4,678946.1,338420.1,207564.1,624522.8,605625.4,657663.3,161479.4,545922.3,517644.1,631052.1,463691.4
6713,87672,47.65,10.7167,Bayern,BY,Landkreis Ostallgäu,9777.0,"(47.65, 10.7167)",292326.5,657462.9,564363.3,428551.4,103362.8,691819.2,377103.4,220437.1,663206.2,644308.8,696346.7,174352.5,584605.7,556327.5,669735.5,502374.8
6714,87674,47.8167,10.5833,Bayern,BY,Landkreis Ostallgäu,9777.0,"(47.8167, 10.5833)",279227.7,644364.0,539476.6,415452.5,90263.9,666932.6,364004.6,195550.5,650107.3,631210.0,683247.8,149465.9,571506.8,543228.7,656636.6,489275.9
6715,87675,47.7563,10.7194,Bayern,BY,Landkreis Ostallgäu,9777.0,"(47.7563, 10.7194)",292703.0,657839.4,548332.4,428927.8,103739.2,675788.4,377479.9,204406.3,663582.6,644685.3,696723.2,158321.7,584982.2,556704.0,670112.0,502751.3
