,zipcode,lat,long,state,state_code,community_name,community_code,coor,AKB Kitzingen,AKB Dortmund,AKB Zörbig,AKB Schöneck,AKB Buch,Mosolf Etzin,Mosolf Kippenheim,BLG Kelheim,BLG Duisburg,BLG Neuss,Carservice Erkens,ARS Altmann Wolnzach,CAT Zülpich,Autohaus Siebrecht,Neu: FleetParQ Essen ,Neu: FleetParQ Kassel
7040,90596,49.3249,11.1227,Bayern,BY,Landkreis Roth,9576.0,"(49.3249, 11.1227)",138710.0,479101.3,311159.6,274934.8,199400.4,438615.5,332013.1,125210.1,509589.7,490692.3,542730.2,113143.5,479374.6,377965.9,516119.0,324013.2
7041,90599,49.4,10.6898,Bayern,BY,Landkreis Ansbach,9571.0,"(49.4, 10.6898)",83281.2,448417.6,346343.6,219506.0,174668.0,473799.5,307280.7,158870.7,454160.9,435263.5,487301.4,149509.8,423945.8,347282.2,460690.2,293329.5
7042,90602,49.2962,11.2866,Bayern,BY,Landkreis Neumarkt in der Oberpfalz,9373.0,"(49.2962, 11.2866)",132613.7,495700.4,313009.4,265014.1,214947.2,440465.4,347559.9,100722.9,499668.9,480771.6,532809.5,100357.8,469453.9,394565.0,506198.2,340612.3
7043,90607,49.4976,11.2475,Bayern,BY,Nürnberger Land,9574.0,"(49.4976, 11.2475)",106963.7,470050.4,283790.7,239364.1,223899.5,411246.6,356512.2,114721.9,474018.9,455121.6,507159.5,123108.0,443803.9,368915.0,480548.3,314962.3
7044,90610,49.3896,11.2989,Bayern,BY,Nürnberger Land,9574.0,"(49.3896, 11.2989)",122373.3,485460.0,302769.0,254773.7,216480.5,430225.0,349093.2,99361.9,489428.5,470531.2,522569.0,112954.3,459213.5,384324.6,495957.8,330371.8
7045,90613,49.4,10.7833,Bayern,BY,Landkreis Fürth,9573.0,"(49.4, 10.7833)",90262.9,455399.3,328525.6,226487.7,187382.9,455981.5,319995.6,141052.7,461142.5,442245.2,494283.1,137224.6,430927.5,354263.9,467671.9,300311.2
7046,90614,49.4233,10.8501,Bayern,BY,Landkreis Fürth,9573.0,"(49.4233, 10.8501)",79306.8,460958.7,323563.5,232047.2,195256.8,451019.5,327869.5,136090.7,466702.0,447804.6,499842.5,132262.5,436486.9,359823.3,473231.3,305870.6
7047,90616,49.4569,10.6455,Bayern,BY,Landkreis Neustadt an der Aisch-Bad Windsheim,9575.0,"(49.4569, 10.6455)",74591.6,439728.0,342257.5,210816.4,179576.5,469713.4,312189.2,154784.7,445471.2,426573.9,478611.8,150956.5,415256.2,338592.6,452000.5,284639.9
7048,90617,49.524,10.8319,Bayern,BY,Landkreis Fürth,9573.0,"(49.524, 10.8319)",64456.4,433595.9,325123.2,210180.0,207419.2,452579.1,330526.2,145438.0,444834.8,425937.5,477975.4,140001.4,414619.8,332460.5,451364.2,278507.7
7049,90619,49.4581,10.5936,Bayern,BY,Landkreis Neustadt an der Aisch-Bad Windsheim,9575.0,"(49.4581, 10.5936)",67729.7,432866.1,345509.0,203954.5,183671.1,472964.9,316283.8,158036.1,438609.3,419712.0,471749.9,154207.9,408394.3,331730.7,445138.7,277778.0
7050,90762,49.4706,10.9971,Bayern,BY,Fürth,9563.0,"(49.4706, 10.9971)",96086.8,459072.5,315393.9,228487.2,218341.4,442849.8,350954.1,127921.0,463142.0,444244.7,496282.6,124092.8,432927.0,357937.1,469671.4,303984.4
7051,90763,49.5069,10.9565,Bayern,BY,Fürth,9563.0,"(49.5069, 10.9565)",92081.4,455067.1,316683.3,224481.8,224926.8,444139.2,357539.5,136998.0,459136.6,440239.3,492277.2,130678.2,428921.6,353931.7,465665.9,299978.9
7052,90765,49.483,11.004,Bayern,BY,Fürth,9563.0,"(49.483, 11.004)",92429.2,455414.8,317031.1,224829.6,221625.4,444487.0,354238.1,137345.8,459484.4,440587.1,492625.0,127376.7,429269.4,354279.5,466013.7,300326.7
7053,90766,49.4865,10.9608,Bayern,BY,Fürth,9563.0,"(49.4865, 10.9608)",78228.2,459264.4,320880.6,228679.1,222290.6,448336.5,354903.3,131870.2,463333.9,444436.6,496474.5,128042.0,433118.9,358129.0,469863.3,304176.3
7054,90768,49.4954,10.9444,Bayern,BY,Fürth,9563.0,"(49.4954, 10.9444)",78201.9,458721.3,319834.0,228136.0,222781.6,447290.0,355394.3,132361.2,462790.8,443893.5,495931.4,128533.0,432575.8,357585.9,469320.2,303633.2
7055,91052,49.5888,11.0098,Bayern,BY,Kreisfreie Stadt Erlangen,9562.0,"(49.5888, 11.0098)",89108.5,444289.4,307377.1,221508.9,239381.2,434833.0,371993.9,130896.9,456163.7,437266.3,489304.2,138589.7,425948.7,343154.0,462693.0,289201.3
7056,91054,49.596,11.02955,Bayern,BY,Landkreis Erlangen-Höchstadt,9572.0,"(49.596, 11.02955)",82532.3,444670.7,307758.4,214932.7,239937.1,435214.4,372549.8,131452.9,449587.5,430690.1,482728.0,139145.7,419372.5,343535.3,456116.8,289582.6
7057,91056,49.5986,10.9675,Bayern,BY,Kreisfreie Stadt Erlangen,9562.0,"(49.5986, 10.9675)",80080.6,445560.5,308648.2,212481.0,242865.4,436104.1,375478.1,134381.1,447135.8,428238.5,480276.3,142074.0,416920.8,344425.1,453665.1,290472.4
7058,91058,49.55,11.0036,Bayern,BY,Kreisfreie Stadt Erlangen,9562.0,"(49.55, 11.0036)",88831.9,449422.2,309146.4,221232.3,237945.4,436602.3,370558.1,129461.1,455887.1,436989.7,489027.6,137154.0,425672.1,348286.8,462416.4,294334.0
7059,91074,49.568,10.8856,Bayern,BY,Landkreis Erlangen-Höchstadt,9572.0,"(49.568, 10.8856)",85300.4,446352.1,317070.3,217700.8,213604.1,444526.2,346571.8,137385.0,452355.6,433458.2,485496.1,145077.9,422140.6,345216.7,458884.9,291264.0
7060,91077,49.6097,11.134575,Bayern,BY,Landkreis Forchheim,9474.0,"(49.6097, 11.134575)",92115.2,443648.0,288968.8,224515.6,240073.9,416424.7,372686.6,131589.6,459170.4,440273.1,492311.0,139282.5,428955.4,342512.6,480299.7,288559.9
7061,91080,49.6077,11.063766666666666,Bayern,BY,Landkreis Erlangen-Höchstadt,9572.0,"(49.6077, 11.063766666666666)",85546.0,443737.6,306825.3,217946.5,242171.4,434281.2,374784.1,133687.1,452601.3,433703.9,485741.8,141379.9,422386.2,342602.2,459130.6,288649.5
7062,91083,49.6581,11.0359,Bayern,BY,Landkreis Erlangen-Höchstadt,9572.0,"(49.6581, 11.0359)",84369.2,435307.2,298394.9,216769.6,249135.9,425850.9,381748.6,140651.6,451424.4,432527.1,484565.0,148344.4,421209.4,334171.8,471959.0,280219.1
7063,91085,49.6228,10.8253,Bayern,BY,Landkreis Erlangen-Höchstadt,9572.0,"(49.6228, 10.8253)",80096.9,441148.6,315838.7,212497.3,209346.6,443294.6,342314.4,147010.4,447152.1,428254.7,480292.6,154703.3,416937.1,340013.2,453681.4,286060.5
7064,91086,49.5833,10.8333,Bayern,BY,Landkreis Erlangen-Höchstadt,9572.0,"(49.5833, 10.8333)",64149.4,444969.8,321255.9,216318.4,210414.4,448711.8,343382.1,141570.7,450973.2,432075.9,484113.8,149263.5,420758.2,343834.4,457502.6,289881.7
7065,91088,49.6274,11.0172,Bayern,BY,Landkreis Erlangen-Höchstadt,9572.0,"(49.6274, 11.0172)",83567.8,439648.9,302736.6,215968.2,245427.8,430192.5,378040.5,136943.5,450623.0,431725.6,483763.5,144636.3,420408.0,338513.5,476300.7,284560.8
7066,91090,49.6593,11.0932,Bayern,BY,Landkreis Forchheim,9474.0,"(49.6593, 11.0932)",85437.1,436969.9,300057.6,217837.5,248719.5,427513.5,373676.5,140235.2,452492.4,433595.0,485632.9,147928.1,422277.3,335834.5,473621.7,281881.8
7067,91091,49.6325,10.8748,Bayern,BY,Landkreis Erlangen-Höchstadt,9572.0,"(49.6325, 10.8748)",76178.1,437229.8,311919.9,208578.5,213574.5,439375.8,364417.4,143091.6,443233.3,424335.9,476373.8,150784.5,413018.3,336094.4,449762.6,282141.7
7068,91093,49.6273,10.91,Bayern,BY,Landkreis Erlangen-Höchstadt,9572.0,"(49.6273, 10.91)",73475.7,434527.5,309217.6,205876.1,216341.9,436673.5,361715.1,140389.3,440531.0,421633.6,473671.5,148082.1,410315.9,333392.1,447060.3,279439.4
7069,91094,49.6405,11.071,Bayern,BY,Landkreis Forchheim,9474.0,"(49.6405, 11.071)",88203.6,438925.8,302013.5,220604.0,245733.0,429469.4,378345.7,137248.7,455258.9,436361.5,488399.4,144941.5,425043.8,337790.4,475577.5,283837.7
7070,91096,49.6333,11.0,Bayern,BY,Landkreis Erlangen-Höchstadt,9572.0,"(49.6333, 11.0)",80655.8,439330.5,302418.2,213056.2,247274.0,429874.1,379886.7,138789.7,447711.0,428813.7,480851.6,146482.5,417496.0,338195.1,475982.2,284242.3
7071,91097,49.5895,10.7689,Bayern,BY,Landkreis Erlangen-Höchstadt,9572.0,"(49.5895, 10.7689)",58089.1,434965.5,326384.4,206314.2,203888.6,453840.3,336856.4,146699.2,440969.0,422071.7,474109.5,154392.0,410754.0,333830.1,447498.3,279877.4
7072,91099,49.6634,11.0708,Bayern,BY,Landkreis Forchheim,9474.0,"(49.6634, 11.0708)",84595.3,436607.5,299695.2,216995.7,251990.9,427151.1,372834.6,143506.6,451650.5,432753.1,484791.0,151199.5,421435.5,335472.1,473259.3,281519.4
7073,91126,49.3082,11.025433333333334,Bayern,BY,Kreisfreie Stadt Schwabach,9565.0,"(49.3082, 11.025433333333334)",130711.3,495847.7,314869.3,266936.1,191401.6,442325.2,324014.3,127396.4,501590.9,482693.6,534731.5,118035.5,471375.9,394712.3,508120.3,340759.6
7074,91154,49.2597,11.1457,Bayern,BY,Landkreis Roth,9576.0,"(49.2597, 11.1457)",145305.0,510441.3,319277.9,281529.8,205995.3,446733.9,338608.0,94024.6,516184.6,497287.3,549325.1,100857.6,485969.6,409305.9,522713.9,355353.2
7075,91161,49.1905,11.1906,Bayern,BY,Landkreis Roth,9576.0,"(49.1905, 11.1906)",137892.7,500979.4,318250.7,270293.1,214651.2,445706.6,347263.9,79654.4,504948.0,486050.6,538088.5,86487.4,474732.9,399844.0,511477.3,345891.3
7076,91166,49.1897,11.0167,Bayern,BY,Landkreis Roth,9576.0,"(49.1897, 11.0167)",132012.3,497148.6,328692.0,268237.1,192702.6,456147.9,325315.3,102662.6,502891.9,483994.6,536032.4,109495.6,472676.9,396013.3,509421.2,342060.5
7077,91171,49.047,11.357,Bayern,BY,Landkreis Roth,9576.0,"(49.047, 11.357)",157780.8,520867.5,338138.7,290181.2,210231.9,465594.7,378932.2,60030.8,524836.0,505938.7,557976.6,66863.8,494621.0,419732.1,531365.3,365779.4
7078,91174,49.1755,10.9245,Bayern,BY,Landkreis Roth,9576.0,"(49.1755, 10.9245)",128284.0,493420.3,334429.1,264508.8,188974.3,461885.1,321587.0,113006.3,499163.6,480266.3,532304.1,119839.3,468948.6,392284.9,505692.9,338332.2
7079,91177,49.0883,11.2215,Bayern,BY,Landkreis Roth,9576.0,"(49.0883, 11.2215)",152731.9,515818.5,333089.8,285132.3,194892.4,460545.7,364025.5,74111.3,519787.1,500889.7,552927.6,80944.2,489572.1,414683.1,526316.4,360730.4
7080,91180,49.1337,11.1273,Bayern,BY,Landkreis Roth,9576.0,"(49.1337, 11.1273)",161616.1,509780.3,327051.6,297841.0,193839.7,454507.5,354919.2,87500.0,532495.8,513598.4,565636.3,94333.0,502280.7,408644.9,539025.1,354692.2
7081,91183,49.2428,10.964,Bayern,BY,Landkreis Roth,9576.0,"(49.2428, 10.964)",125960.6,491097.0,321557.1,262185.5,186651.0,449013.0,319263.7,103621.2,496840.3,477942.9,529980.8,110454.2,466625.3,389961.6,503369.6,336008.9
7082,91186,49.2678,11.0589,Bayern,BY,Landkreis Roth,9576.0,"(49.2678, 11.0589)",136274.7,501411.1,317371.5,272499.5,196965.0,444827.4,329577.7,97194.4,507154.3,488257.0,540294.9,104027.4,476939.3,400275.7,513683.6,346323.0
7083,91187,49.15,11.0333,Bayern,BY,Landkreis Roth,9576.0,"(49.15, 11.0333)",157270.4,522406.8,331243.4,293495.3,188234.4,458699.3,350573.5,105214.0,528150.1,509252.7,561290.6,112047.0,497935.1,421271.4,534679.4,367318.7
7084,91189,49.3411,10.8898,Bayern,BY,Landkreis Roth,9576.0,"(49.3411, 10.8898)",125772.0,490908.4,320405.3,261996.8,186462.3,447861.2,319075.0,132932.5,496651.6,477754.3,529792.1,123571.5,466436.6,389773.0,503180.9,335820.2
7085,91207,49.5139,11.2825,Bayern,BY,Nürnberger Land,9574.0,"(49.5139, 11.2825)",114483.9,477570.6,279813.2,246884.3,222791.8,407269.1,355404.5,113614.3,481539.1,462641.8,514679.7,122000.3,451324.1,376435.2,488068.4,322482.5
7086,91217,49.5108,11.4315,Bayern,BY,Nürnberger Land,9574.0,"(49.5108, 11.4315)",124511.3,487597.9,279602.6,256911.7,232819.1,407058.5,365431.8,115451.1,491566.5,472669.1,524707.0,132027.7,461351.4,386462.5,498095.8,332509.8
7087,91220,49.5596,11.3433,Bayern,BY,Nürnberger Land,9574.0,"(49.5596, 11.3433)",121871.8,461907.4,273832.4,254272.2,230179.6,401288.3,362792.3,121002.1,488927.0,470029.6,522067.5,129388.2,458712.0,360772.0,495456.3,306819.3
7088,91224,49.5044,11.511,Bayern,BY,Nürnberger Land,9574.0,"(49.5044, 11.511)",130703.3,493790.0,294497.8,263103.7,238556.0,421953.7,371168.7,112578.1,497758.5,478861.2,530899.1,138219.8,467543.5,392654.6,504287.9,338701.9
7089,91227,49.4517,11.31,Bayern,BY,Nürnberger Land,9574.0,"(49.4517, 11.31)",112178.5,475265.2,288443.4,244578.9,223815.4,415899.3,356428.1,105144.1,479233.7,460336.4,512374.3,123297.9,449018.7,374129.8,485763.1,320177.1
7090,91230,49.4937,11.4712,Bayern,BY,Nürnberger Land,9574.0,"(49.4937, 11.4712)",128157.9,491244.6,291952.4,260558.3,236010.5,419408.3,368623.2,108123.5,495213.1,476315.8,528353.7,135674.3,464998.1,390109.2,501742.4,336156.4
7091,91233,49.5246,11.3196,Bayern,BY,Nürnberger Land,9574.0,"(49.5246, 11.3196)",116200.8,479287.5,279973.8,248601.2,224508.7,407429.7,357121.4,115331.2,483256.0,464358.7,516396.6,123717.3,453041.0,378152.1,489785.4,324199.4
7092,91235,49.60695,11.5134,Bayern,BY,Nürnberger Land,9574.0,"(49.60695, 11.5134)",139672.7,480246.5,266883.1,272073.1,247980.5,394339.0,380593.2,138803.0,506727.9,487830.5,539868.4,147189.1,476512.8,379111.1,513257.2,325158.4
7093,91236,49.4333,11.55,Bayern,BY,Nürnberger Land,9574.0,"(49.4333, 11.55)",136255.7,499342.3,303483.4,268656.1,235849.0,430939.4,368461.7,95027.6,503310.9,484413.5,536451.4,135331.5,473095.8,398206.9,509840.2,344254.2
7094,91238,49.46075,11.4063,Bayern,BY,Nürnberger Land,9574.0,"(49.46075, 11.4063)",130639.9,493726.6,293136.0,263040.3,230233.3,420591.9,362846.0,111562.0,497695.1,478797.8,530835.7,129715.7,467480.1,392591.2,504224.5,338638.5
7095,91239,49.4985,11.3906,Bayern,BY,Nürnberger Land,9574.0,"(49.4985, 11.3906)",124035.2,487121.9,287829.7,256435.6,229143.8,415285.7,361756.5,110472.4,491090.5,472193.1,524231.0,131551.7,460875.4,385986.5,497619.8,332033.8
7096,91241,49.556,11.4223,Bayern,BY,Nürnberger Land,9574.0,"(49.556, 11.4223)",128837.2,491923.8,271829.0,261237.6,237145.0,399284.9,369757.7,119335.3,495892.4,476995.0,529032.9,136353.6,465677.4,390788.4,502421.7,336835.7
7097,91242,49.5095,11.3416,Bayern,BY,Nürnberger Land,9574.0,"(49.5095, 11.3416)",117824.3,480910.9,281618.8,250224.7,226132.2,409074.7,358744.9,116954.7,484879.5,465982.2,518020.0,125340.7,454664.5,379775.6,491408.8,325822.8
7098,91244,49.5138,11.3727,Bayern,BY,Nürnberger Land,9574.0,"(49.5138, 11.3727)",119730.1,482816.7,283524.5,252130.5,228037.9,410980.5,360650.6,118860.4,486785.3,467887.9,519925.8,127246.5,456570.2,381681.3,493314.6,327728.6
7099,91245,49.5977,11.339,Bayern,BY,Nürnberger Land,9574.0,"(49.5977, 11.339)",124689.5,464725.2,276650.2,257089.9,232997.4,404106.1,365610.1,123819.9,491744.8,472847.4,524885.3,132206.0,461529.7,363589.8,498274.1,309637.1
7100,91247,49.5572,11.4942,Bayern,BY,Nürnberger Land,9574.0,"(49.5572, 11.4942)",137298.5,500385.1,277689.9,269698.9,245151.1,405145.8,377763.8,119173.2,504353.7,485456.3,537494.2,144814.9,474138.6,399249.7,510883.0,345297.0
7101,91249,49.4977,11.5687,Bayern,BY,Amberg-Sulzbach,9371.0,"(49.4977, 11.5687)",135598.3,498685.0,299392.8,267998.7,243451.0,426848.8,376063.7,117050.1,502653.6,483756.2,535794.1,143114.8,472438.5,397549.6,509182.9,343596.9
7102,91257,49.7522,11.5419,Bayern,BY,Landkreis Bayreuth,9472.0,"(49.7522, 11.5419)",149764.0,496993.7,251427.9,282164.4,258071.8,378883.8,390684.5,148894.3,516819.2,497921.8,549959.7,157280.4,486604.2,395858.3,533645.4,341905.6
7103,91275,49.6938,11.621,Bayern,BY,Amberg-Sulzbach,9371.0,"(49.6938, 11.621)",154417.5,503183.8,257618.0,286817.9,262725.4,385073.9,395338.1,153547.9,521472.8,502575.4,554613.3,161934.0,491257.7,402048.4,539835.6,348095.7
7104,91278,49.7713,11.4078,Bayern,BY,Landkreis Bayreuth,9472.0,"(49.7713, 11.4078)",114098.3,453502.9,249339.7,246498.7,265127.9,376795.6,397740.6,155950.4,481153.5,462256.2,514294.0,164336.5,450938.5,352367.5,490154.7,298414.8
7105,91281,49.7487,11.7254,Bayern,BY,Landkreis Neustadt an der Waldnaab,9374.0,"(49.7487, 11.7254)",164421.4,490082.0,244516.1,296821.8,272729.3,371972.1,405342.0,135501.9,531476.6,512579.3,564617.2,171937.9,501261.6,388946.6,526733.7,334993.8
7106,91282,49.6817,11.4177,Bayern,BY,Landkreis Bayreuth,9472.0,"(49.6817, 11.4177)",140867.2,460361.4,260978.8,273267.6,249175.1,388434.8,381787.8,139997.6,507922.4,489025.1,541062.9,148383.6,477707.4,359226.0,497013.2,305273.3
7107,91284,49.628,11.5507,Bayern,BY,Nürnberger Land,9574.0,"(49.628, 11.5507)",144991.2,511151.2,265585.4,277391.6,253299.0,393041.4,385911.7,144121.5,512046.4,493149.0,545186.9,152507.6,481831.4,410015.8,518575.7,356063.1
7108,91286,49.7,11.35,Bayern,BY,Landkreis Forchheim,9474.0,"(49.7, 11.35)",111118.4,453963.4,263668.0,243518.8,248323.6,391123.9,380936.3,139146.0,478173.7,459276.3,511314.2,147532.1,447958.6,352828.0,490615.1,298875.3
7109,91287,49.6524,11.4693,Bayern,BY,Landkreis Bayreuth,9472.0,"(49.6524, 11.4693)",137601.1,503761.2,258195.4,270001.5,245909.0,385651.3,378521.7,136731.5,504656.3,485759.0,537796.9,145117.6,474441.3,402625.8,511185.7,348673.1
7110,91289,49.8122,11.5827,Bayern,BY,Landkreis Bayreuth,9472.0,"(49.8122, 11.5827)",159373.5,480418.3,234852.5,305384.5,267681.4,362308.4,400294.1,158503.9,526428.7,507531.4,559569.2,166889.9,496213.7,379282.9,517070.1,325330.2
7111,91301,49.7175,11.0588,Bayern,BY,Landkreis Forchheim,9474.0,"(49.7175, 11.0588)",81325.9,428358.7,291446.5,213726.3,255943.1,418902.4,369565.2,147458.8,448381.1,429483.7,481521.6,155151.6,418166.1,327223.3,465010.5,273270.6
7112,91315,49.7062,10.8133,Bayern,BY,Landkreis Erlangen-Höchstadt,9572.0,"(49.7062, 10.8133)",61846.3,422898.0,296157.6,194246.7,213112.9,423613.5,350085.6,153497.8,428901.5,410004.1,462042.0,161190.7,398686.5,321762.6,435430.8,267809.9
7113,91320,49.7815,11.1817,Bayern,BY,Landkreis Forchheim,9474.0,"(49.7815, 11.1817)",94135.3,433996.7,270548.3,226535.7,268116.3,398004.2,382374.7,159632.0,461190.5,442293.2,494331.1,167324.9,430975.5,332861.3,470648.5,278908.6
7114,91322,49.6443,11.2497,Bayern,BY,Landkreis Forchheim,9474.0,"(49.6443, 11.2497)",98344.5,449877.3,272125.1,230744.9,244506.9,399581.1,377119.6,135329.4,465399.8,446502.4,498540.3,143715.5,435184.7,348741.9,486529.1,294789.2
7115,91325,49.7122,10.895,Bayern,BY,Landkreis Erlangen-Höchstadt,9572.0,"(49.7122, 10.895)",67612.6,428664.4,300193.0,200013.0,219263.5,427648.9,355852.0,152578.6,434667.8,415770.5,467808.4,160271.4,404452.8,327529.0,441197.2,273576.2
7116,91327,49.769,11.3384,Bayern,BY,Landkreis Forchheim,9474.0,"(49.769, 11.3384)",107079.0,446483.7,256394.8,239479.4,256501.5,383850.7,389114.2,147324.0,474134.3,455236.9,507274.8,155710.1,443919.2,345348.3,483135.4,291395.5
7117,91330,49.7696,11.057,Bayern,BY,Landkreis Forchheim,9474.0,"(49.7696, 11.057)",83750.5,423704.9,286792.6,216150.9,263097.8,414248.5,371989.9,154613.5,450805.8,431908.4,483946.3,162306.4,420590.7,322569.5,460356.6,268616.8
7118,91332,49.863,11.1719,Bayern,BY,Bamberg,9471.0,"(49.863, 11.1719)",101442.2,424393.8,259776.7,249360.0,283896.3,387232.6,389681.5,175412.0,468497.4,449600.1,530448.9,183104.8,438282.4,323258.4,461045.5,269305.7
7119,91334,49.6833,10.9333,Bayern,BY,Landkreis Erlangen-Höchstadt,9572.0,"(49.6833, 10.9333)",73015.6,442749.5,305837.2,205416.0,224666.5,433293.1,361254.9,147958.6,440070.8,421173.5,473211.3,155651.5,409855.8,341614.1,446600.1,287661.4
7120,91336,49.6934,10.9988,Bayern,BY,Landkreis Forchheim,9474.0,"(49.6934, 10.9988)",74929.1,436887.1,299974.8,207329.5,226580.0,427430.7,363168.4,150836.4,441984.3,423087.0,475124.8,158529.2,411769.3,335751.7,448513.6,281799.0
