,zipcode,lat,long,state,state_code,community_name,community_code,coor,AKB Kitzingen,AKB Dortmund,AKB Zörbig,AKB Schöneck,AKB Buch,Mosolf Etzin,Mosolf Kippenheim,BLG Kelheim,BLG Duisburg,BLG Neuss,Carservice Erkens,ARS Altmann Wolnzach,CAT Zülpich,Autohaus Siebrecht,Neu: FleetParQ Essen ,Neu: FleetParQ Kassel
2378,33775,52.0401,8.1527,Nordrhein-Westfalen,NW,Gütersloh,5754.0,"(52.0401, 8.1527)",359694.0,92272.1,367300.8,337577.6,554624.6,403832.3,563460.5,565454.0,155858.3,163128.5,182832.4,573146.9,209717.1,151912.4,122912.4,157268.4
2379,33790,52.0601,8.3608,Nordrhein-Westfalen,NW,Gütersloh,5754.0,"(52.0601, 8.3608)",345822.6,120586.3,353429.5,323706.2,540753.2,389961.0,549589.2,551582.6,184172.5,191442.7,211146.6,559275.5,238031.3,138041.0,151226.6,143397.0
2380,33803,52.0,8.4,Nordrhein-Westfalen,NW,Gütersloh,5754.0,"(52.0, 8.4)",338163.7,112927.3,345770.5,316047.3,533094.3,382302.0,541930.2,543923.7,176513.5,183783.7,203487.6,551616.5,230372.3,130382.1,143567.6,135738.0
2381,33813,51.9545,8.6622,Nordrhein-Westfalen,NW,Lippe,5766.0,"(51.9545, 8.6622)",323288.9,110013.7,330622.8,301172.5,518219.4,367154.4,527055.4,529048.9,173599.9,180870.2,200574.0,536741.7,227458.7,115507.3,140654.1,120863.2
2382,33818,52.0125,8.6983,Nordrhein-Westfalen,NW,Lippe,5766.0,"(52.0125, 8.6983)",330529.0,115488.6,322320.6,308412.6,525459.5,358852.1,534295.5,536289.0,179074.8,186345.0,206048.9,543981.8,232933.6,103398.5,146128.9,128103.3
2383,33824,52.0777,8.4179,Nordrhein-Westfalen,NW,Gütersloh,5754.0,"(52.0777, 8.4179)",347913.7,122677.3,333888.4,325797.3,542844.2,370419.9,551680.2,553673.6,186263.5,193533.7,213237.6,561366.5,240122.3,140132.1,153317.6,145488.0
2384,33829,52.1034,8.3021,Nordrhein-Westfalen,NW,Gütersloh,5754.0,"(52.1034, 8.3021)",356604.9,131368.5,345381.2,334488.5,551535.5,381912.7,560371.4,562364.9,194954.7,202224.9,221928.8,570057.7,248813.5,148823.3,162008.9,154179.3
2385,34117,51.3166,9.4912,Hessen,HE,"Kassel, documenta-Stadt",6611.0,"(51.3166, 9.4912)",216080.5,168173.7,235427.1,193964.1,411011.0,353584.8,419847.0,421840.4,247254.8,236126.8,274228.9,429533.3,282715.3,55536.1,204825.5,4745.9
2386,34119,51.3152,9.4647,Hessen,HE,"Kassel, documenta-Stadt",6611.0,"(51.3152, 9.4647)",216456.5,168097.9,237287.3,194340.1,411387.1,355445.0,420223.0,422216.5,247179.0,236050.9,274153.1,429909.4,282639.5,55561.2,204749.7,6606.1
2387,34121,51.3056,9.4652,Hessen,HE,"Kassel, documenta-Stadt",6611.0,"(51.3056, 9.4652)",215603.4,167244.7,241522.4,193487.0,410533.9,359680.0,419369.9,421363.3,246325.8,235197.8,273299.9,429056.2,281786.3,57391.0,203896.5,7079.3
2388,34123,51.2988,9.5297,Hessen,HE,"Kassel, documenta-Stadt",6611.0,"(51.2988, 9.5297)",214239.1,168451.9,235634.6,192122.7,409169.6,353792.3,418005.6,419999.1,247533.0,236405.0,274507.1,427691.9,282993.5,58170.8,205103.7,0.0
2389,34125,51.3195,9.5163,Hessen,HE,"Kassel, documenta-Stadt",6611.0,"(51.3195, 9.5163)",216825.7,169366.0,233658.9,194709.3,411756.2,351816.5,420592.2,422585.7,248447.1,237319.0,275421.2,430278.5,283907.6,51903.4,206017.8,3818.6
2390,34127,51.3355,9.4913,Hessen,HE,"Kassel, documenta-Stadt",6611.0,"(51.3355, 9.4913)",219634.3,160173.3,236467.5,197517.9,414564.8,354625.1,423400.8,425394.3,239254.4,228126.3,266228.4,433087.1,274714.9,52536.0,196825.0,6230.3
2391,34128,51.336,9.4457,Hessen,HE,"Kassel, documenta-Stadt",6611.0,"(51.336, 9.4457)",220088.8,160609.5,239235.5,197972.4,415019.3,357393.2,423855.3,425848.7,239690.6,228562.6,266664.7,433541.6,275151.1,52662.4,197261.3,8754.2
2392,34130,51.3247,9.4466,Hessen,HE,"Kassel, documenta-Stadt",6611.0,"(51.3247, 9.4466)",218499.0,161662.2,238611.9,196382.6,413429.6,356769.5,422265.6,424259.0,240743.3,229615.3,267717.4,431951.9,276203.8,53715.2,198314.0,7930.6
2393,34131,51.3173,9.4227,Hessen,HE,"Kassel, documenta-Stadt",6611.0,"(51.3173, 9.4227)",221075.7,162146.1,240230.8,198959.3,416006.3,358388.4,424842.2,426835.7,241227.2,230099.1,268201.2,434528.6,276687.7,56914.1,198797.8,9549.5
2394,34132,51.3167,9.5,Hessen,HE,"Kassel, documenta-Stadt",6611.0,"(51.3167, 9.5)",215108.4,167927.5,234455.1,192992.0,410039.0,352612.7,418874.9,420868.4,247008.6,235880.5,273982.7,428561.3,282469.1,54984.6,204579.3,3773.8
2395,34134,51.2878,9.4705,Hessen,HE,"Kassel, documenta-Stadt",6611.0,"(51.2878, 9.4705)",213694.4,163921.4,239613.4,191578.0,408625.0,357771.1,417460.9,419454.4,243002.5,231874.4,269976.6,427147.3,278463.0,66137.1,200573.2,6578.2
2396,34212,51.1303,9.5524,Hessen,HE,Schwalm-Eder-Kreis,6634.0,"(51.1303, 9.5524)",194072.5,187697.3,260038.2,171956.1,389003.1,378195.8,397839.0,399832.5,266778.4,255650.3,293752.4,407525.3,302238.9,86561.9,224349.0,32609.2
2397,34225,51.2518,9.4075,Hessen,HE,Kassel,6633.0,"(51.2518, 9.4075)",207236.8,160793.1,246730.6,185120.4,402167.4,364888.2,411003.3,412996.8,239874.2,228746.2,266848.3,420689.6,275334.7,73254.3,197444.9,13695.3
2398,34233,51.3484,9.5256,Hessen,HE,Kassel,6633.0,"(51.3484, 9.5256)",220076.3,172616.7,236909.5,197959.9,415006.9,355067.2,423842.9,425836.3,251697.8,240569.7,278671.8,433529.2,287158.3,47942.0,209268.4,7069.2
2399,34246,51.3581,9.4797,Hessen,HE,Kassel,6633.0,"(51.3581, 9.4797)",222243.8,157783.4,239077.0,200127.4,417174.4,357234.7,426010.4,428003.8,236864.5,225736.5,263838.6,435696.7,272325.0,50146.1,194435.2,8839.9
2400,34253,51.2667,9.5333,Hessen,HE,Kassel,6633.0,"(51.2667, 9.5333)",211630.3,169447.7,238170.4,189513.9,406560.8,356328.0,415396.8,417390.3,248528.8,237400.8,275502.9,425083.1,283989.3,64694.1,206099.5,6520.0
2401,34260,51.2811,9.6186,Hessen,HE,Kassel,6633.0,"(51.2811, 9.6186)",216116.9,176105.4,236619.1,194000.5,411047.5,354776.7,419883.5,421876.9,255186.5,244058.4,282160.5,429569.8,290647.0,63142.8,212757.1,9534.8
2402,34266,51.3083,9.5669,Hessen,HE,Kassel,6633.0,"(51.3083, 9.5669)",212788.7,172777.1,230363.9,190672.3,407719.2,348521.6,416555.2,418548.6,251858.2,240730.2,278832.3,426241.5,287318.7,56887.6,209428.9,6437.2
2403,34270,51.2856,9.2717,Hessen,HE,Kassel,6633.0,"(51.2856, 9.2717)",225561.3,155352.8,255855.5,203444.9,420491.8,374013.2,429327.8,431321.3,234433.9,223305.8,261408.0,439014.1,269894.4,63855.5,192004.6,23135.6
2404,34277,51.2667,9.4833,Hessen,HE,Kassel,6633.0,"(51.2667, 9.4833)",213798.4,163420.5,242775.5,191682.0,408729.0,360933.1,417564.9,419558.4,242501.6,231373.5,269475.7,427251.2,277962.1,69299.2,200072.3,9740.2
2405,34281,51.1771,9.3675,Hessen,HE,Schwalm-Eder-Kreis,6634.0,"(51.1771, 9.3675)",202878.4,171908.1,253878.3,167792.2,397809.0,372036.0,393675.1,408638.4,250989.2,239861.1,277963.3,416331.2,286449.7,80402.0,208559.9,20843.1
2406,34286,51.1164,9.6627,Hessen,HE,Schwalm-Eder-Kreis,6634.0,"(51.1164, 9.6627)",199575.8,199998.8,236805.1,177459.4,394506.4,367343.4,403342.3,405335.8,279079.9,267951.8,306054.0,413028.7,314540.4,98863.4,236650.6,44910.7
2407,34289,51.3695,9.3016,Hessen,HE,Kassel,6633.0,"(51.3695, 9.3016)",232000.5,143977.5,262294.8,209884.1,426931.1,380452.4,435767.0,437760.5,223058.6,211930.6,250032.7,445453.4,258519.1,51830.1,180629.3,29574.9
2408,34292,51.35,9.3833,Hessen,HE,Kassel,6633.0,"(51.35, 9.3833)",234192.2,155951.6,246059.5,212075.8,429122.8,364217.1,437958.7,439952.2,235032.7,223904.6,262006.8,447645.0,270493.2,54409.6,192603.4,15578.2
2409,34295,51.2125,9.4208,Hessen,HE,Schwalm-Eder-Kreis,6634.0,"(51.2125, 9.4208)",202945.0,166252.7,248154.9,180828.6,397875.5,366312.6,406711.5,408704.9,245333.8,234205.7,272307.8,416397.8,280794.3,74678.6,202904.4,15187.6
2410,34298,51.2598,9.6887,Hessen,HE,Kassel,6633.0,"(51.2598, 9.6887)",222543.3,182531.8,224265.4,200426.9,417473.9,361203.2,426309.9,428303.3,261612.9,250484.8,288587.0,435996.2,297073.4,69569.2,219183.6,15961.3
2411,34302,51.2,9.4833,Hessen,HE,Schwalm-Eder-Kreis,6634.0,"(51.2, 9.4833)",200307.8,173541.1,245882.0,178191.4,395238.4,364039.6,404074.3,406067.8,252622.1,241494.1,279596.2,413760.7,288082.7,72405.7,210192.8,18452.9
2412,34305,51.2334,9.3103,Hessen,HE,Schwalm-Eder-Kreis,6634.0,"(51.2334, 9.3103)",214898.8,159441.4,259341.4,176292.8,409829.4,377499.1,402175.7,420658.8,238522.5,227394.4,265496.5,428351.7,273983.0,68981.1,196093.1,26621.5
2413,34308,51.2333,9.25,Hessen,HE,Kassel,6633.0,"(51.2333, 9.25)",215708.8,159094.5,268148.2,172741.9,410639.4,386305.8,398624.8,421468.8,238175.6,227047.5,265149.7,429161.6,273636.1,78051.3,195746.3,35428.3
2414,34311,51.2482,9.1657,Hessen,HE,Kassel,6633.0,"(51.2482, 9.1657)",221713.1,152903.9,269674.1,178746.2,416643.7,387831.8,404629.2,427473.1,231985.0,220856.9,258959.1,435166.0,267445.5,69946.8,189555.7,36954.2
2415,34314,51.3966,9.4702,Hessen,HE,Kassel,6633.0,"(51.3966, 9.4702)",228856.0,156583.4,232414.7,206739.6,423786.6,355187.7,432622.5,434616.0,235664.5,224536.5,262638.6,442308.8,271125.0,42815.8,193235.2,15452.0
2416,34317,51.3285,9.3392,Hessen,HE,Kassel,6633.0,"(51.3285, 9.3392)",233363.6,155123.0,263657.9,211247.2,428294.2,381815.5,437130.1,439123.6,234204.1,223076.1,261178.2,446816.5,269664.6,61468.7,191774.8,20544.6
2417,34320,51.2056,9.5778,Hessen,HE,Kassel,6633.0,"(51.2056, 9.5778)",212160.7,183812.9,246763.5,190044.3,407091.3,364921.2,415927.3,417920.7,262894.0,251765.9,289868.1,425613.6,298354.5,73287.2,220464.6,15804.8
2418,34323,51.0908,9.5389,Hessen,HE,Schwalm-Eder-Kreis,6634.0,"(51.0908, 9.5389)",189688.6,190111.6,262452.5,167572.2,384619.2,380610.2,393455.2,395448.6,269192.7,258064.7,296166.8,403141.5,304653.2,88976.2,226763.4,35023.5
2419,34326,51.05,9.6,Hessen,HE,Schwalm-Eder-Kreis,6634.0,"(51.05, 9.6)",189833.6,202161.5,274502.4,167717.2,384764.2,392660.1,393600.1,395593.6,281242.6,270114.5,308216.7,403286.5,316703.1,101026.1,238813.3,47073.4
2420,34327,51.1667,9.5167,Hessen,HE,Schwalm-Eder-Kreis,6634.0,"(51.1667, 9.5167)",204781.8,178015.0,250356.0,182665.4,399712.4,368513.6,408548.3,410541.8,257096.1,245968.1,284070.2,418234.6,292556.6,76879.6,214666.8,22926.9
2421,34329,51.3167,9.6667,Hessen,HE,Kassel,6633.0,"(51.3167, 9.6667)",221265.6,181254.0,220725.1,199149.2,416196.1,349566.5,425032.1,427025.6,260335.1,249207.1,287309.2,434718.4,295795.6,57601.9,217905.8,14914.1
2422,34346,51.4151,9.6505,Niedersachsen,NI,Landkreis Göttingen,3159.0,"(51.4151, 9.6505)",231272.2,191260.6,215249.8,209155.8,426202.8,338022.8,435038.7,437032.2,270341.7,259213.7,297315.8,444725.0,305802.2,38911.5,227912.4,25193.8
2423,34355,51.35,9.6333,Niedersachsen,NI,Landkreis Göttingen,3159.0,"(51.35, 9.6333)",224693.5,184681.9,224291.1,202577.1,419624.1,342448.8,428460.0,430453.5,263763.0,252635.0,290737.1,438146.3,299223.5,50484.2,221333.7,18615.1
2424,34359,51.4917,9.6083,Hessen,HE,Kassel,6633.0,"(51.4917, 9.6083)",241966.8,168817.2,225517.9,219850.4,436897.4,334836.0,445733.4,447726.8,247898.3,236770.2,274872.3,455419.7,283358.8,27443.3,205468.9,35888.5
2425,34369,51.4961,9.385,Hessen,HE,Kassel,6633.0,"(51.4961, 9.385)",240687.6,148823.2,243556.5,218571.2,435618.1,351696.1,444454.1,446447.5,227904.3,216776.2,254878.3,454140.4,263364.8,32029.5,185474.9,27283.6
2426,34376,51.4429,9.5231,Hessen,HE,Kassel,6633.0,"(51.4429, 9.5231)",232831.3,164069.9,229745.4,210714.9,427761.9,345101.8,436597.8,438591.3,243151.0,232023.0,270125.1,446284.1,278611.5,37709.0,200721.7,19824.2
2427,34379,51.4094,9.4019,Hessen,HE,Kassel,6633.0,"(51.4094, 9.4019)",230103.1,149257.2,246936.3,207986.7,425033.7,365094.0,433869.6,435863.1,228338.3,217210.2,255312.3,443556.0,263798.8,44056.5,185908.9,16699.1
2428,34385,51.6426,9.4548,Hessen,HE,Kassel,6633.0,"(51.6426, 9.4548)",265895.3,163183.9,250872.2,243778.9,460825.9,343688.8,469661.9,471655.3,242265.0,231136.9,269239.1,479348.2,277725.5,20401.7,199835.7,52491.3
2429,34388,51.5741,9.4209,Hessen,HE,Kassel,6633.0,"(51.5741, 9.4209)",251407.3,153868.2,250741.7,229290.9,446337.9,343558.4,455173.8,457167.3,232949.3,221821.2,259923.3,464860.2,268409.8,23891.8,190519.9,38003.3
2430,34393,51.4465,9.4125,Hessen,HE,Kassel,6633.0,"(51.4465, 9.4125)",234874.7,151427.3,236220.7,212758.3,429805.2,351434.7,438641.2,440634.7,230508.4,219380.3,257482.4,448327.5,265968.9,37565.8,188079.0,21470.7
2431,34396,51.497,9.2821,Hessen,HE,Kassel,6633.0,"(51.497, 9.2821)",254500.9,142372.9,251370.8,232384.5,449431.5,359156.0,458267.5,460260.9,221454.0,210325.9,248428.1,467953.8,256914.5,39489.4,179024.7,33235.7
2432,34399,51.5833,9.5667,Hessen,HE,Kassel,6633.0,"(51.5833, 9.5667)",256606.6,174482.5,241305.3,234490.2,451537.2,334122.0,460373.1,462366.6,253563.6,242435.6,280537.7,470059.5,289024.1,19793.0,211134.3,42804.5
2433,34414,51.4901,9.1464,Nordrhein-Westfalen,NW,Höxter,5762.0,"(51.4901, 9.1464)",252722.1,128334.3,283016.4,230605.7,447652.7,401174.0,456488.7,458482.1,207415.4,196287.4,234389.5,466175.0,242875.9,50281.8,164986.1,50296.5
2434,34431,51.4617,8.8495,Nordrhein-Westfalen,NW,Hochsauerlandkreis,5958.0,"(51.4617, 8.8495)",268521.3,115237.1,298815.5,246404.9,463451.9,438328.6,472287.8,474281.3,194318.2,183190.1,221292.2,481974.1,229778.7,75890.8,151888.8,66095.7
2435,34434,51.5692,9.2411,Nordrhein-Westfalen,NW,Höxter,5762.0,"(51.5692, 9.2411)",264462.9,140075.2,264806.6,242346.5,459393.5,357623.3,468229.5,470222.9,219156.3,208028.2,246130.3,477915.8,254616.8,37956.7,176726.9,62037.3
2436,34439,51.6256,9.0369,Nordrhein-Westfalen,NW,Höxter,5762.0,"(51.6256, 9.0369)",271844.5,123915.1,302138.8,249728.1,466775.1,430796.1,475611.1,477604.5,202996.2,191868.1,229970.3,485297.4,238456.7,54989.0,160566.9,69418.9
2437,34454,51.3798,9.0145,Hessen,HE,Landkreis Waldeck-Frankenberg,6635.0,"(51.3798, 9.0145)",250412.3,129864.3,280706.6,178453.2,445342.9,398864.3,404042.8,456172.3,208945.4,197817.3,235919.4,463865.2,244405.9,63848.6,166516.0,47986.7
2438,34466,51.3261,9.1702,Hessen,HE,Kassel,6633.0,"(51.3261, 9.1702)",236098.6,142981.8,266392.9,213982.2,431029.2,384550.5,439865.1,441858.6,222062.9,210934.8,249037.0,449551.5,257523.4,60024.7,179633.6,33673.0
2439,34471,51.409,9.1181,Hessen,HE,Landkreis Waldeck-Frankenberg,6635.0,"(51.409, 9.1181)",244895.9,128866.0,275190.2,222779.5,439826.5,393347.8,448662.4,450655.9,207947.1,196819.0,234921.2,458348.8,243407.6,54809.4,165517.8,42470.3
2440,34474,51.4878,9.0079,Hessen,HE,Landkreis Waldeck-Frankenberg,6635.0,"(51.4878, 9.0079)",256241.3,116961.3,286535.6,234124.9,451171.9,404693.3,460007.9,462001.3,196042.4,184914.4,223016.5,469694.2,231502.9,63610.9,153613.1,53815.7
2441,34477,51.3214,8.9548,Hessen,HE,Landkreis Waldeck-Frankenberg,6635.0,"(51.3214, 8.9548)",256072.4,138257.2,286366.6,170949.9,451002.9,404524.3,396539.5,461832.3,217338.3,206210.3,244312.4,469525.2,252798.8,73479.7,174909.0,53646.7
2442,34479,51.4157,9.185,Hessen,HE,Kassel,6633.0,"(51.4157, 9.185)",239306.2,134225.9,269600.5,217189.8,434236.8,387758.1,443072.7,445066.2,213307.0,202178.9,240281.0,452759.1,248767.5,49399.6,170877.6,36880.6
2443,34497,51.2756,8.873,Hessen,HE,Landkreis Waldeck-Frankenberg,6635.0,"(51.2756, 8.873)",262909.3,146823.6,293203.5,157306.0,457839.8,411361.2,382895.6,468669.3,225904.7,214776.7,252878.8,476362.1,261365.2,82046.1,183475.4,60483.6
2444,34508,51.3,8.6167,Hessen,HE,Landkreis Waldeck-Frankenberg,6635.0,"(51.3, 8.6167)",286119.9,109860.2,316414.1,170163.3,481050.4,457280.4,395752.9,491879.9,188941.3,177813.2,215915.3,499572.7,224401.8,104607.7,146511.9,83694.2
2445,34513,51.2062,9.0629,Hessen,HE,Landkreis Waldeck-Frankenberg,6635.0,"(51.2062, 9.0629)",219295.9,157466.6,285298.3,162742.5,414226.5,403456.0,388332.1,425055.9,236547.7,225419.6,263521.8,432748.8,272008.2,85701.2,194118.4,49172.9
2446,34516,51.1815,8.8878,Hessen,HE,Landkreis Waldeck-Frankenberg,6635.0,"(51.1815, 8.8878)",269515.6,139971.5,296920.3,145189.8,464446.2,415078.0,370779.4,472386.0,219052.6,207924.5,246026.7,480078.9,240573.7,97323.2,176623.3,64200.4
2447,34519,51.3667,8.8,Hessen,HE,Landkreis Waldeck-Frankenberg,6635.0,"(51.3667, 8.8)",266901.9,126907.3,297196.2,170623.1,461832.5,449721.1,396212.7,472661.9,205988.4,194860.3,232962.4,480354.7,241448.9,80338.1,163559.0,64476.3
2448,34537,51.1196,9.1247,Hessen,HE,Landkreis Waldeck-Frankenberg,6635.0,"(51.1196, 9.1247)",208980.1,168268.8,275368.7,147026.1,403910.7,393526.4,372615.7,414740.1,247349.9,236221.8,274324.0,422433.0,253154.5,101892.4,204920.6,42333.5
2449,34549,51.159,9.0923,Hessen,HE,Landkreis Waldeck-Frankenberg,6635.0,"(51.159, 9.0923)",213824.0,162720.5,277478.7,155752.1,408754.6,395636.3,381341.6,419584.0,241801.6,230673.5,268775.6,427276.9,277262.1,90955.1,199372.2,44443.4
2450,34560,51.1318,9.2756,Hessen,HE,Schwalm-Eder-Kreis,6634.0,"(51.1318, 9.2756)",200056.3,180737.8,262708.1,159166.5,394986.9,380865.7,385049.4,405816.3,259818.9,248690.9,286793.0,413509.2,295279.4,89231.8,217389.6,29672.8
2451,34576,51.0333,9.4,Hessen,HE,Schwalm-Eder-Kreis,6634.0,"(51.0333, 9.4)",182313.2,196175.1,267384.2,160196.8,377243.7,385541.9,386079.7,388073.1,275256.2,264128.1,302230.2,395766.0,310716.7,93907.9,232826.8,39955.2
2452,34582,51.0638,9.22,Hessen,HE,Schwalm-Eder-Kreis,6634.0,"(51.0638, 9.22)",202590.9,190328.3,272298.6,150366.1,397521.5,390456.2,376249.0,408350.9,269409.4,258281.4,296383.5,416043.7,304869.9,98822.3,226980.1,39263.3
2453,34587,51.1376,9.4214,Hessen,HE,Schwalm-Eder-Kreis,6634.0,"(51.1376, 9.4214)",194236.3,177289.7,258439.2,172119.9,389166.9,376596.9,398002.9,399996.3,256370.8,245242.8,283344.9,407689.2,291831.3,84962.9,213941.5,31010.2
2454,34590,51.1,9.35,Hessen,HE,Schwalm-Eder-Kreis,6634.0,"(51.1, 9.35)",191562.4,180090.4,265453.8,151386.1,386493.0,383611.5,377269.0,397322.4,259171.4,248043.4,286145.5,405015.3,294632.0,91977.5,216742.1,29025.3
2455,34593,50.9771,9.4865,Hessen,HE,Schwalm-Eder-Kreis,6634.0,"(50.9771, 9.4865)",173585.4,202306.3,274647.2,151469.0,368515.9,392804.9,377351.9,379345.3,281387.4,270259.4,308361.5,387038.2,307831.2,101170.9,238958.1,47218.2
2456,34596,51.05,9.1833,Hessen,HE,Schwalm-Eder-Kreis,6634.0,"(51.05, 9.1833)",206471.9,194209.4,276179.6,139535.5,401402.5,394337.2,365125.1,412231.9,273290.5,262162.4,300264.5,419924.7,256925.7,102703.3,230861.1,43144.3
2457,34599,51.0,9.2167,Hessen,HE,Schwalm-Eder-Kreis,6634.0,"(51.0, 9.2167)",200371.7,199515.0,281485.2,140124.3,395302.3,399642.9,366007.2,406131.7,278596.1,267468.0,305570.2,413824.6,285204.5,108008.9,236166.8,48450.0
2458,34613,50.9333,9.2167,Hessen,HE,Schwalm-Eder-Kreis,6634.0,"(50.9333, 9.2167)",190865.8,207070.1,289040.3,131150.8,385796.4,407198.0,357033.7,396625.8,286151.2,275023.2,313125.3,404318.6,287513.0,115564.0,243721.9,56005.1
2459,34621,50.9707,9.3227,Hessen,HE,Schwalm-Eder-Kreis,6634.0,"(50.9707, 9.3227)",190830.7,202693.7,283682.5,135766.0,385761.3,401840.1,361649.0,396590.7,281774.8,270646.7,308748.9,404283.5,292128.3,110206.1,239345.5,56253.4
